291.602
479.735
215.947
191.674
206.432
188.682
189.151
187.923
187.064
206.834
185.565
180.934
180.923
179.279
203.514
189.704
188.549
184.95
189.025
210.741
193.003
189.073
189.565
189.96
204.946
190.47
193.533
188.071
192.219
199.62
227.241
223.986
166.207
160.988
209.815
174.832
164.894
232.089
229.266
216.601
215.301
214.155
214.797
239.003
212.934
208.35
213.269
233.071
213.407
213.406
222.644
262.72
226.544
4892.95
513.729
345.952
295.601
265.362
357.838
299.038
278.798
307.752
289.411
290.838
213.351
235.424
203.221
200.913
199.563
212.664
199.886
202.062
197.622
224.201
262.875
234.84
220.916
220.801
237.517
220.582
222.147
221.133
237.629
223.638
215.705
220.147
229.506
217.647
217.713
216.949
252.368
230.82
218.753
219.294
219.608
236.721
239.912
222.859
224.367
238.021
217.323
222.775
221.563
233.821
222.632
220.227
223.626
222.308
220.532
220.161
216.244
222.97
229.239
250.144
234.816
243.52
263.78
247.344
249.933
258.67
244.489
249.004
3591.59
355.955
217.869
226.585
212.071
212.481
209.765
212.144
213.383
211.466
209.227
210.387
224.612
210.546
208.552
212.898
211.417
245.587
236.667
234.26
236.796
246.053
232.77
232.102
250.661
271.157
251.368
262.799
280.375
262.463
239.482
242.32
277.677
252.459
248.288
245.969
260.265
238.745
245.665
244.004
261.257
245.351
243.215
254.113
234.845
233.581
233.367
280.175
223.219
213.265
213.749
214.393
218.393
212.523
212.558
210.784
231.794
211.422
211.797
211.847
225.504
211.001
252.892
237.109
234.591
214.021
213.797
210.26
214.266
223.518
210.954
208.715
209.395
231.223
216.064
209.211
211.556
208.486
222.226
212.176
212.318
209.353
223.815
208.158
210.273
210.968
205.154
228.122
220.618
216.742
209.244
232.051
209.361
207.767
216.486
218.006
213.92
217.175
221.325
207.556
211.668
209.839
200.525
199.375
230.233
212.597
208.961
214.333
192.365
226.906
255.827
239.241
245.551
257.762
227.989
221.9
207.876
232.231
210.114
234.81
239.179
224.153
211.857
213.928
220.537
250.542
276.014
239.137
234.416
246.486
220.577
207.545
238.023
370.914
234.877
209.623
202.39
207.873
195.235
196.209
196.178
194.461
235.461
211.902
202.622
247.431
217.702
204.189
201.286
211.057
210.122
225.372
208.865
208.266
209.16
220.825
203.527
202.455
198.916
199.455
236.281
207.902
209.476
207.049
225.099
209.379
208.42
207.325
209.602
218.609
265.009
214.155
207.304
212.165
201.005
211.174
207.676
217.674
256.694
258.833
243.145
270.349
248.899
257.6
254.383
267.144
259.734
255.712
261.296
257.389
278.959
270.147
291.535
272.347
298.771
290.017
305.004
305.9
396.072
590.247
351.843
348.562
332.49
369.181
368.533
345.642
342.334
272.628
254.137
253.371
229.936
230.266
224.079
240.546
235.207
229.348
227.382
225.928
232.943
228.622
230.146
228.308
316.526
225.9
222.911
245.596
250.783
243.83
237.145
260.902
241.182
214.269
222.288
236.721
224.85
224.029
222.923
270.086
250.389
244.425
247.331
311.178
258.592
258.352
253.768
210.79
207.605
231.398
213.717
223.098
210.627
208.547
297.116
234.653
215.495
215.064
218.829
222.315
217.674
434.24
246.517
223.103
221.701
218.675
229.494
224.598
211.578
217.843
217.115
243.746
216.775
215.716
213.817
225.31
226.257
224.805
224.089
243.244
221.413
183.828
185.601
174.549
183.467
171.878
171.178
171.889
171.945
182.368
174.543
172.521
170.712
172.37
170.862
184.474
170.951
172.209
172.277
171.839
182.423
173.512
171.61
173.961
169.118
186.63
171.057
171.304
168.773
170.335
323.305
178.691
172.825
174.305
173.232
185.844
174.839
172.32
174.032
173.578
171.896
195.224
174.176
174.038
173.49
174.139
183.429
174.035
187.001
186.98
185.422
201.617
187.168
185.232
184.489
183.909
200.57
183.629
184.725
183.935
183.247
235.088
230.193
207.536
203.401
215.653
205.92
203.081
202.29
200.188
213.643
203.35
201.768
202.808
202.423
225.795
202.887
201.133
201.311
215.009
203.756
200.235
202.214
216.367
412.186
201.454
192.33
191.147
202.189
189.853
190.882
189.488
190.387
195.443
192.168
195.232
192.285
201.626
205.996
215.756
227.866
214.281
226.889
203.728
264.227
190.561
214.366
190.261
185.743
185.139
182.834
206.568
190.044
185.543
184.016
184.759
218.654
231.039
226.333
226.755
209.167
219.524
219.099
232.723
187.325
251.117
237.438
234.967
192.663
256.211
234.36
235.187
189.779
218.497
225.879
221.496
211.917
215.844
244.847
246.56
208.686
213.708
213.406
210.431
207.94
205.039
217.016
207.457
206.137
207.67
221.99
209.785
233.718
215.028
207.065
214.797
204.625
204.58
204.357
217.978
206.383
203.398
204.462
205.194
220.131
206.663
205.331
205.518
204.516
206.15
205.09
208.805
199.004
214.739
199.79
199.338
197.538
198.089
223.443
202.42
198.939
198.778
207.746
202.221
198.023
197.181
198.902
215.87
197.812
199.102
197.93
199.455
209.141
200.535
199.68
200.875
198.026
209.451
199.193
199.707
196.91
210.161
201.082
198.134
199.212
200.499
217.178
202.243
237.013
209.184
219.491
207.443
226.64
249.846
256.609
261.849
266.123
269.708
286.606
272.144
258.577
274.17
275.653
263.927
244.749
252.382
237.33
249.644
233.04
214.781
226.397
216.299
207.84
203.901
217.792
211.061
201.915
206.094
228.398
209.214
205.536
207.72
203.302
215.867
209.916
206.259
205.469
224.469
196.766
193.146
185.699
179.06
201.203
188.295
184.27
184.405
183.603
197.232
187.166
192
185.064
182.998
204.315
187.96
183.525
183.674
185.157
200.064
178.903
178.047
176.853
177.07
190.012
186.173
184.05
182.197
181.44
193.728
185.343
183.656
180.335
231.399
217.562
202.58
196.48
197.527
195.963
207.96
196.823
196.902
197.036
202.069
217.027
198.541
198.033
197.792
211.749
200.254
199.093
196.626
196.81
213.568
214.323
197.641
197.803
175.91
185.184
171.027
168.384
169.455
167.036
188.656
177.358
170.854
171.193
170.537
169.083
194.949
168.9
171.968
169.274
168.759
183.582
171.731
167.957
171.035
169.766
182.471
173.322
169.662
169.277
171.713
168.804
193.007
171.379
169.873
168.56
170.868
180.675
171.683
170.601
170.937
170.461
171.078
178.42
170.784
169.444
170.136
169.203
179.268
169.477
174.738
169.565
168.709
170.149
172.541
168.922
179.025
171.843
171.129
182.136
169.104
167.84
167.459
175.617
231.533
185.484
177.862
175.507
175.58
192.636
178.939
174.687
177.518
174.464
176.025
178.645
176.393
176.429
176.937
175.045
193.842
177.415
176.645
174.767
176.443
190.198
181.654
181.749
177.006
175.021
188.014
175.761
176.499
176.33
176.178
188.862
208.505
191.151
189.108
187.954
203.397
190.798
190.386
187.259
187.764
200.39
188.523
188.161
188.324
188.466
208.082
188.832
189.337
187.464
187.573
200.198
189.611
188.994
187.329
187.767
210.718
187.56
188.9
186.925
187.86
191.962
189.173
186.162
189.19
197.665
190.83
186.892
187.71
187.642
189.755
188.963
186.824
186.219
188.456
196.79
188.81
188.312
187.446
186.938
197.638
220.447
219.364
212.796
234.528
254.372
198.329
190.473
189.634
210.43
189.838
187.311
191.071
189.769
203.055
190.724
189.721
189.607
190.328
203.536
190.747
190.787
190.758
188.03
207.519
190.496
196.016
190.245
188.959
201.44
190.253
187.733
188.905
188.01
206.309
189.871
189.45
190.159
205.08
193.032
190.365
187.654
189.778
199.475
190.604
190.292
188.491
187.804
206.873
209.781
270.094
275.128
279.168
248.632
238.276
206.728
218.66
199.39
199.023
197.3
199.983
213.102
223.683
197.288
202.743
197.284
187.149
184.601
184.156
185.284
196.87
186.866
185.745
185.722
185.685
196.509
185.748
193.104
230.543
196.631
206.388
188.909
188.352
185.895
189.937
210.431
195.658
189.742
190.569
190.024
200.576
188.048
188.77
189.786
189.041
194.418
189.815
189.365
188.695
200.864
190.718
188.848
188.419
187.641
204.316
191.699
189.717
189.38
189.067
200.354
190.485
188.382
189.471
187.183
202.043
189.927
189.233
189.907
188.223
204.412
190.344
189.886
189.242
187.243
212.263
191.894
190.524
188.548
189.725
200.711
189.111
188.302
188.566
188.972
193.352
189.681
188.794
189.177
198.623
190.382
189.295
188.492
189.309
199.828
193.087
188.935
194.558
188.497
203.341
191.982
188.875
188.335
189.091
203.053
189.652
186.118
220.003
212.279
205.105
191.038
188.963
188.437
189.811
203.988
189.043
189.738
188.448
187.546
192.959
189.514
189.441
188.287
201.68
194.83
191.031
190.205
189.534
192.554
190.476
188.262
190.099
189.844
203.619
191.752
189.187
189.037
189.858
248.478
240.845
210.201
207.142
219.694
207.447
205.385
207.101
205.274
217.502
205.321
206.866
205.635
214.246
205.25
204.836
204.803
216.9
208.176
210.518
187.881
208.178
206.637
201.701
198.376
199.527
200.576
209.298
181.191
176.859
176.822
177.755
183.9
175.379
235.473
274.26
200.603
180.766
180.414
180.725
179.974
196.225
180.992
179.96
179.972
186.19
238.427
201.298
191.49
190.947
192.125
208.98
192.264
191.62
191.773
191.004
209.304
191.479
192.956
192.068
201.58
192.527
192.967
191.569
190.414
205.668
194.077
192.27
192.379
190.515
200.628
192.396
191.386
191.178
192.837
213.888
196.017
192.242
191.834
197.231
196.889
186.408
189.02
187.493
186.13
194.007
188.739
187.848
186.775
186.757
203.493
187.975
187.44
186.938
186.026
200.666
187.379
187.509
189.555
187.759
199.77
188.172
187.737
186.838
188.032
200.481
188.619
188.251
188.203
188.238
203.811
188.691
185.975
188.386
188.927
204.555
188.923
187.109
185.899
187.243
203.012
188.086
188.745
187.088
193.477
230.327
206.842
187.73
188.432
202.068
190.888
189.699
189.581
186.838
193.449
190.217
187.638
187.884
187.587
196.879
191.921
187.573
187.641
188.472
190.868
189.863
188.196
188.807
188.055
203.259
191.022
187.75
189.578
187.366
198.314
188.775
186.737
185.655
186.838
221.463
190.53
190.177
189.13
188.672
207.533
189.253
188.736
189.13
188.567
211.629
192.185
190.561
187.801
189.851
201.956
188.324
190.326
188.906
188.763
203.924
188.934
190.314
190.086
188.42
200.221
190.411
190.157
188.465
190.55
212.829
189.999
188.929
191.463
187.844
203.25
191.6
188.372
190.283
190.24
199.509
190.58
189.013
190.357
194.017
192.435
200.829
227.968
196.897
208.565
194.455
193.899
193.605
193.326
207.246
191.861
194.364
192.044
191.223
207.376
194.077
192.913
193.839
202.688
193.72
193.268
194.34
191.653
207.147
193.432
191.571
192.833
193.054
203.767
194.377
193.511
194.102
196.699
207.479
193.79
196.344
193.34
192.549
202.913
193.671
191.524
193.514
192.579
207.797
193.497
192.548
194.043
205.037
195.292
194.23
193.37
193.222
204.443
195.689
192.635
200.065
193.776
204.295
192.775
193.738
193.352
191.813
203.218
194.594
192.104
194.764
192.295
199.467
194.126
193.736
194.223
204.666
194.102
192.54
193.324
192.948
196.529
192.582
191.298
212.625
214.447
204.255
193.551
194.553
192.534
194.42
209.86
180.681
175.911
175.921
177.244
181.231
176.299
174.494
173.725
199.192
234.289
219.363
207.918
206.564
226.474
212.335
206.685
207.493
208.275
219.349
206.862
207.196
206.01
219.44
208.931
207.189
206.286
207.276
209.34
209.578
204.339
204.62
222.153
211.443
205.545
206.423
206.489
224.9
206.982
208.989
207.263
222.409
210.069
205.906
206.072
207.631
219.981
204.917
204.595
204.093
214.065
210.742
208.82
207.337
206.287
213.372
207.461
208.065
206.83
217.869
210.974
207.63
207.004
207.479
218.059
203.319
202.297
200.81
247.367
208.506
196.011
195.157
194.545
208.745
194.029
192.558
191.863
193.969
203.579
192.068
193.086
193.337
192.234
206.204
193.098
193.123
191.687
192.245
209.15
200.703
194.908
193.094
210.614
196.342
194.08
192.212
194.378
210.664
193.99
192.983
193.584
192.357
206.387
194.069
193.799
194.708
193.782
208.025
192.75
195.199
193.411
193.407
195.039
192.733
193.687
193.328
208.089
196.161
193.812
192.836
193.922
210.453
193.677
193.51
196.014
192.962
207.707
195.12
192.603
196.244
192.549
211.749
194.069
193.307
193.553
205.741
195.718
196.68
193.539
193.064
205.238
195.154
194.253
193.234
193.551
214.724
209.23
199.266
195.639
215.818
201.665
196.495
196.194
196.171
208.251
196.284
196.429
195.614
196.107
201.44
196.225
196.843
196.636
200.872
197.451
197.08
196.167
195.954
205.154
198.637
196.068
197.25
195.165
208.392
197.214
196.435
195.737
197.217
212.492
195.978
196.429
196.161
211.313
198.288
195.215
196.633
197.735
209.364
195.451
195.798
195.097
195.326
201.498
189.313
186.724
184.763
184.396
215.867
185.112
185.449
183.134
183.118
200.543
183.222
183.025
182.871
181.692
197.323
184.826
188.853
183.555
183.286
195.072
184.441
183.493
183.172
183.407
201.728
184.844
183.269
183.813
183.647
196.559
323.377
213.147
199.743
209.829
197.611
197.989
196.79
195.683
211.093
198.246
198.02
197.98
207.912
197.562
198.349
197.168
196.188
212.201
200.982
196.26
197.905
195.822
209.304
198.199
196.924
196.628
198.244
211.96
195.136
197.94
197.094
213.631
199.363
195.857
196.312
197.296
206.392
201.345
196.916
197.271
197.211
202.135
196.539
195.399
195.707
197.868
213.228
197.899
195.876
196.386
211.055
198.865
195.978
198.394
196.432
211.69
199.259
196.622
196.967
197.415
201.401
195.506
198.107
195.854
195.965
208.874
197.523
197.157
196.475
208.76
197.066
197.157
197.003
196.041
212.502
198.628
197.999
253.244
219.165
206.895
204.354
203.634
205.265
219.964
205.809
202.885
203.267
202.529
214.287
202.902
204.903
202.023
221.42
206.012
204.088
204.531
203.894
219.821
204.629
203.006
203.183
220.405
204.029
202.504
203.667
205.124
224.111
205.252
202.718
203.089
218.528
207.346
202.496
203.771
205.434
215.161
205.139
204.197
202.447
209.812
204.766
292.081
233.412
213.264
199.794
193.648
190.76
189.918
196.091
191.845
190.914
190.416
189.006
204.826
191.247
191.343
189.598
189.52
201.317
190.423
190.179
188.89
189.945
208.499
191.132
188.953
191.213
188.147
201.708
190.369
189.676
190.401
190.05
203.335
191.175
190.514
190.597
189.983
202.047
189.692
190.421
193.087
207.247
194.313
191.654
190.2
198.24
204.282
201.626
184.055
180.232
176.767
181.581
180.636
177.912
176.723
177.63
177.006
202.905
178.784
177.602
177.217
178.357
196.762
177.975
177.25
177.665
176.177
191.416
177.958
178.113
176.79
177.593
192.038
180.533
177.244
177.34
176.709
188.503
180.839
178.123
178.194
177.989
177.13
189.482
177.674
178.493
176.432
176.84
188.832
179.713
176.943
178.198
175.613
199.439
179.858
178.275
179.4
179.332
193.157
182.916
178.819
179.599
176.706
194.18
182.785
184.588
179.216
178.029
186.32
182.467
178.918
178.309
179.031
178.287
197.638
179.729
178.237
178.338
179.36
187.482
179.74
179.9
177.954
179.018
193.595
178.838
178.658
179.015
179.72
194.43
180.207
179.466
179.152
180.742
193.244
182.17
179.62
180.061
179.142
190.492
182.195
178.256
177.623
177.698
231.075
197.057
182.908
183.714
182.199
199.557
195.356
188.681
185.605
187.232
194.892
186.978
184.964
184.937
184.536
199.423
190.674
186.789
185.915
185.673
187.46
190.846
185.752
184.718
183.967
199.504
185.782
187.938
187.863
183.51
195.463
197.233
189.589
188.274
185.646
196.261
189.595
190.233
186.851
187.386
197.753
188.488
187.248
188.886
186.453
196.245
190.827
188.511
187.81
187.282
198.438
189.16
186.835
187.052
187.03
198.191
190.428
189.602
187.924
186.865
190.049
188.299
185.046
193.769
229.34
227.915
208.877
209.258
208.252
215.68
210.012
207.92
208.468
209.06
220.97
209.23
207.118
208.413
218.01
211.887
208.446
214.858
210.023
218.778
208.348
210.227
207.022
220.64
210.279
208.823
207.346
208.507
222.1
208.886
205.719
207.346
220.029
212.141
207.723
209.213
206.613
223.69
210.487
211.349
211.064
216.625
212.188
216.886
210.811
209.89
219.106
210.011
209.34
211.703
224.633
211.513
207.813
212.02
210.744
225.522
236.631
239.413
239.431
257.284
238.67
213.124
210.23
228.953
209.836
212.953
210.243
224.661
213.069
211.372
210.056
211.647
227.093
212.198
210.904
210.233
227.734
217.845
211.83
211.019
220.295
215.346
209.511
213.498
212.102
223.697
211.581
208.265
208.209
226.287
208.886
210.056
207.663
209.013
222.727
213.271
210.486
210.652
221.091
212.206
208.837
209.037
212.591
224.481
211.78
208.481
209.605
221.09
209.04
208.428
207.434
206.289
222.066
208.744
208.586
209.15
220.206
210.01
206.576
209.067
207.313
224.599
208.552
209.314
208.122
224.669
208.423
208.067
208.569
218.357
210.177
207.854
207.875
208.843
222.225
209.047
212.326
216.419
222.007
214.507
212.293
211.489
210.005
226.23
210.234
209.976
208.599
223.77
212.038
207.661
207.64
207.707
223.68
209.361
211.72
212.092
224.108
209.264
209.912
211.06
208.677
227.138
209.103
209.836
208.04
224.062
209.505
209.436
209.635
210.862
211.031
209.023
207.429
209.532
222.279
210.905
212.396
211.048
216.792
212.643
209.013
210.47
209.354
223.213
211.485
209.913
208.873
226.444
210.453
211.524
210.033
208.028
222.654
210.056
210.414
209.018
220.309
216.001
209.431
208.742
211.015
225.058
209.201
213.969
207.984
223.86
211.509
210.582
209.175
209.749
210.613
210.628
209.931
208.154
223.84
215.179
209.411
210.17
218.075
210.008
209.912
212.297
209.307
225.217
237.031
237.947
237.304
249.815
237.287
241.394
239.326
252.888
239.93
240.11
213.118
226.828
210.019
210.844
208.876
225.885
212.084
209.505
209.338
209.25
213.084
209.728
207.292
209.143
219.34
211.628
209.665
209.996
207.924
222.146
208.185
208.666
209.443
231.007
210.751
210.378
207.675
208.224
250.186
239.887
212.161
211.513
250.604
238.414
236.384
239.48
252.027
230.811
230.162
226.368
243.611
213.248
210.51
210.718
224.612
210.21
210.88
210.82
207.428
226.036
208.69
208.86
209.954
223.482
250.483
212.388
226.697
226.254
210.064
208.59
205.231
207.891
217.157
206.504
207.072
207.006
213.142
211.842
205.905
205.71
205.985
221.425
207.587
206.206
206.525
219.697
208.029
208.763
208.331
207.043
218.628
207.275
206.498
213.362
216.471
207.981
208.369
207.704
209.708
217.739
206.783
207.362
206.056
218.742
208.556
208.335
206.904
212.136
223.202
211.216
209.033
213.651
221.244
207.055
205.795
206.527
206.808
218.36
205.118
207.313
207.331
218.945
209.248
207.74
206.935
207.783
218.387
206.925
207.801
207.593
217.597
208.309
206.186
206.257
207.04
219.997
207.849
208.29
206.096
212.342
210.556
208.358
205.501
205.856
220.256
208.926
205.711
207.599
214.065
212.926
272.018
227.489
201.462
232.846
256.088
235.312
252.541
206.245
196.141
185.474
208.057
264.041
266.269
263.974
256.061
274.864
263.088
260.031
257.92
262.83
260.124
257.827
281.745
258.988
258.063
271.911
270.169
259.57
258.251
268.556
261.929
202.213
186.385
200.635
189.814
187.469
186.226
187.63
198.873
192.097
187.364
188.828
187.616
206.472
189.24
188.364
188.22
187.337
199.465
190.668
185.901
188.608
187.155
201.462
189.962
187.287
186.335
188.841
200.054
204.989
191.982
191.312
190.994
208.692
192.498
189.45
189.864
212.353
239.314
206.138
201.215
200.902
214.903
204.774
201.345
200.686
199.694
204.059
201.292
202.184
198.771
211.938
206.267
200.623
198.277
200.46
211.299
202.779
198.134
198.952
199.973
211.206
200.667
201.066
198.164
209.853
204.003
201.622
200.109
199.934
210.16
202.427
200.529
199.077
198.358
209.182
201.098
200.48
198.804
210.605
200.908
201.937
198.352
200.069
212.93
205.6
198.953
201.922
199.023
210.965
200.064
201.247
199.411
224.234
204.024
199.75
200.131
200.498
216.772
200.088
198.213
200.67
198.197
217.578
200.02
199.205
198.712
212.121
202.573
198.642
197.578
199.984
217.019
199.717
197.343
200.992
198.28
211.948
198.737
197.496
198.564
211.159
199.723
201.157
201.544
200.292
211.831
203.942
199.818
201.559
204.819
218.317
200.844
199.834
199.78
216.098
201.148
199.849
198.594
199.737
214.017
204.245
198.143
199.828
199.72
221.933
200.905
201.736
201.729
204.745
201.887
200.275
199.16
204.154
217.105
199.977
199.395
200.535
196.72
216.418
200.519
200.957
199.961
215.609
204.432
202.92
202.406
202.778
214.165
202.77
199.533
202.122
202.218
205.01
199.723
202.294
198.311
215.897
201.984
200.026
200.115
201.057
214.704
201.852
201.491
199.301
211.933
204.375
200.63
202.333
200.201
213.969
201.755
200.168
198.821
201.842
216.526
201.28
199.583
201.076
209.865
201.133
198.818
200.633
201.578
213.141
200.375
201.893
202.147
202.585
218.721
212.199
217.119
206.795
207.063
200.536
196.096
194.477
191.721
208.34
195.575
192.693
192.699
193.568
198.882
195.847
192.677
191.564
192.981
226.347
223.523
206.134
194.774
215.257
211.183
210.111
197.519
207.293
197.772
195.13
192.96
193.709
205.451
197.829
194.581
193.864
193.119
210.144
192.41
192.777
191.348
193.323
211.381
198.084
192.536
194.515
193.372
210.176
194.35
194.488
192.987
194.828
212.409
196.076
194.736
194.312
204.5
196.968
196.078
193.351
193.387
200.119
193.928
200.283
193.989
192.941
209.168
196.763
193.269
195.976
194.046
207.712
192.941
196.457
193.732
194.38
205.087
196.206
194.205
195.293
193.375
202.231
195.336
195.098
195.07
204.921
196.68
195.838
193.432
193.832
199.77
196.842
192.996
194.344
193.843
209.432
195.995
196.008
194.307
195.628
210.936
196.313
194.13
195.465
194.478
205.883
195.925
194.544
195.189
196.662
204.115
197.174
194.29
194.451
205.751
197.011
194.343
195.724
194.599
207.889
194.562
195.64
195.276
203.019
211.323
198.139
195.785
195.3
193.285
204.103
197.868
195.526
194.802
195.58
201.843
193.396
191.658
208.881
206.236
196.972
194.16
195.541
195.363
207.408
197.378
195.802
194.358
215.718
209.442
192.916
195.892
189.765
189.026
199.726
188.464
188.105
187.571
187.625
199.729
187.017
186.025
189.14
187.753
204.708
186.58
188.106
186.71
187.628
197.772
186.794
187.061
188.045
185.933
199.667
186.372
186.623
186.484
188.478
205.765
187.796
186.616
187.622
186.878
209.444
188.638
187.966
186.633
203.839
192.464
189.43
187.125
187.853
197.031
189.557
187.107
188.277
186.594
197.273
197.968
188.164
186.389
188.079
205.959
196.855
192.274
193.74
191.836
215.772
192.472
193.742
191.64
191.386
205.43
244.909
242.69
243.044
244.589
240.219
244.461
228.196
241.885
243.478
244.235
226.931
248.112
241.655
218.87
230.503
255.038
230.066
239.777
243.703
243.985
241.377
242.396
217.378
346.15
210.609
202.985
197.274
206.19
195.539
194.107
198.527
194.735
206.35
194.456
192.318
193.521
193.388
210.378
194.059
191.496
194.398
206.309
197.662
194.246
193.082
196.206
198.504
195.303
193.983
192.651
194.044
204.651
195.089
194.853
193.204
193.559
205.933
193.37
192.787
193.19
193.457
210.096
195.951
192.01
192.601
193.391
208.165
205.188
197.22
197.572
209.454
200.385
198.742
197.157
196.124
209.782
197.44
198.007
199.265
196.142
215.823
207.722
215.635
208.311
207.674
235.666
185.353
178.173
177.999
187.172
176.799
172.058
260.173
225.5
179.466
173.263
173.43
197.307
201.328
177.274
173.293
175.067
173.053
213.668
201.343
198.711
198.312
198.798
209.656
200.446
216.429
202.953
206.304
202.692
201.305
200.335
199.534
211.174
202.626
199.934
176.429
174.62
181.85
201.432
199.668
178.629
175.287
187.928
201.071
202.139
200.312
213.93
202.566
203.968
201.258
201.789
211.516
201.766
202.149
201.295
215.306
203.18
202.397
201.274
201.222
206.503
201.452
200.237
200.666
210.619
206.865
201.001
201.831
201.218
210.965
204.132
177.476
202.511
214.2
200.914
175.351
201.902
202.695
211.718
201.926
202.572
201.342
203.121
211.715
201.378
199.922
201.555
211.908
178.645
177.326
174.201
176.095
187.825
176.023
175.905
174.548
176.89
177.064
186.231
173.254
173.774
172.368
196.454
177.248
168.162
167.259
166.761
165.206
179.784
168.112
166.343
165.916
167.159
165.85
180.211
168.72
167.918
166.478
165.847
180.289
173.017
167.727
166.28
165.091
167.317
180.001
168.737
165.177
165.86
165.808
167.126
167.844
166.187
166.364
165.375
165.101
178.635
168.409
165.131
165.862
166.668
164.661
189.914
167.832
166.935
167.116
166.007
174.805
168.52
166.217
165.823
166.286
166.882
171.364
167.289
167.625
166.882
166.554
175.661
167.27
168.307
167.851
166.912
172.466
202.695
182.665
181.197
180.122
179.705
194.184
181.919
181.107
180.533
179.766
195.645
181.682
180.697
180.544
178.879
189.113
181.997
180.64
180.524
180.452
194.377
188.412
181.872
181.462
182.77
191.557
185.843
181.84
181.353
181.525
182.425
191.898
180.706
180.405
180.163
180.53
197.113
180.202
182.106
178.163
181.943
206.684
192.62
189.156
191.909
188.988
207.409
190.361
190.499
194.665
192.458
202.228
200.396
190.629
225.321
237.201
228.673
225.789
240.025
239.639
228.093
229.469
241.397
250.485
241.457
238.119
239.946
251.987
243.857
238.905
239.383
253.555
242.33
238.403
241.021
250.129
239.397
240.375
238.374
237.798
231.851
247.608
225.061
252.258
241.752
226.249
241.144
245.211
240.863
239.352
238.796
245.354
241.422
239.404
239.669
255.78
242.171
239.359
239.783
251.193
242.911
239.058
241.584
253.659
197.557
239.065
238.163
252.236
244.538
238.155
240.445
252.676
237.955
239.631
239.84
253.088
238.501
239.313
236.654
256.86
239.29
241.114
255.19
243.397
238.925
237.903
242.755
240.763
239.998
240.285
246.876
227.211
241.354
240.405
252.525
239.142
238.002
239.397
238.537
228.424
243.229
200.751
189.202
202.18
188.391
188.543
189.181
187.924
202.417
188.362
187.767
187.159
189.144
190.13
187.493
188.239
189.048
196.913
193.432
188.735
188.746
186.501
196.666
212.212
191.449
184.967
231.773
219.967
206.443
204.638
181.423
178.259
205.992
205.45
204.033
202.412
218.921
204.776
202.093
204.382
216.818
206.14
205.646
197.22
191.861
185.518
172.15
168.558
169.942
168.139
180.756
169.635
168.633
167.443
167.729
166.994
187.98
170.585
169.896
169.87
168.6
191.136
173.621
169.548
169.019
167.002
168.146
182.595
168.874
169.731
168.231
168.161
183.289
170.102
168.391
168.6
169.301
168.422
181.833
168.566
169.586
170.07
168.726
184.522
173.839
169.471
170.016
169.632
169.969
175.072
171.172
169.524
170.264
170.916
182.124
169.358
180.981
170.247
169.962
180.296
172.87
169.1
174.761
171.626
171.704
189.595
172.332
171.119
171.699
171.623
206.427
202.007
184.688
183.639
182.146
195.805
182.721
182.985
179.792
181.231
196.312
188.021
183.097
183.367
179.907
199.016
183.573
182.049
182.928
182.982
194.518
183.4
182.507
180.94
180.24
190.975
184.209
183.199
181.599
180.675
190.733
183.785
181.211
180.886
182.792
180.703
188.098
183.052
181.141
181.502
181.148
195.546
182.696
182.601
180.546
181.613
199.066
181.699
182.507
183.183
181.822
194.217
183.659
182.702
182.086
183.727
214.988
196.853
196.958
192.66
190.935
203.69
191.326
192.26
193.659
200.673
194.95
208.823
219.155
193.171
201.845
197.9
193.98
192.637
193.665
205.849
193.244
191.958
192.238
192.793
204.131
191.945
194.123
192.662
193.987
207.811
196.846
193.732
194.651
200.218
193.933
193.746
190.443
192.258
206.594
194.452
191.937
193.98
193.344
205.555
193.982
191.469
193.392
194.062
214.223
195.815
192.717
192.559
194.093
196.38
192.355
193.169
194.263
192.438
205.614
195.18
192.625
193.191
194.471
194.483
193.22
194.904
193.714
204.743
195.274
192.454
193.352
192.973
203.48
195.939
195.482
197.141
195.479
208.356
196.549
194.234
192.422
193.007
206.496
194.937
193.168
192.746
194.727
209.133
193.524
194.871
194.699
200.956
199.975
193.999
194.985
193.649
203.223
195.484
195.529
196.224
195.389
205.544
196.184
194.299
194.958
193.651
208.733
197.256
193.927
194.356
196.856
207.795
194.244
196.027
196.194
205.078
196.959
194.609
196.162
195.119
203.944
195.5
191.73
190.978
191.18
208.703
197.575
195.149
195.004
193.502
208.363
198.182
193.206
192.9
194.955
214.546
196.332
195.416
196.332
195.202
197.945
193.154
194.621
193.504
205.171
196.655
195.543
193.455
195.419
207.199
195.256
194.194
195.145
193.23
206.267
193.64
191.361
207.647
312.734
204.565
191.31
190.397
193.316
202.534
194.348
224.198
232.522
246.36
234.256
235.349
235.24
245.184
232.985
231.503
235.704
234.564
234.3
232.899
236.964
231.758
233.794
244.895
234.631
234.667
230.849
267.132
233.331
238.679
250.718
221.25
241.436
237.244
208.408
220.131
205.509
210.36
205.352
218.126
204.208
205.353
204.991
202.657
221.291
204.441
204.025
204.643
218.042
205.076
204.574
203.503
205.711
217.554
205.975
204.047
203.863
215.512
206.02
205.795
204.652
204.302
217.217
205.277
203.487
205.061
230.542
231.153
209.16
214.491
206.748
218.146
213.048
208.158
204.014
225.893
222.588
207.671
205.141
215.082
221.334
206.901
214.047
205.154
219.196
204.967
188.041
185.868
184.812
209.931
186.092
185.119
185.368
184.393
199.818
186.213
184.928
189.121
185.861
200.899
185.271
185.054
184.904
185.816
198.861
183.894
180.549
181.916
182.417
206.159
188.573
184.964
184.038
186.29
203.759
185.574
185.695
184.679
182.159
211.256
186.705
185.037
184.826
190.858
204.09
186.512
185.686
185.26
185.31
202.594
182.162
183.289
182.447
181.354
205.955
187.633
186.11
186.228
185.95
202.025
187.87
186.276
183.966
186.658
202.724
188.251
185.277
185.748
185.105
200.853
183.129
193.788
185.976
182.908
203.752
188.59
186.711
234.691
224.833
229.945
222.14
221.524
225.131
249.711
217.217
218.297
216.252
224.823
205.683
199.219
199.49
201.123
224.686
207.827
206.131
208.896
219.93
209.446
206.132
205.347
207.65
221.958
207.359
206.353
204.321
212.027
200.845
196.195
197.615
197.711
217.437
206.362
202.874
204.85
218.351
207.868
206.187
203.539
203.39
217.999
205.345
205.358
203.563
205.107
232.733
204.576
205.684
204.206
215.861
206.197
203.947
203.47
205.986
223.269
205.056
205.939
206.186
227.64
205.91
204.456
201.945
201.728
216.841
198.711
199.691
198.407
210.874
215.647
205.391
238.233
249.98
252.221
258.199
224.66
203.897
193.716
192.708
192.793
190.645
201.731
192.645
190.838
192.485
192.553
199.593
191.268
191.87
191.393
192.342
219.379
192.207
193.334
192.832
192.448
220.595
202.92
205.094
195.346
199.392
194.915
192.218
191.547
191.845
204.366
193.876
192.706
192.228
192.681
210.276
195.205
191.16
192.578
191.46
205.428
192.816
192.111
190.928
197.581
204.682
193.312
190.654
191.925
190.972
205.006
192.181
194.09
190.811
211.926
194.529
193.037
191.957
190.876
203.208
191.186
191.409
191.623
190.669
210.804
192.67
192.432
192.981
192.356
205.485
191.81
191.402
193.777
190.284
203.185
193.822
190.531
191.358
191.571
202.281
192.853
191.68
191.7
204.967
204.497
192.612
192.618
191.813
202.308
209.656
205.383
195.625
196.246
210.77
197.056
195.168
196.133
195.139
212.504
197.807
194.652
194.777
204.219
187.046
190.452
183.418
184.748
196.57
185.553
183.498
184.988
183.174
195.256
199.532
183.851
183.734
183.782
196.012
185.12
183.629
184.214
181.637
196.928
188.564
184.043
181.066
182.619
182.706
189.189
183.756
183.009
183.349
182.699
198.445
183.915
183.403
184.047
181.043
200.206
184.567
183.885
182.816
183.081
199.916
186.037
181.725
182.299
183.592
198.085
184.463
182.977
181.843
183.882
195.481
185.029
184.757
182.44
181.31
199.31
185.274
183.317
183.01
182.705
198.392
190.748
184.32
182.67
183.619
191.401
181.496
181.813
183.121
181.917
199.695
182.897
183.054
183.418
182.257
193.159
184.708
182.921
182.126
182.541
200.825
186.571
183.532
182.174
182.468
192.244
186.005
182.141
182.424
184.375
193.58
185.088
182.131
183.195
184.22
193.696
186.504
183.662
181.243
183.562
192.387
187.271
182.608
184.537
183.271
192.922
185.28
183.003
183.677
184.27
183.16
184.852
183.769
183.912
182.281
184.26
194.877
184.297
181.593
183.337
183.559
208.064
185.24
182.232
183.096
182.766
198.209
184.083
182.949
184.703
181.495
197.661
184.852
183.4
181.46
182.93
210.02
197.791
194.903
194.992
193.731
206.068
192.667
193.333
194.327
207.248
194.02
194.273
194.215
193.362
198.649
195.144
193.817
194.802
194.185
211.818
195.598
194.372
193.246
194.245
210.872
194.456
192.705
192.287
194.396
229.887
201.665
200.39
197.827
209.754
200.405
198.703
198.646
197.71
212.423
200.771
198.388
199.963
197.818
213.47
199.776
205.987
199.936
207.207
201.968
198.823
199.568
199.593
211.081
200.71
197.876
200.992
198.576
214.326
200.379
199.024
200.598
198.382
201.373
198.985
198.214
200.838
214.153
200.27
199.533
198.604
200.048
209.319
197.663
198.388
198.024
198.753
213.68
234.514
204.339
206.548
285.197
251.422
248.75
272.679
257.957
249.645
240.82
278.985
249.476
249.924
214.15
212.591
197.118
195.179
195.214
195.124
211.249
198.748
195.566
197.954
196.633
204.109
197.493
197.091
197.343
201.679
215.202
195.046
195.009
196.221
209.457
198.859
196.041
196.03
197.111
204.847
197.431
196.288
195.604
196.086
304.57
237.079
203.126
199.55
213.705
198.041
197.097
197.274
199.354
219.005
196.372
197.305
197.999
207.699
199.47
198.096
200.886
200.994
212.768
200.596
199.731
196.452
196.921
215.021
200.804
199.984
196.937
213.638
199.226
198.637
198.407
200.011
208.858
200.817
198.808
199.672
199.75
214.54
200.556
200.636
197.555
211.671
201.094
199.574
198.702
207.794
217.989
200.18
200.044
199.304
196.568
214.964
200.173
198.864
197.756
208.192
199.833
199.073
197.539
198.601
205.418
198.36
201.284
201.662
199.307
209.756
202.164
201.945
199.322
212.905
203.119
199.951
200.182
202.712
211.633
202.525
200.672
200.95
198.379
213.809
201.358
197.906
198.049
256.868
208.411
204.868
197.346
199.821
215.934
200.723
198.503
200.147
199.169
201.718
197.298
197.736
200.381
214.331
199.84
199.064
200.532
199.151
216.679
202.868
201.836
208.251
213.374
203.947
202.134
200.922
199.142
208.483
199.172
200.877
200.775
201.635
215.153
202.718
201.444
199.292
212.441
203.058
199.256
202.42
200.328
216.065
204.603
203.099
200.258
202.733
222.41
203.967
203.593
201.654
217.591
206.336
200.951
201.909
201.377
253.649
200.134
188.655
187.389
196.946
187.399
188.142
187.298
185.791
196.528
189.331
186.456
187.395
185.719
198.275
189.086
186.666
188.503
186.971
200.595
188.946
187.753
189.381
186.453
190.825
187.189
193.201
188.565
188.318
194.55
186.326
200.86
189.175
187.553
218.463
190.699
187.179
189.677
190.588
200.191
189.815
189.381
189.32
188.723
201.237
191.445
192.388
190.364
192.188
205.485
191.997
191.536
190.373
191.286
208.566
190.654
191.268
191.392
199.908
193.318
191.789
190.854
190.7
206.982
194.672
192.242
191.779
191.406
205.208
190.327
223.43
215.101
199.718
211.698
199.072
197.916
198.968
211.211
199.382
197.676
199.109
198.694
211.196
199.27
199.392
197.153
203.974
215.394
198.594
198.841
199.835
209.439
198.34
197.371
197.258
197.061
206.291
193.624
192.089
201.806
191.205
271.786
207.325
237.885
252.111
261.587
249.654
250.76
259.104
246.538
250.888
246.783
301.741
248.791
247.114
247.172
267.944
250.317
247.933
256.258
250.882
249.325
248.505
255.602
249.957
248.134
248.145
264.722
250.281
248.801
248.129
252.616
237.736
233.995
264.349
247.112
247.978
247.091
229.003
200.837
198.34
196.195
197.746
200.171
196.75
198.336
201.775
199.316
200.82
198.431
197.024
195.289
208.255
199.968
197.193
196.994
199.52
209.718
198.768
196.396
196.722
197.577
210.029
196.492
197.057
196.134
212.877
199.62
198.495
196.233
197.369
211.119
197.753
195.998
198.374
193.893
209.653
197.073
197.494
197.108
209.063
197.896
198.423
195.628
195.012
209.401
198.931
194.029
197.713
197.411
200.559
198.254
198.513
195.973
196.806
208.745
198.321
195.383
198.278
210.58
196.847
197.771
197.09
197.391
211.85
195.054
203.346
198.58
197.537
220.098
199.881
196.209
197.066
211.659
198.762
195.469
194.374
196.961
206.935
198.014
196.046
197.535
196.847
207.632
197.358
195.722
197.395
195.918
199.235
196.188
197.785
196.281
205.1
193.191
189.505
188.964
188.349
205.509
192.95
188.368
187.286
187.773
200.973
190.573
189.058
190.51
191.005
202.314
189.521
190.393
188.444
189.494
205.331
189.995
189.358
187.068
190.156
205.415
190.938
188.879
189.037
189.481
205.887
190.674
190.136
187.786
204.353
193.409
190.861
190.485
191.731
200.7
191.142
190.884
189.939
191.098
199.716
190.063
190.97
189.763
189.638
210.952
191.937
185.909
186.668
184.443
199.186
185.557
186.203
185.999
185
197.04
184.609
186.219
186.661
184.239
188.866
184.809
186.417
185.214
185.41
195.887
191.226
186.958
186.146
185.431
198.992
185.12
186.21
184.843
185.882
205.079
186.621
184.733
186.163
184.585
199.358
185.705
186.136
185.307
185.969
198.756
185.088
184.783
185.871
183.961
207.935
186.177
183.726
185.641
200.826
188.125
187.22
184.629
186.808
188.318
186.711
186.518
186.219
185.685
188.85
184.896
186.618
183.791
184.745
194.675
186.07
184.355
186.39
184.391
205.506
211.557
200.231
197.638
195.038
207.553
195.4
192.122
194.634
193.659
259.783
243.403
245.284
241.589
262.083
244.161
244.884
253.178
243.421
242.287
244.002
260.215
245.597
241.725
245.602
256.804
242.571
246.431
243.311
257.328
243.822
244.047
245.121
247.246
243.524
249.535
251.037
258.643
245.455
248.55
246.887
260.824
247.543
244.329
258.243
245.157
245.774
247.226
259.954
245.795
246.034
250.567
259.383
244.119
244.462
250.21
251.814
282.71
272.695
213.046
221.075
240.519
202.466
202.25
215.376
198.561
199.241
198.426
199.121
209.184
193.948
194.11
194.258
192.564
254.304
244.813
203.356
197.106
227.016
212.199
230.019
235.429
248.174
231.986
233.153
232.638
250.259
315.73
274.455
244.769
215.879
220.362
219.597
209.806
229.565
216.762
220.028
225.424
234.491
217.903
221.798
216.717
199.302
235.606
190.96
201.944
186.242
215.097
198.39
198.689
192.025
191.538
202.738
190.995
195.997
192.985
201.391
197.88
189.763
196.197
196.21
192.556
182.687
182.767
196.72
209.031
193.061
180.987
181.048
196.011
208.733
192.345
181.963
180.075
195.72
209.331
192.074
182.688
181.066
198.243
199.476
192.019
181.697
180.641
213.618
198.937
192.531
183.264
180.627
209.668
198.005
194.034
183.383
181.692
181.765
196.759
201.812
190.607
195.064
180.428
196.541
197.506
191.849
197.213
180.592
197.795
197.28
191.459
202.192
177.886
193.794
312.893
209.03
195.235
188.649
193.635
1392.59
228.763
217.391
212.485
227.549
209.515
212.802
206.327
221.37
210.327
210.739
210.368
208.242
216.965
208.372
209.227
214.387
230.452
217.722
213.315
211.986
211.659
231.943
216.847
219.329
190.233
199.744
191.096
189.575
189.361
189.196
202.965
192.015
189.076
187.771
188.874
203.009
191.309
191.467
192.416
197.569
209.03
191.849
191.695
191.586
201.083
191.147
191.787
191.332
190.538
207.286
193.472
189.782
190.2
187.134
198.524
187.396
185.705
185.884
187.205
199.431
187.097
186.917
186.14
188.702
201.732
190.086
188.107
200.264
216.131
236.877
219.647
217.698
212.69
226.072
217.925
216.976
200.204
189.478
197.996
186.931
184.927
201.308
194.895
190.28
177.382
176.381
177.027
176.793
189.855
177.629
175.965
174.934
176.693
187.9
175.79
177.404
174.49
175.643
191.694
185.238
178.026
176.597
174.384
234.461
180.978
167.865
166.915
167.186
164.884
182.108
167.366
167.257
165.703
167.026
178.106
169.008
167.428
167.222
167.107
167.674
183.912
167.784
168.764
167.293
167.233
178.469
168.639
168.734
168.246
167.093
167.275
182.391
166.605
166.256
168.139
167.592
176.963
169.99
167.549
167.173
167.568
168.457
176.53
168.918
165.636
166.084
168.43
179.366
170.592
167.823
165.766
166.717
167.095
181.359
168.322
167.754
166.765
166.776
174.206
175.501
167.447
167.63
168.135
165.803
179.767
166.103
167.761
168.216
202.491
200.028
176.6
169.128
167.612
168.677
167.447
175.192
168.109
165.986
166.081
165.86
180.698
167.781
165.783
166.395
164.757
166.118
184.178
167.026
168.073
165.63
165.323
194.381
208.716
196.378
192.832
188.799
197.61
189.766
188.005
189.04
189.833
204.9
193.424
191.012
188.763
190.51
207.135
190.197
189.602
189.659
189.501
206.29
190.754
188.652
188.934
203.566
195.135
192.435
193.605
196.454
207.506
194.013
191.275
192.997
189.798
203.911
193.157
190.634
187.778
188.057
207.337
201.187
208.893
208.202
207.821
211.703
209.227
208.095
201.929
228.974
207.936
202.712
193.066
191.61
201.342
209.898
206.435
203.69
217.464
195.269
195.792
193.561
194.455
209.957
204.8
195.667
193.424
194.046
196.183
194.742
194.537
192.883
204.716
194.675
190.911
193.26
190.547
206.129
189.599
247.625
200.525
190.813
201.427
189.777
191.322
190.848
189.125
194.051
190.463
195.161
189.314
203.639
191.442
188.288
190.153
188.406
207.813
192.622
188.045
189.257
191.516
201.42
190.517
189.648
187.606
199.741
202.737
187.932
189.571
189.371
188.936
203.736
190.915
188.124
187.808
190.995
192.48
190.927
189.761
187.504
198.824
191.772
187.359
187.255
188.704
197.864
189.844
188.996
188.274
188.742
205.146
192.04
189.54
190.644
188.903
200.421
190.439
191.987
188.595
189.224
202.437
192.021
190.054
190.316
189.405
204.225
190.208
189.365
192.665
195.206
192.304
193.793
189.678
190.857
194.455
188.842
189.621
201.236
220.492
213.589
190.792
192.231
189.103
190.308
203.944
190.824
191.544
190.224
189.855
197.141
191.238
191.177
191.181
190.624
207.147
192.168
190.798
191.443
190.588
204.729
191.169
193.138
207.069
205.03
197.024
196.398
195.774
195.956
213.067
195.734
192.843
193.382
192.802
206.417
192.282
193.975
194.725
194.447
205.665
193.265
192.155
195.698
192.668
203.382
195.6
195.681
194.326
205.698
194.882
197.559
207.27
209.472
212.973
201.72
203.957
201.132
216.298
227.61
213.875
203.343
201.097
213.888
201.491
202.356
198.399
211.481
203.942
200
200.237
200.901
210.988
195.514
189.602
187.462
201.044
230.003
196.064
192.833
192.319
190.948
209.071
216.256
249.331
207.265
278.916
216.134
279.403
227.38
220.992
197.385
192.612
192.435
197.96
193.34
193.084
192.883
191.577
210.297
193.499
193.972
192.805
205.003
195.82
193.475
192.351
193.67
203.833
193.445
193.635
198.12
192.982
205.698
191.777
193.178
192.21
192.058
207.96
193.314
192.024
192.525
200.509
195.917
193.087
192.907
193.31
222.22
224.058
207.984
204.917
211.693
196.543
195.546
194.38
236.749
259.563
237.869
235.119
238.294
256.537
210.284
198.667
195.262
204.645
195.86
194.898
192.717
194.112
210.384
218.949
202.821
203.159
217.765
208.802
195.072
193.25
193.8
205.795
222.368
236.245
236.452
246.189
235.025
235.151
257.561
240.447
235.9
236.618
249.22
233.561
241.81
246.6
209.079
198.064
203.366
222.828
248.258
220.178
219.482
208.963
227.454
240.101
237.428
235.628
227.479
236.384
238.089
237.247
216.508
238.334
238.333
235.541
236.944
241.313
242.908
239.069
247.873
238.875
237.723
238.64
237.404
237.882
238.682
228.59
238.216
237.645
234.523
234.754
239.848
237.047
238.921
237.986
243.614
241.508
215.007
235.296
249.717
241.382
241.813
236.519
254.092
242.075
237.978
240.339
254.558
235.677
240.125
238.721
229.953
242.712
244.191
240.907
251.707
238.143
239.208
239.901
255.109
238.438
238.787
239.743
251.313
241.99
239.115
239.644
256.005
240.747
238.959
240.038
251.253
238.39
238.651
244.075
277.551
243.142
239.53
252.44
242.311
238.778
239.009
249.742
239.924
239.362
238.899
246.199
239.406
239.31
238.787
238.316
239.944
240.697
239.129
252.311
242.808
238.952
239.716
244.092
239.912
245.474
250.781
249.625
196.917
187.142
187.897
185.988
198.377
187.289
186.206
185.187
185.758
202.089
190.568
184.505
187.379
185.682
200.873
187.807
189.841
186.588
185.759
199.179
187.384
187.566
184.733
194.797
189.331
185.391
185.611
185.644
195.487
188.645
186.342
184.984
185.939
204.02
189.481
187.122
187.024
185.719
196.537
186.658
184.316
186.937
187.73
201.497
188.152
186.738
187.109
185.665
196.221
187.118
187.412
187.142
186.715
198.47
187.262
185.282
187.196
186.413
200.432
186.461
185.665
185.966
187.262
193.728
186.094
185.65
186.798
185.535
199.433
189.172
190.246
184.231
185.813
202.685
187.911
188.88
187.663
228.835
201.151
198.266
189.521
188.005
198.56
189.184
186.8
187.45
180.511
194.488
184.54
191.978
197.722
191.569
192.395
189.165
195.728
191.697
191.596
206.517
192.465
191.136
190.203
189.323
210.54
190.732
190.302
191.74
191.49
200.574
191.22
190.384
189.057
190.815
192.435
191.048
190.04
189.889
198.898
194.784
192.008
189.087
190.703
196.666
193.491
201.139
191.854
192.028
208.937
192.739
192.378
191.921
197.09
201.625
192.143
191.616
190.119
191.292
202.501
190.558
191.346
190.113
190.305
205.822
190.621
190.681
192.194
189.435
202.658
192.171
190.634
192.429
190.133
193.845
191.012
191.866
191.542
201.705
214.733
186.287
192.374
187.994
207.878
240.201
190.14
203.028
204.576
206.587
202.764
202.657
203.533
214.919
205.596
203.544
202.847
204.418
205.828
176.702
229.316
224.796
226.528
200.844
202.233
210.31
265.364
278.438
270.797
248.415
274.781
271.373
256.802
271.989
268.264
271.422
276.79
285.307
272.438
271.707
275.921
242.21
212.6
204.756
191.341
212.454
191.347
188.827
190.344
189.071
207.364
192.037
189.409
188.502
190.144
200.904
188.951
190.485
187.655
188.954
192.974
188.03
190.16
189.293
187.829
224.943
198.691
189.847
199.81
210.914
196.817
278.976
205.323
208.486
198.908
197.25
196.804
197.792
211.904
198.069
197.278
198.624
198.483
208.76
197.996
195.59
197.739
198.103
208.908
197.505
202.157
197.935
214.558
198.591
203.837
198.645
197.287
211.95
197.613
197.304
195.923
195.615
216.953
196.627
195.834
198.134
209.431
198.089
197.432
196.058
198.516
210.601
199.156
196.826
197.398
196.51
209.088
198.256
197.144
195.777
197.226
209.644
199.506
196.269
197.405
210.173
199.033
197.404
195.525
196.838
209.779
196.872
196.913
195.602
199.85
198.884
195.67
206.574
218.593
207.074
193.655
198.882
200.321
197.909
214.931
197.942
196.351
335.381
225.977
201.335
200.15
197.303
201.158
210.657
206.575
198.671
198.164
208.527
198.879
197.318
197.005
199.107
211.353
197.769
199.207
197.699
197.73
207.634
198.659
198.719
197.733
210.885
200.645
195.721
199.988
194.892
213.101
200.151
198.815
198.4
199.052
208.894
200.267
198.719
197.94
211.12
202.102
198.792
198.628
200.126
210.93
194.862
199.83
190.914
187.61
218.667
184.693
182.601
182.616
181.752
199.365
183.006
181.187
183.616
184.545
197.476
186.212
183.552
182.928
185.411
197.945
182.925
182.768
182.366
188.562
197.291
184.842
184.425
184.329
183.353
194.113
183.449
182.811
179.232
333.607
201.319
190.119
189.251
189.336
202.054
192.74
189.894
188.904
190.103
203.496
188.382
188.797
188.79
189.829
204.847
191.411
189.645
191.335
187.985
206.635
190.427
191.651
188.099
190.214
193.131
190.361
189.113
190.755
197.025
187.952
184.497
184.782
184.222
193.416
204.053
198.087
196.668
197.181
220.298
252.297
227.95
167.868
163.393
178.801
163.086
164.71
164.584
164.579
172.508
171.316
163.527
164.326
163.47
163.669
168.81
164.262
164.229
165.197
164.085
164.707
173.796
165.147
163.649
164.998
164.711
174.624
165.953
164.365
162.701
165.137
161.983
176.579
164.873
164.186
163.108
163.574
175.053
172.973
164.959
164.118
164.088
163.787
179.412
208.61
169.162
168.611
165.02
183.985
169.774
167.103
164.088
166.157
165.883
178.568
165.719
165.052
165.448
165.122
174.52
166.943
164.519
166.337
164.79
164.061
182.551
166.377
164.9
165.228
165.335
187.327
170.25
165.534
166.206
165.419
163.6
179.393
166.307
165.242
164.728
164.042
179.149
166.545
165.197
165.662
165.545
165.318
186.865
168.012
165.943
165.198
164.851
164.083
169.218
166.969
162.888
165.412
165.514
176.683
166.38
165.344
163.604
165.2
165.421
176.764
165.642
167.033
164.332
165.72
173.544
167.687
165.308
165.198
166.646
166.227
174.942
165.712
166.084
167.942
163.747
177.347
165.199
164.311
165.658
164.156
164.587
177.877
164.473
165.836
167.213
170.649
179.759
169.593
202.208
216.305
189.737
199.727
185.909
186.136
184.245
185.315
196.484
188.372
183.155
184.479
185.255
192.182
186.515
184.562
182.881
183.941
196.318
189.544
185.594
184.179
183.6
194.577
187.693
189.1
183.893
184.247
184.768
190.878
187.329
183.698
183.123
183.917
200.348
187.615
187.546
185.731
185.474
197.812
184.964
187.259
186.283
185.22
194.469
186.63
185.231
184.993
185.738
201.361
185.501
186.598
186.303
183.497
200.456
184.629
184.084
190.49
184.722
199.052
185.578
185.662
183.818
183.511
198.668
186.384
182.861
184.703
185.525
195.928
184.619
183.96
184.781
186.892
196.833
183.412
184.005
187.355
185.59
203.688
185.529
197.096
224.481
202.892
213.925
197.592
197.404
197.665
208.654
198.945
195.777
196.474
196.318
211.27
195.617
196.021
194.901
198.494
209.923
195.599
195.46
197.402
207.172
198.236
198.143
197.625
193.695
209.809
198.333
198.433
196.392
197.268
212.074
201.086
197.494
197.437
197.658
213.124
230.699
240.922
239.518
252.332
238.859
237.922
236.057
254.614
239.918
235.64
236.278
252.06
212.449
210.969
208.546
221.144
210.026
207.681
207.187
221.671
210.163
208.385
208.556
208.547
212.904
208.414
209.795
209.377
219.935
210.093
209.832
210.76
208.225
221.806
205.885
206.474
220.977
227.015
184.894
178.606
178.968
178.643
187.617
195.887
200.889
192.441
190.284
238.043
246.092
274.372
215.338
259.199
271.821
267.905
214.772
272.117
272.492
269.552
221.535
286.672
273.912
271.373
257.274
272.449
274.745
284.719
219.971
209.024
207.349
205.114
221.087
209.845
207.069
206.003
215.617
275.177
271.336
273.875
245.649
253.776
261.966
255.524
284.907
274.737
274.233
314.979
274.357
279.59
275.509
266.002
253.141
263.383
312.146
277.143
275.741
287.774
251.208
209.845
207.579
220.276
257.782
185.568
183.873
181.021
192.041
272.174
188.843
182.618
181.487
203.809
182.641
182.718
182.134
180.837
195.864
184.24
181.719
181.608
182.424
207.517
185.489
181.685
182.063
182.844
195.117
184.657
183.28
182.161
181.885
193.228
185.448
183.493
180.631
181.454
192.181
185.885
181.695
181.018
181.97
194.51
184.705
181.461
181.89
180.916
181.003
186.617
182.126
186.901
199.554
200.423
194.251
209.921
193.702
192.305
201.358
193.692
191.975
191.148
191.584
204.744
193.652
191.309
191.248
191.484
199.827
193.915
192.543
191.138
191.637
209.087
196.492
190.312
188.185
188.533
199.202
191.049
188.556
187.57
187.59
236.442
203.154
219.843
186.022
187.497
203.454
185.512
184.745
184.595
184.215
197.96
184.381
183.202
183.289
184.54
198.409
185.364
184.361
185.932
186.086
212.949
192.328
193.173
190.556
193.391
203.367
190.595
191.607
191.213
202.284
195.072
191.006
193.091
190.694
208.111
190.221
188.726
186.072
187.748
192.933
190.865
186.092
186.377
186.306
195.731
188.693
186.868
185.773
186.822
194.573
188.144
187.34
185.99
187.382
197.153
187.68
186.995
185.929
188.602
195.566
191.897
185.373
185.621
185.876
211.389
200.532
190.059
219.302
197.394
207.015
194.982
193.435
195.066
193.054
209.037
193.088
193.488
192.677
193.511
204.968
192.625
242.703
211.593
217.818
241.034
271.143
268.97
275.076
266.471
273.458
270.43
277.572
270.511
275.766
274.83
272.889
271.644
274.204
267.794
272.439
269.921
278.146
267.437
265.972
288.312
271.915
270.886
272.499
273.644
272.957
273.165
272.429
246.979
261.86
243.179
214.935
200.144
195.98
197.702
196.475
219.076
196.151
196.951
199.49
197.893
210.848
197.822
195.096
199.903
206.257
196.234
195.824
212.261
288.182
302.973
194.11
192.873
187.876
202.871
189.052
189.987
187.874
192.146
204.826
192.931
187.586
203.025
262.751
242.835
236.541
238.714
241.705
241.165
236.236
241.174
241.111
238.029
240.144
240.726
238.889
241.191
236.859
240.471
252.456
235.028
229.313
229.515
232.316
345.28
240.351
236.847
253.13
238.968
235.236
203.837
212.889
202.541
204.144
239.109
214.403
277.221
269.103
266.721
279.018
270.49
268.904
295.714
271.437
270.939
266.822
282.461
269.911
267.791
279.491
269.154
263.278
237.936
216.586
212.756
227.379
250.958
288.602
272.335
266.755
259.737
284.113
270.277
266.652
280.878
273.311
266.718
268.819
271.684
270.314
268.638
267.327
270.219
268.73
268.949
259.66
272.436
271.352
290.645
259.677
249.373
244.72
256.131
247.202
254.709
269.445
275.03
269.233
265.923
270.349
267.733
267.427
269.075
280.182
270.284
272.354
290.892
270.228
269.017
271.123
287.878
267.205
269.668
280.315
273.181
270.221
268.074
286.111
270.287
270.047
274.275
268.245
269.048
272.609
281.924
269.05
272.824
282.334
269.519
270.862
272.246
282.648
273.966
268.453
273.857
272.951
268.405
271.367
286.406
271.274
270.784
279.63
269.433
267.503
267.353
287.684
303.798
249.595
259.289
205.247
197.695
198.37
195.185
215.647
198.982
194.864
196.649
196.988
208.081
197.039
197.559
196.275
195.92
207.299
193.387
193.399
199.6
208.285
207.205
202.551
196.921
192.501
211.028
196.753
206.006
196.779
189.935
202.343
192.087
244.709
244.434
260.422
245.926
192.184
190.803
200.857
194.068
189.905
191.712
189.29
202.842
193.363
191.121
190.515
192.254
209.694
192.344
192.295
189.531
192.003
201.312
191.672
191.519
189.928
190.642
204.304
191.78
190.007
191.371
190.359
205.273
188.975
191.055
191.355
190.771
201.941
240.055
192.016
189.203
217.694
234.215
196.47
188.509
186.281
238.742
211.506
197.224
193.998
189.14
198.975
189.715
186.365
188.004
188.647
192.752
187.465
187.72
187.419
194.226
189.485
187.952
187.924
188.467
190.216
187.435
187.221
186.443
186.516
197.284
186.894
187.341
186.857
186.764
201.394
188.715
186.005
188.124
187.476
198.546
187.531
188.889
187.983
186.118
196.879
188.121
186.533
187.625
186.216
196.31
188.627
187.553
185.938
187.537
201.718
189.593
188.334
187.201
188.785
202.601
188.424
186.981
187.411
188.846
201.958
189.427
188.074
192.166
188.184
189.595
188.335
189.284
190.726
202.981
191.345
188.31
188.665
188.98
188.861
188.95
186.474
187.916
188.58
198.305
188.627
187.498
187.802
186.777
200.061
190.716
188.431
188.278
187.763
198.629
188.431
188.839
187.619
188.758
201.063
187.853
186.847
188.217
187.479
200.548
187.519
188.355
187.366
188.654
203.08
188.924
188.57
189.311
187.182
199.842
188.033
187.695
187.693
187.97
189.825
189.847
186.725
192.68
198.53
189.497
187.305
188.958
187.573
205.053
189.291
188.508
187.514
188.206
202.059
189.263
187.177
189.63
188.214
201.281
190.006
187.451
187.411
188.031
213.284
194.319
189.604
190.422
191.924
203.592
191.774
191.258
188.641
190.494
195.273
192.408
191.946
191.774
201.474
193.146
193.202
193.033
189.944
206.25
194.076
192.698
191.844
191.356
203.429
192.756
191.225
190.9
191.396
208.888
192.785
193.598
191.598
194.015
196.09
192.5
193.19
191.919
206.76
193.6
192.538
194.096
190.705
200.075
193.188
195.943
193.266
191.178
205.368
194.277
191.038
192.283
193.263
205.136
192.394
192.136
191.02
192.879
196.974
192.725
192.822
193.277
202.593
192.695
191.026
192.578
192.424
207.058
194.289
192.867
192.433
192.828
204.428
209.45
225.291
212.101
227.992
221.605
210.915
210.433
216.957
230.377
210.106
217.016
212.429
223.713
218.577
212.586
206.688
225.662
223.115
211.476
207.349
198.991
213.16
192.943
191.253
191.415
189.599
210.237
195.12
190.698
191.042
192.074
193.825
195.545
190.585
190.412
200.749
191.46
189.635
188.699
187.566
207.68
194.282
193.681
190.979
191.142
212.777
193.875
192.856
193.225
189.421
207.887
193.521
191.192
190.673
190.955
196.477
193.284
190.032
190.634
191.356
207.786
190.203
191.89
189.649
191.109
205.254
191.276
191.451
191.493
200.197
194.2
195.858
197.195
189.995
197.533
221.579
211.209
219.927
204.657
236.767
208.258
207.4
203.142
211.563
210.003
203.948
205.009
196.213
218.911
208.275
206.949
193.785
207.52
210.618
205.842
206.465
197.594
210.317
209.712
206.861
203.717
193.765
274.27
219.383
207.31
197.181
213.562
199.37
198.606
197.238
207.271
199.654
200.375
195.68
199.674
212.475
210.504
201.224
199.669
197.338
225.556
209.015
210.498
209.492
226.333
210.778
210.504
207.656
208.994
218.155
208.408
206.189
245.073
191.951
203.079
187.222
188.006
184.812
208.979
193.898
191.797
191.897
192.051
211.83
194.859
192.144
192.468
202.368
195.274
190.557
193.211
191.418
207.884
194.029
192.158
190.634
190.464
206.266
191.548
190.149
191.704
190.513
208.889
192.61
191.16
191.698
191.906
202.083
190.575
188.67
188.375
189.206
208.167
193.716
190.768
190.198
191.56
205.252
190.982
191.701
190.796
205.265
226.816
215.142
209.474
206.838
227.009
247.112
239.637
213.959
233.899
209.15
210.792
209.348
215.631
211.343
217.286
209.825
210.995
220.723
207.801
205.909
204.601
221.852
210.383
206.817
206.373
203.186
238.125
209.064
208.763
209.638
228.843
210.352
207.365
208.356
208.722
225.789
206.195
205.126
203.048
221.241
210.397
209.494
208.445
209.434
210.799
210.113
207.489
209.789
228.619
209.157
213.548
211.41
222.523
203.319
202.612
201.67
200.468
222.802
211.161
210.303
212.155
223.58
209.024
210.977
211.054
210.651
224.415
210.212
209.304
210.472
224.228
203.512
199.434
200.616
202.899
220.781
209.891
209.157
210.15
224.672
230.083
224.031
202.979
198.554
210.787
197.468
195.209
196.807
208.837
197.452
202.207
195.496
195.761
207.881
191.834
190.86
191.593
187.349
219.008
193.581
191.12
192.637
191.162
217.398
190.261
192.823
193.736
202.276
193.683
190.591
190.817
191.192
202.838
191.641
191.945
187.789
189.076
208.245
187.015
237.53
250.507
240.392
219.717
236.993
252.643
251.273
405.254
234.18
223.686
236.856
222.605
222.714
221.825
234.477
207.4
210.278
209.461
220.834
211.338
209.198
206.814
210.005
226.725
211.295
207.009
208.272
220.299
206.369
204.496
204.402
209.731
229.081
206.604
208.052
208.257
215.981
208.85
210.15
208.035
208.459
222.795
207.4
210.182
207.033
210.741
207.574
200.327
201.106
200.82
231.497
209.714
208.177
208.904
220.943
213.421
211.94
207.891
207.139
222.458
208.549
207.144
211.884
215.981
206.808
201.825
201.281
203.422
223.503
208.39
210.784
207.728
219.059
210.119
212.335
209.521
209.966
224.101
210.026
209.892
208.499
220.97
204.913
203.25
203.701
200.418
224.903
208.025
213.592
207.944
225.174
218.616
211.213
207.357
211.087
219.968
211.102
209.831
208.389
224.144
212.201
208.719
210.471
209.411
208.726
202.521
205.221
203.888
224.721
211.128
205.491
237.592
239.593
209.283
198.383
206.497
1021.44
223.283
226.077
218.742
219.352
216.874
221.542
216.856
213.933
213.084
231.124
219.503
215.431
213.983
214.652
216.489
216.033
211.102
215.144
230.11
210.772
213.782
208.853
225.01
210.822
206.955
209.653
206.862
231.289
214.3
224.055
286.594
245.314
239.048
248.672
238.525
264.216
238.851
214.104
181.926
197.124
174.73
173.857
174.483
175.571
201.349
184.847
182.865
181.882
181.598
199.689
185.518
181.548
180.789
182.317
187.004
182.284
179.47
181.622
179.494
188.974
178.439
177.866
176.739
176.424
174.684
203.37
181.782
180.158
180.321
180.335
204.131
182.812
187.554
207.509
234.059
211.031
205.424
207.061
205.264
226.159
201.588
200.769
2504.92
333.789
210.015
203.124
228.393
203.355
200.148
209.779
227.762
246.297
182.585
171.306
178.483
182.52
172
171.794
170.503
171.289
170.922
183.881
171.371
171.256
170.129
172.552
182.51
173.837
170.982
172.946
172.565
185.939
177.367
174.826
171.368
173.281
170.577
197.926
176.027
174.691
172.545
173.338
186.15
173.223
173.141
173.156
174.16
184.245
175.243
174.762
173.274
174.717
172.212
190.043
174.519
173.096
172.424
174.832
188.221
176.992
173.298
173.562
173.334
185.114
177.053
175.054
173.298
173.222
172.955
188.234
173.646
192.405
208.652
268.366
335.362
274.879
261.837
244.515
239.021
237.501
234.019
245.175
230.421
240.038
246.484
238.784
235.58
235.877
233.741
252.893
406.057
260.693
242.161
219.371
217.228
215.667
230.24
215.8
213.505
214.564
231.568
216.459
215.253
214.725
229.679
219.595
214.002
214.457
214.319
224.172
215.045
214.588
213.719
226.266
216.615
215.162
211.693
232.176
217.44
216.687
212.745
214.582
233.991
215.355
213.054
215.235
230.284
215.115
319.771
3928.99
393.752
248.814
217.339
219.102
249.383
217.449
217.539
217.502
213.448
228.851
222.406
221.588
448.854
227.59
229.879
233.918
239.022
219.872
323.424
225.381
255.507
242.887
235.985
237.992
240.313
224.469
222.163
221.005
294.858
263.747
267.151
822.647
294.778
273.982
253.264
231.831
268.155
234.111
235.765
237.468
252.81
238.651
200.603
185.318
166.357
187.769
174.876
175.246
171.691
171.116
237.406
215.137
199.872
198.094
210.733
200.659
196.412
198.949
195.081
216.631
196.763
196.617
178.441
169.869
197.252
171.164
168.204
167.955
170.505
189.834
168.583
169.155
165.959
168.455
176.672
173.959
169.562
168.389
166.307
167.344
184.787
179.43
217.386
173.062
170.47
191.537
170.288
170.518
167.798
170.19
186.982
172.274
168.757
169.11
166.878
169.929
189.512
169.96
167.678
168.476
168.491
194.615
174.157
169.508
168.976
170.475
166.508
210.163
219.648
225.136
194.486
202.898
186.222
186.249
185.265
185.448
198.771
189.322
184.834
199.969
194.849
190.607
184.953
183.65
188.789
217.887
219.557
192.338
198.013
193.284
204.777
191.874
190.127
190.656
188.249
194.079
190.157
190.457
187.306
189.448
191.745
192.295
189.082
188.398
190.394
193.155
190.458
190.285
189.503
190.885
238.756
198.713
190.558
189.782
187.072
201.758
187.967
188.158
184.536
185.82
198.988
188.215
328.108
198.721
203.417
190.732
187.308
186.882
187.393
203.467
187.148
188.035
186.466
186.905
200.044
187.646
186.363
188.044
198.67
217.314
213.397
193.846
194.167
194.889
215.319
197.792
195.762
194.031
210.982
196.378
194.778
194.998
195.479
215.376
194.357
194.199
194.204
193.497
208.261
195.135
195.664
194.946
194.925
203.698
195.409
193.92
194.119
205.007
193.616
192.188
194.224
195.449
201.612
195.065
192.054
192.84
192.717
205.826
192.46
193.198
191.588
192.443
208.004
194.478
192.77
191.564
191.91
211.124
195.471
209.84
193.251
204.097
193.944
195.239
191.949
192.357
204.81
193.807
192.127
219.627
208.349
194.471
191.868
192.92
199.741
207.714
193.712
193.987
192.965
191.464
204.931
195.453
194.756
191.524
192.44
210.782
194.464
194.193
211.808
202.154
194.571
191.961
193.585
193.061
203.871
194.283
192.448
193.652
192.299
201.679
193.877
192.042
194.836
191.136
204.743
192.761
195.179
191.802
192.153
205.709
194.322
193.197
193.022
191.254
205.017
194.996
191.939
195.663
204.015
191.622
192.456
193.047
195.056
203.3
193.889
195.133
193.198
195.046
207.153
194.271
192.245
194.488
193.856
213.531
198.891
195.142
192.789
193.519
214.281
193.495
193.174
194.004
208.998
192.6
192.8
192.794
194.164
235.3
198.987
195.564
194.735
193.869
206.999
191.33
194.782
192.085
194.148
205.529
191.98
194.819
194.08
206.599
195.971
191.538
192.114
195.201
204.329
195.627
193.515
193.074
193.536
207.336
194.815
195.815
194.304
192.43
198.972
194.776
195.116
191.944
193.696
212.168
194.935
193.294
192.789
203.116
192.219
193.699
191.222
194.67
197.318
195.811
194.109
191.942
197.489
207.404
194.265
194.334
194.144
194.144
208.423
195.029
195.102
194.454
194.051
207.985
191.699
193.886
193.489
202.589
195.844
192.72
194.621
196.179
196.831
196.62
192.403
194.003
193.533
213.318
193.047
193.035
195.147
194.701
219.894
226.887
211.783
209.891
223.72
211.927
230.724
226.988
242.737
233.021
228.522
226.784
227.924
232.062
216.061
210.985
208.351
227.574
210.955
211.801
207.927
222.8
210.378
210.167
209.073
208.866
224.848
209.394
210.05
211.984
230.471
211.105
209.612
210.17
211.394
224.63
208.856
210.879
209.581
226.91
212.994
209.931
211.004
217.776
210.17
209.127
209.819
215.67
214.792
207.482
259.097
238.727
243.99
229.28
210.059
201.357
211.132
198.712
198.019
198.516
195.141
214.053
199.28
198.811
195.876
197.538
209.295
196.742
196.636
198.293
196.892
200.94
207.984
218.541
201.644
214.764
201.716
200.663
198.192
201.084
226.694
197.706
203.259
202.624
222.57
201.508
198.654
198.173
196.895
209.252
205.798
199.815
197.349
198.337
214.494
200.194
196.622
199.4
211.012
198.357
196.672
196.622
197.377
211.473
198.26
199.156
199.883
197.033
211.804
198.381
198.267
197.214
207.35
201.611
200.218
197.221
198.417
210.276
199.122
199.719
196.348
196.071
220.445
197.026
199.136
197.653
207.347
199.476
202.914
200.676
199.924
208.739
200.423
197.358
219.392
219.256
211.178
210.023
229.843
228.478
232.712
212.986
214.447
211.9
222.849
210.496
210.294
221.598
222.04
213.367
215.156
210.942
209.574
221.28
212.029
210.326
209.34
229.003
213.472
211.034
209.257
210.71
225.639
208.91
210.58
210.113
225.524
213.845
210.032
210.279
212.269
222.774
210.604
213.866
227.77
241.662
228.432
225.265
228.572
241.461
227.887
227.84
228.424
241.561
215.282
214.015
210.29
209.542
211.072
211.109
209.13
210.989
222.841
211.32
211.58
209.545
221.554
212.231
210.306
211.199
210.017
226.152
210.457
210.933
210.664
221.493
210.282
214.738
208.429
580.058
236.899
247.998
258.287
226.023
277.673
289.86
214.226
223.229
227.216
226.284
224.484
203.349
233.376
219.384
222.724
213.273
219.311
227.108
224.55
221.103
295.055
233.399
232.371
226.531
238.296
228.212
247.114
211.459
287.81
221.165
229.386
209.764
237.694
219.93
222.518
278.222
226.17
220.736
202.105
220.492
220.394
306.696
221.037
241.606
228.752
212.196
205.432
252.535
249.772
208.74
225.915
242.005
217.109
216.66
276.598
266.599
240.842
210.222
228.319
249.846
266.988
256.147
271.423
311.184
326.947
222.445
252.467
326.964
223.673
243.78
232.943
220.633
232.628
302.82
228.443
204.755
182.605
179.731
200.755
182.842
179.266
176.316
175.502
175.598
215.297
182.368
177.212
174.286
176.749
191.284
179.911
177.468
174.801
172.797
197.886
179.928
178.388
175.504
175.04
187.38
185.375
178.755
177.278
175.642
176.601
205.754
188.81
189.228
241.548
263.359
197.524
190.751
193.37
191.483
204.413
192.326
191.8
190.738
191.221
202.895
202.276
192.853
194.527
192.172
212.692
192.898
192.389
191.937
207.753
195.533
193.487
193.326
193.571
203.488
190.393
187.794
188.057
187.619
214.979
191.325
181.939
178.951
179.289
200.65
188.345
185.512
184.986
181.287
184.626
187.001
184.02
183.963
208.789
195.46
184.934
181.825
196.435
219.4
211.957
190.934
189.017
189.472
189.051
197.087
189.801
188.648
188.474
188.484
200.419
187.554
188.916
189.575
188.682
202.467
189.608
187.759
189.972
188.387
201.222
189.909
192.99
190.801
190.17
206.712
190.39
189.09
187.33
186.521
199.331
187.819
187.259
185.328
189.648
199.42
188.901
185.806
185.364
189.368
199.464
186.727
185.793
183.095
205.527
250.22
228.398
227.593
226.485
238.868
225.882
210.53
198.344
212.73
196.966
194.507
195.827
195.259
211.262
188.753
187.469
187.487
187.012
204.91
188.118
187.425
188.66
185.981
201.407
187.262
186.816
185.796
187.196
190.886
192.087
186.651
187.106
194.731
187.887
191.315
213.722
200.112
198.998
181.108
179.018
177.619
177.651
189.037
182.216
179.406
180.478
179.183
179.734
184.99
180.73
177.622
179.593
178.618
194.841
180.629
179.35
181.003
179.099
219.022
205.512
200.889
201.662
212.299
203.824
203.267
202.041
221.512
249.469
229.253
220.565
232.218
198.995
171.953
169.89
169.051
168.955
182.447
173.612
168.221
168.81
168.402
167.688
178.513
169
166.889
169.348
168.465
181.728
170.774
167.58
168.627
168.074
166.467
178.521
167.028
200.779
224.034
213.819
233.173
209.602
197.665
197.304
218.857
217.475
224.333
222.378
207.155
239.428
211.142
208.83
204.616
218.428
207.115
207.346
282.862
217.665
194.342
194.477
190.702
191.607
211.33
205.594
197.866
197.093
192.519
197.678
193.698
196.209
194.278
205.327
196.582
193.809
193.159
194.216
206.736
193.285
190.754
191.526
191.814
208.672
192.394
193.49
192.612
194.456
206.27
194.16
191.506
195.547
192.62
210.124
192.337
193.434
193.02
208.209
199.966
194.143
191.713
198.774
210.797
195.878
193.815
192.986
192.793
209.206
192.579
194.02
190.783
193.557
206.638
195.029
191.912
193.166
191.848
209.28
192.143
192.329
193.61
203.316
194.528
194.407
192.505
193.256
300.258
197.749
193.429
191.92
194.083
205.384
195.96
194
192.008
207.361
215.462
208.769
206.239
206.116
222.621
210.119
205.933
207.388
226.25
208.886
206.543
207.293
205.535
217.004
206.556
206.818
206.524
216.747
207.416
208.807
205.223
207.724
220.183
206.137
207.843
212.883
219.202
208.045
207.819
212.402
209.103
221.695
209.665
209.321
205.425
211.782
207.521
206.063
205.247
206.491
220.901
204.743
205.263
208.174
218.519
210.245
205.752
206.877
206.903
222.818
207.002
207.028
204.699
221.779
208.438
207.964
205.413
206.928
215.319
195.693
194.39
195.943
194.678
212.936
195.049
194.023
194.056
205.223
195.993
195.753
197.046
195.469
208.104
332.958
194.771
184.901
192.014
188.274
187.128
185.886
185.358
197.782
187.412
185.197
184.492
188.85
195.346
187.469
185.626
184.231
184.639
195.905
185.239
186.838
182.763
183.623
198.552
187.289
186.201
185.766
181.875
198.411
187.717
185.725
184.616
183.84
208.188
186.631
183.948
185.264
182.694
198.022
186.675
184.137
183.717
184.876
182.377
189.211
183.924
184.408
185.918
191.223
188.648
184.705
183.153
185.28
182.48
189.695
185.779
184.828
184.471
184.741
187.485
184.215
183.195
184.907
183.309
195.686
183.509
186.36
181.4
185.045
211.666
186.658
185.566
188.399
185.121
200.011
181.318
182.804
183.945
185.203
196.477
184.528
233.716
215.466
212.82
198.159
195.226
193.689
196.691
210.869
196.416
197.006
193.975
196.663
215.183
197.223
195.176
196.278
205.632
198.546
195.299
196.522
195.357
207.888
197.545
195.674
195.637
196.574
209.932
198.564
195.03
195.37
196.258
214.507
198.106
195.723
195.075
206.658
197.301
197.409
196.107
194.494
205.945
197.529
195.373
196.492
195.165
210.015
196.712
197.537
194.514
196.272
215.162
202.39
198.971
196.252
205.024
197.04
196.188
197.442
196.348
210.618
195.975
196.964
198.21
195.924
208.174
195.138
194.515
197.944
261.897
274.184
190.056
183.208
184.802
197.715
181.733
181.565
188.775
210.822
187.633
182.146
183.517
183.833
196.312
189.387
184.667
184.059
183.313
197.451
187.95
185.876
182.992
185.759
183.135
190.035
187.063
184.831
183.941
184.669
193.692
185.34
184.97
184.336
184.123
208.303
188.161
183.65
183.497
183.697
197.238
183.544
183.333
192.807
189.725
201.98
185.736
184.522
184.458
185.337
200.436
187.717
185.28
187.724
184.658
202.968
188.122
186.965
185.084
185.98
199.18
188.195
188.284
188.786
184.736
205.315
230.988
227.296
244.516
234.251
227.837
228.77
226.881
243.314
232.392
216.564
200.97
207.605
194.035
186.273
185.464
188.094
199.265
186.6
184.492
184.921
184.883
260.081
209.05
197.512
197.745
196.272
207.061
198.267
195.028
195.753
194.601
206.39
207.085
203.171
195.903
213.537
205.836
239.788
206.965
198.396
207.716
193.587
195.112
193.111
203.713
196.335
192.889
193.379
198.284
207.876
192.224
194.627
191.587
193.205
206.521
195.293
193.521
193.23
192.288
208.594
193.806
194.3
192.636
193.407
211.753
192.385
192.798
192.372
200.249
197.728
192.417
193.939
192.329
201.532
195.454
193.888
191.721
193.352
209.782
196.783
192.489
192.571
194.029
207.821
194.005
193.856
193.645
193.223
206.917
193.744
239.91
195.787
205.618
186.982
179.623
179.075
179.255
194.291
218.049
192.47
184.241
184.187
196.001
186.537
185.353
183.221
189.86
194.038
177.383
177.836
175.921
174.554
191.232
178.531
176.716
176.446
175.762
176.699
187.678
174.592
175.216
193.224
185.278
198.15
184.383
183.417
182.271
183.6
203.327
186.702
211.583
209.568
195.72
192.583
212.64
211.58
212.605
203.343
186.978
213.449
212.056
188.313
205.499
186.006
187.778
187.955
195.047
202.413
198.746
182.858
179.961
180.864
198.229
180.025
181.829
180.046
180.767
203.248
183.2
179.697
182.144
180.125
193.525
181.252
180.77
181.79
180.873
195.279
181.53
180.316
179.933
180.751
195.784
182.022
208.452
205.478
205.792
219.585
212.568
239.639
222.189
236.994
186.152
188.76
208.751
209.211
193.532
192.322
190.253
193.625
198.75
193.372
193.541
192.565
194.495
214.002
197.569
194.093
193.662
194.019
205.114
193.397
192.693
194.209
192.391
208.728
193.896
193.019
238.788
236.866
233.364
239.631
207.449
221.271
234.372
207.887
207.517
213.173
229.268
235.357
234.019
237.012
230.324
208.227
205.861
193.556
203.238
194.165
194.119
194.162
192.643
203.069
194.537
192.496
192.041
191.777
203.797
195.245
194.498
192.589
191.422
203.838
194.036
192.959
194.247
193.734
204.772
194.061
193.338
193.445
235.043
225.136
205.695
330.886
241.274
228.057
223.72
224.006
237.308
244.025
236.221
210.113
244.785
211.267
234.34
208.104
240.044
254.2
241.701
207.732
247.048
248.369
204.052
190.72
190.28
206.958
192.092
194.95
192.772
191.018
201.331
191.934
187.867
189.869
189.87
201.925
192.643
189.875
188.071
190.784
201.277
190.721
190.771
190.915
189.346
196.976
182.54
178.921
178.711
179.624
643.248
225.909
208.221
208.416
206.687
242.337
254.116
271.421
256.266
258.3
259.754
221.415
210.474
205.331
205.512
218.408
205.901
207.279
201.782
221.963
208.345
205.027
205.599
204.276
216.274
208.365
205.227
204.332
218.805
206.153
204.413
205.58
204.254
219.098
207.299
205.632
205.364
223.771
208.071
206.276
207.995
206.207
223.518
207.206
207.279
205.984
219.503
207.022
205.745
206.564
205.144
210.323
206.981
207.692
203.226
219.225
208.673
205.69
206.035
206.137
220.307
205.297
205.244
203.707
206.519
220.807
204.655
205.547
205.431
221.084
207.246
202.928
203.828
204.901
225.228
205.923
206.368
204.041
219.207
208.074
205.608
206.441
204.532
221.441
206.754
206.119
204.111
215.517
205.18
206.949
204.339
205.719
222.056
208.278
205.11
206.45
209.29
213.785
206.597
204.017
204.974
217.722
203.973
206.851
204.095
219.787
209.441
204.349
204.209
203.767
217.753
205.545
204.61
204.462
203.059
217.115
205.783
203.96
206.393
220.146
204.784
205.397
204.481
204.084
218.119
206.37
204.035
205.668
214.453
206.53
204.97
204.098
204.379
223.199
207.606
204.598
204.384
213.686
208.224
207.213
206.968
204.179
215.41
206.936
204.275
206.838
206.107
209.004
207.5
207.164
203.836
218.154
204.859
208.243
206.611
205.31
221.461
213.237
206.213
205.301
218.234
208.75
204.528
204.967
205.236
215.459
207.036
205.532
205.788
223.033
206.156
206.971
194.395
192.077
195.139
190.922
189.541
189.912
191.55
208.605
192.91
192.308
190.979
189.086
202.765
191.394
190.777
191.205
203.108
192.636
192.067
192.741
189.662
205.685
190.484
189.552
191.301
191.313
206.534
194.738
190.955
192.386
192.014
204.18
191.536
190.889
191.807
189.765
205.806
194.36
191.596
192.842
191.968
202.131
192.024
190.65
190.372
194.956
227.345
306.359
192.602
184.592
201.267
186.171
183.514
183.233
203.843
207.443
177.467
176.739
173.013
173.337
187.226
175.479
174.925
174.531
172.501
205.882
197.174
189.949
198.775
194.968
203.632
188.42
177.154
172.716
175.991
187.74
175.109
173.261
174.838
172.748
183.569
176.583
172.495
221.795
208.756
207.056
197.287
223.646
220.358
215.804
228.922
196.624
220.641
222.25
220.311
193.308
192.394
190.542
189.725
199.994
190.635
192.08
190.978
191.329
212.721
199.585
190.156
191.528
197.805
193.108
191.552
192.532
189.694
206.519
194.893
191.773
188.232
190.717
207.776
192.096
191.856
191.067
189.517
205.197
190.756
191.961
190.846
189.252
203.961
191.929
190.864
191.462
190.593
210.055
190.964
191.642
190.56
191.749
193.63
190.695
190.463
193.081
202.693
195.883
190.512
191.81
191.08
205.407
191.974
203.222
198.908
191.65
205.107
193.347
189.731
190.623
190.589
213.405
198.52
196.235
195.595
194.845
244.701
197.582
196.311
204.234
210.461
196.29
197.928
196.929
195.99
210.915
197.537
197.784
218.725
229.983
202.402
195.52
193.505
244.98
245.752
245.518
244.973
245.374
257.063
249.818
242.474
242.12
266.468
256.565
263.674
262.059
268.402
275.343
256.328
268.456
267.984
241.915
242.666
268.613
264.532
266.151
276.092
270.149
265.19
251.834
246.73
256.787
269.605
279.407
266.824
262.865
265.048
306.684
266.871
266.567
274.248
266.585
268.072
214.518
289.365
255.811
218.627
217.214
226.233
226.381
230.387
213.187
205.578
224.315
206.916
205.225
204.973
220.66
206.183
205.842
206.149
206.992
214.624
205.893
206.933
206.855
217.773
207.028
204.041
206.684
206.58
218.126
207.723
206.431
206.651
213.341
204.456
203.072
200.541
203.073
214.892
203.403
202.687
201.705
200.951
217.418
200.729
202.997
201.575
219.509
206.222
202.41
199.659
202.935
214.664
201.695
201.205
202.104
213.748
203.824
200.936
202.742
201.8
219.145
204.322
202.199
201.288
200.562
218.865
210.132
201.703
202.52
215.72
203.918
202.477
202.227
199.924
216.924
203.262
201.973
203.361
202.886
218.324
202.003
220.318
229.407
240.242
220.215
221.091
222.461
237.033
219.186
323.055
218.607
239.677
204.466
204.341
205.137
220.222
204.624
199.102
204.359
205.749
225.024
206.925
206.066
201.851
206.698
214.197
207.617
205.856
210.816
255.126
197.98
194.53
193.445
193.078
207.814
192.829
194.043
194.27
208.549
191.782
189.073
187.62
190.194
207.036
195.917
194.745
200.002
194.083
207.725
195.275
194.862
194.023
193.779
207.205
193.341
192.531
192.144
193.083
209.437
190.748
195.446
194.875
194.814
205.999
192.926
190.844
193.437
201.744
194.182
192.044
192.763
192.499
203.159
194.213
193.208
193.006
193.35
210.176
196.14
193.052
192.907
192.513
207.176
191.159
194.312
192.625
192.008
209.372
192.796
191.467
194.615
192.057
209.053
193.445
194.799
190.547
192.892
197.064
193.815
193.141
194.179
207.202
194.964
192.549
193.587
192.469
218.179
225.124
206.52
202.825
189.127
202.71
187.963
186.3
188.481
186.958
198.414
187.078
187.914
186.276
185.714
197.58
187.806
184.864
185.731
185.177
208.161
186.784
184.492
185.309
188.332
203.226
187.398
185.708
185.641
185.497
200.071
186.824
186.98
186.049
186.096
201.223
187.028
185.918
186.594
185.28
202.43
185.531
187.24
187.305
186.401
202.08
186.335
186.447
189.758
187.235
201.054
186.922
186.267
185.902
187.015
201.545
187.77
186.163
185.785
187.177
206.7
187.369
187.052
186.564
187.503
200.177
188.071
187.122
187.025
186.613
199.189
187.887
189.01
187.417
187.205
199.5
188.014
186.227
187.817
186.847
199.515
185.367
224.646
209.952
193.418
204.619
188.844
188.432
187.97
188.359
193.768
188.921
188.989
189.437
198.068
188.649
190.678
187.71
188.091
200.994
189.033
189.103
188.308
188.038
203.072
189.968
188.555
189.187
188.725
203.496
190.089
189.121
189.665
188.502
205.542
188.392
191.943
181.851
180.008
194.838
199.45
194.491
191.596
189.922
199.842
192.364
193.812
191.693
192.547
207.533
192.997
193.033
193.674
190.284
210.5
193.346
192.067
190.588
192.732
193.287
192.946
241.488
202.366
206.484
195.278
191.096
191.312
193.162
207.293
193.765
191.888
191.699
193.959
213.442
192.449
193.915
191.846
192.047
192.974
191.083
197.26
231.723
218.768
198.949
203.283
202.351
198.982
216.176
197.803
204.242
197.309
210.067
202.468
198.518
197.909
196.532
209.341
198.48
197.314
197.815
204.585
214.007
198.244
199.867
198.083
205.331
200.209
197.458
197.03
198.52
211.256
197.722
198.01
196.957
196.311
214.22
197.181
198.877
196.774
209.955
201.201
197.541
195.987
198.126
210.962
197.936
196.95
197.696
196.999
216.932
197.135
198.323
198.561
205.722
200.212
198.11
198.862
219.419
219.667
293.228
200.669
193.043
207.807
197.121
191.316
191.631
190.812
205.104
192.015
189.407
190.232
203.822
211.009
187.584
183.199
183.827
185.969
253.768
196.833
186.835
192.017
186.299
194.056
188.117
186.321
186.158
185.462
189.244
237.29
236.171
233.966
249.274
239.602
224.272
237.732
236.011
236.905
227.71
223.684
238.072
235.972
224.709
246.459
244.97
238.251
229.304
218.293
214.631
198.544
198.397
195.918
196.733
209.1
196.596
197.464
198.083
199.77
212.874
197.751
197.009
198.812
211.328
199.767
198.102
198.36
197.437
217.391
200.171
199.777
197.626
198.071
214.982
200.628
199.232
197.562
213.672
201.232
197.719
198.538
199.175
214.727
200.61
199.136
197.788
199.407
216.278
197.869
198.887
198.203
208.519
220.328
222.425
207.93
208.091
240.656
213.905
227.182
224.495
224.718
225.07
225.334
221.196
247.874
217.995
213.673
226.928
212.277
230.053
214.697
224.729
226.742
229.806
214.453
213.421
221.701
226.898
230.011
229.795
214.326
230.703
249.176
248.749
248.301
226.561
217.626
211.626
228.083
212.954
223.939
212.667
209.562
207.52
228.255
215.436
203.295
208.802
208.964
221.024
207.387
204.7
216.032
213.462
198.956
196.53
196.745
197.525
209.568
197.329
196.045
195.089
196.472
212.473
195.597
196.667
206.823
209.719
199.194
195.065
197.155
196.397
204.971
195.828
217.449
201.636
187.201
186.74
183.237
182.945
181.401
184.551
194.569
182.55
183.161
182.241
181.571
196.713
184.839
183.201
181.691
185.522
200.752
186.088
182.941
183.006
184.144
194.999
185.036
183.682
183.64
182.933
193.955
184.591
182.995
182.737
183.12
183.252
185.864
182.385
183.964
184.271
188.027
206.659
205.002
201.595
201.675
222.172
210.971
200.315
200.334
209.968
212.676
197.587
206.559
201.32
211.775
211.385
205.457
199.031
198.292
220.12
202.96
196.879
200.969
187.239
208.953
186.479
183.802
183.195
183.443
202.413
185.942
183.928
182.857
182.714
194.653
185.034
186.087
182.292
183.185
194.406
181.973
181.159
228.682
200.735
214.416
192.024
192.831
191.988
198.747
194.112
190.951
191.575
192.7
205.424
192.3
192.13
192.181
191.405
205.059
192.749
198.015
191.378
191.816
211.75
194.354
191.693
190.392
192.06
213.868
