272.228
257.305
195.51
209.284
186.351
227.024
229.92
239.84
232.714
228.864
190.648
183.286
186.216
183.352
184.086
183.353
183.87
197.876
185.173
183.085
184.339
183.396
206.143
218.642
244.787
200.468
202.306
195.964
188.502
186.004
186.436
201.835
190.306
186.376
186.46
187.282
226.452
235.624
198.447
180.732
233.803
175.866
170.691
172.158
172.879
179.987
198.482
176.218
174.082
191.413
184.004
191.543
192.643
187.596
191.286
189.552
242.351
283.209
284.61
372.084
270.688
334.504
344.263
253.094
245.846
251.699
248.622
240.468
241.036
681.838
312.594
285.979
258.177
248.479
247.055
254.36
255.392
245.575
259.016
254.276
248.053
243.091
268.863
222.236
219.367
211.425
216.299
213.975
214.157
216.877
211.028
233.217
212.774
214.988
215.369
233.036
214.046
212.802
215.538
227.964
218.16
214.471
215.747
213.779
225.755
211.764
211.932
213.996
226.605
214.976
213.629
213.732
239.319
213.147
213.428
215.379
239.791
232.492
215.236
216.329
218.159
239.53
227.226
220.378
241.451
238.053
220.923
223.74
220.028
237.799
225.557
239.268
226.195
261.327
234.327
232.248
259.938
255.166
229.635
261.849
238.32
250.411
243.65
239.229
236.741
223.006
237
219.851
233.71
249.749
226.664
227.336
226.213
240.281
220.959
222.524
224.556
243.631
226.206
224.026
226.51
237.223
222.267
222.032
217.548
215.962
268.201
228.125
217.619
226.908
246.777
229.051
225.936
223.205
252.904
198.872
191.92
181.996
181.286
211.299
181.648
180.616
180.492
180.511
191.126
209.424
193.136
181.17
180.249
193.282
178.347
194.607
183.212
178.613
198.941
179.75
180.155
178.036
176.732
190.396
178.46
177.497
203.95
203.215
204.128
179.218
178.035
178.414
177.702
189.803
179.821
192.82
181.925
177.935
191.927
180.532
178.363
178.838
177.068
194.012
179.834
178.513
177.412
191.77
203.77
186.433
184.342
184.938
234.658
208.237
185.174
234.85
193.066
186.519
189.572
237.361
233.834
236.846
207.783
237.267
238.834
241.526
249.214
237.686
236.97
193.973
197.989
188.365
185.876
184.739
183.918
197.86
186.8
186.794
183.93
184.498
206.306
184.956
219.319
223.103
189
243.064
210.437
207.543
206.39
222.273
204.473
204.714
209.578
247.003
213.494
213.301
213.584
214.156
282.315
214.747
232.522
204.288
245.931
233.01
233.32
229.722
216.049
203.747
201.782
201.405
201.736
235.469
216.432
219.196
212.155
218.427
212.676
212.842
212.178
223.123
213.491
211.857
211.566
218.597
233.849
213.027
211.573
213.257
226.42
213.657
211.599
211.012
216.774
209.445
208.315
207.628
207.794
219.806
215.097
211.783
212.171
223.933
217.806
210.635
207.199
207.021
216.603
207.918
208.092
208.657
218.443
210.874
209.722
212.342
212.089
222.808
213.389
214.735
209.418
228.018
222.1
197.008
241.289
254.417
243.525
239.674
238.718
255.419
243.453
240.376
254.835
217.615
191.424
186.464
184.673
187.58
195.046
187.319
185.845
186.526
191.065
198.846
186.056
187.981
185.09
193.334
196.546
187.965
187.96
186.037
184.583
196.586
187.56
187.43
185.479
191.323
197.013
187.492
184.314
186.757
184.258
203.807
189.259
186.516
185.981
186.39
187.271
186.799
184.687
187.647
183.748
215.041
189.993
186.892
182.732
186.067
197.07
187.604
186.011
184.465
185.775
202.116
188.288
192.964
186.187
185.962
189.611
187.236
188.507
186.504
184.325
199.367
186.898
186.288
184.964
192.33
198.29
187.512
183.484
187.506
183.992
198.648
188.579
186.113
185.374
186.483
198.005
182.729
179.579
179.205
178.601
178.851
201.605
192.114
185.966
189.645
251.62
203.756
192.724
254.036
252.486
209.04
215.583
237.803
235.552
252.699
206.403
237.858
218.544
243.865
241.993
251.199
237.852
249.738
214.498
216.195
237.144
219.102
201.876
202.758
202.57
200.937
218.892
204.405
203.329
201.558
217.321
205.744
201.885
190.468
189.353
204.067
207.419
203.943
201.494
190.941
214.423
201.057
201.433
201.952
202.591
191.539
190.07
188.696
189.982
199.851
202.287
191.71
190.27
189.484
200.204
190.106
189.852
190.039
189.097
199.215
188.531
187.625
184.9
187.322
200.613
188.619
188.055
189.738
186.754
199.845
187.696
187.456
186.833
185.322
206.243
190.42
186.711
187.577
184.765
199.999
186.765
187.676
187.991
188.56
198.498
187.888
184.953
188.994
186.083
198.128
186.898
186.367
189.123
188.158
200.482
189.88
189.171
191.716
191.355
202.979
190.246
188.558
188.234
189.079
192.88
189.023
188.366
189.766
191.011
199.169
189.241
190.15
187.54
189.828
210.126
190.708
190.424
188.785
188.409
203.586
189.257
192.869
204.939
198.371
192.195
189.736
186.732
187.942
195.313
189.866
189.895
187.891
188.769
201.811
190.909
189.795
189.942
188.951
208.296
192.846
191.403
189.675
189.106
200.593
189.776
185.762
187.9
209.947
211.262
201.798
204.782
201.326
201.685
218.186
202.312
203.226
200.826
211.854
202.343
201.203
201.311
200.663
213.088
201.592
201.819
200.044
198.159
212.604
203.466
205.04
202.762
210.922
202.438
199.757
200.736
200.312
212.54
199.62
199.271
201.688
200.773
210.964
199.159
200.273
201.676
215.526
203.545
201.692
201.334
199.334
213.538
201.839
201.839
201.143
201.281
205.889
201.367
198.958
199.704
201.079
204.465
200.555
199.69
199.614
212.324
201.443
199.696
200.323
199.46
212.118
203.349
201.643
200.643
202.797
216.779
201.711
201.367
200.111
212.302
205.233
201.719
200.27
200.968
214.221
203.259
200.252
200.642
201.425
215.309
245.338
228.81
198.871
214.308
200.474
199.918
198.934
201.177
210.474
197.885
196.445
197.993
288.866
209.689
198.627
196.964
194.507
208.693
196.298
198.444
195.292
210.276
198.744
197.094
204.669
194.534
211.918
195.557
193.988
194.905
191.732
209.92
191.52
193.475
189.992
193.704
203.304
194.015
192.555
195.968
190.843
205.92
190.023
195.299
191.307
213.279
194.206
193.361
196.183
194.899
208.429
195.217
190.748
194.935
192.017
208.348
193.097
194.146
190.251
193.902
201.221
194.68
192.932
194.787
197.559
199.145
183.369
185.054
181.659
184.241
216.622
196.087
192.535
195.666
213.765
197.803
212.101
200.579
195.349
211.442
194.884
196.837
193.377
196.747
209.184
198.697
195.56
195.962
205.284
198.303
194.005
197.756
192.512
212.492
203.262
205.475
194.868
208.176
197.824
199.108
195.145
196.967
196.275
205.989
187.208
188.177
186.474
186.838
217.365
191.903
192.362
191.759
197.686
192.834
188.41
190.507
188.09
202.378
192.137
189.855
187.437
189.111
198.552
191.088
189.147
190.417
189.677
205.067
188.673
190.13
189.692
190.68
202.802
191.419
189.574
189.999
189.193
206.768
188.056
190.286
187.97
191.597
203.025
191.671
187.555
195.034
189.195
211.71
189.481
191.465
190.296
192.251
201.353
190.173
189.397
190.766
198.637
194.594
188.294
189.982
188.91
202.474
202.742
196.788
193.557
195.828
214.942
197.211
193.211
195.389
201.722
215.801
198.157
196.986
193.353
204.339
204.068
204.258
202.231
204.231
213.965
205.439
208.038
205.041
203.314
216.527
202.224
198.687
201.285
212.784
205.888
200.886
200.428
199.626
212.976
200.03
201.891
199.717
202.417
219.725
198.094
197.882
193.905
211.981
204.115
196.546
195.082
197.839
207.756
197.536
194.898
197.403
194.549
209.854
196.152
196.564
194.377
195.87
208.5
202.621
193.433
196.971
214.42
198.186
193.915
196.42
195.62
209.849
195.024
197.19
196.159
197.795
208.325
197.678
196.056
196.05
198.463
198.406
195.074
198.374
194.428
215.633
195.687
198.558
194.304
197.004
208.237
196.044
201.432
213.425
198.66
202.829
192.442
239.005
196.3
210.267
191.373
192.828
191.868
191.275
198.678
237.986
264.947
265.197
269.081
266.882
262.612
277.663
265.719
263.091
266.784
281.545
262.808
265.939
278.196
265.936
265.347
263.138
282.271
270.222
262.45
278.5
269.235
263.398
264.897
284.775
264.717
269.356
262.925
271.262
263.243
263.867
278.153
265.607
266.528
267.517
294.179
195.926
191.473
193.136
208.542
192.049
192.262
194.262
190.575
207.48
193.318
192.237
192.231
193.227
203.686
192.826
192.057
191.405
190.702
205.594
190.903
193.895
190.828
204.337
194.761
193.292
190.974
193.577
209.823
193.555
215.53
200.702
187.325
204.341
188.685
187.036
186.069
187.821
204.519
190.262
187.758
186.985
187.054
199.479
185.782
188.516
188.508
187.283
198.998
188.79
186.667
187.304
187.842
198.498
188.693
188.736
186.88
187.9
202.162
187.957
186.31
188.997
187.277
204.293
188.838
187.68
187.195
189.582
188.883
187.392
188.956
188.188
200.034
191.036
186.381
188.856
187.409
200.158
189.758
190.069
186.645
188.655
200.775
189.038
186.168
187.412
190.422
214.837
192.572
190.552
188.942
190.87
206.851
192.764
191.158
191.081
189.041
207.195
190.552
191.047
190.265
190.761
194.183
192.383
188.712
190.791
190.436
208.521
190.53
192.615
190.259
190.882
195.176
193.567
188.852
191.245
197.997
193.886
190.911
190.379
190.767
201.968
193.381
191.44
191.345
190.492
206.294
194.062
189.907
194.874
191.983
209.155
188.739
191.245
199.576
193.356
195.685
191.82
199.79
202.608
191.101
206.487
192.445
191.446
190.343
205.059
194.128
191.525
191.512
191.429
201.233
195.876
189.835
192.314
192.556
209.691
193.263
193.1
190.37
191.842
205.634
192.042
190.938
193.847
190.152
210.763
193.45
191.74
191.323
193.224
204.527
193.901
188.782
191.856
206.349
199.041
191.555
192.344
191.087
202.195
193.17
194.487
191.291
192.661
203.446
217.367
198.756
202.661
240.519
242.404
238.764
241.468
255.68
242.035
240.286
240.438
241.523
241.679
239.637
241.434
240.611
242.14
240.687
238.242
278.752
202.225
190.298
191.338
190.004
207.951
188.098
211.771
189.684
192.07
199.106
190.138
187.057
190.001
199.097
191.371
189.263
190.763
188.641
204.856
190.588
180.399
177.975
177.13
188.206
180.804
173.633
175.768
184.591
178.041
196.338
176.754
174.828
178.44
175.882
219.307
201.118
199.193
196.423
196.555
202.986
199.592
197.485
200.573
207.077
200.164
199.839
198.222
194.769
218.766
200.812
200.871
199.696
196.293
215.857
203.876
201.229
201.55
211.845
203.321
201.054
202.799
197.612
212.453
212.594
204.531
198.395
224.828
201.093
224.935
225.219
256.697
207.023
205.77
180.967
184.971
200.678
182.505
178.902
180.76
177.529
194.859
181.827
179.635
178.378
191.832
190.222
180.75
179.343
180.266
179.117
181.105
208.489
202.107
201.132
202.556
215.223
203.484
200.555
202.81
213.699
200.675
199.996
202.813
201.421
214.844
201.28
200.965
200.678
220.474
202.672
203.304
201.875
202.485
217.857
203.595
201.028
207.791
213.34
203.181
200.838
203.398
200.402
203.668
201.159
201.091
201.654
216.68
201.707
202.02
200.916
201.64
216.531
202.892
200.095
201.723
214.583
205.123
200.991
203.773
200.658
217.326
202.416
235.614
309.404
213.744
203.076
187.464
182.673
193.536
183.281
183.695
183.551
183.445
191.584
180.341
174.059
174.868
172.809
175.463
188.626
175.843
173.437
177.421
173.568
189.467
175.213
175.99
172.99
175.601
187.409
178.608
175
173.932
175.577
183.413
175.734
174.898
173.749
175.9
173.587
190.005
174.146
176.685
174.997
177.596
203.469
179.911
175.914
176.933
175.286
192.327
176.689
178.01
172.6
177.798
185.701
177.114
173.695
176.275
174.48
177.692
188.981
175.887
172.953
175.918
172.422
192.517
177.346
174.964
174.015
175.857
187.822
179.359
175.551
188.079
189.243
199.623
187.174
183.953
184.109
185.834
184.849
187.804
185.831
187.011
182.748
197.283
186.035
183.95
185.654
184.643
197.83
191.01
185.482
185.085
183.204
209.701
188.167
187.048
185.156
187.695
187.755
188.354
184.042
186.511
182.552
198.088
187.225
188.621
184.367
186.507
193.415
187.431
182.852
184.642
185.237
201.36
209.825
192.708
192.846
192.284
203.629
192.299
192.401
191.671
188.718
201.109
190.017
191.045
189.332
190.21
201.927
192.366
191.194
188.691
189.643
207.468
191.16
189.938
191.651
191.589
205.746
191.385
191.454
199.007
199.434
193.385
192.928
193.332
189.68
204.009
190.726
192.294
190.268
190.765
206.845
192.573
191.923
189.523
189.443
208.017
189.731
191.695
190.462
192.059
204.047
192.504
190.401
189.743
190.071
202.81
192.946
192.738
188.319
189.98
212.802
193.304
191.514
190.142
203.95
195.601
188.875
190.892
188.225
201.229
192.12
189.006
190.263
191.828
200.032
193.957
191.618
193.082
189.182
207.621
190.835
191.019
189.581
190.568
202.926
191.899
192.005
190.579
190.813
203.117
188.387
192.008
189.563
190.712
210.008
193.126
192.397
191.545
188.977
193.908
192.511
191.512
188.447
203.842
194.869
192.816
188.915
188.246
210.254
186.022
182.748
186.506
184.406
202.886
182.182
183.027
194.149
210.504
215.668
182.161
176.835
178.245
175.592
197.645
178.426
178.477
176.676
176.871
188.026
182.065
176.237
177.409
176.053
174.878
182.883
177.629
175.915
179.184
176.502
203.203
180.701
180.829
178.98
180.968
194.672
184.029
180.784
182.089
179.446
191.927
175.199
176.47
173.792
176.364
219.127
205.164
202.222
203.235
218.345
204.753
204.975
204.888
202.573
221.412
202.04
204.058
203.264
209.438
198.145
199.832
198.135
198.271
216.653
203.104
200.871
202.509
212.52
204.149
201.112
202.255
200.901
218.583
202.074
201.868
202.548
212.149
201.063
282.839
208.072
218.853
181.507
181.895
179.551
180.474
190.652
182.676
179.989
179.564
179.13
192.91
181.807
181.052
179.746
180.212
178.786
196.627
212.853
203.96
197.798
213.657
198.354
200.222
197.728
198.189
208.839
199.65
198.91
198.535
197.87
210.658
197.972
199.517
196.962
217.063
200.582
199.449
198.045
199.252
212.145
198.871
198.116
199.139
198.744
223.996
208.925
199.048
197.406
211.298
196.48
196.095
195.225
199.404
211.301
198.907
197.571
197.828
197.954
218.241
199.62
199.379
197.169
209.975
199.692
199.729
198.612
205.807
209.962
201.794
196.534
200.176
198.642
212.541
197.256
195.916
196.11
202.185
198.85
196.768
196.18
197.37
211.505
201.734
197.897
198.669
197.326
202.892
196.741
198.56
196.714
197.161
208.381
200.349
196.17
198.401
206.318
201.114
197.914
197.614
196.958
216.775
199.512
198.02
197.102
196.884
207.472
199.338
198.326
199.111
211.117
200.567
195.148
201.247
198.679
210.977
201.16
203.084
211.01
211.295
256.835
195.705
201.858
190.201
198.964
192.026
183.938
187.157
182.63
196.125
185.055
183.62
185.319
184.282
197.647
188.356
181.775
183.635
184.023
193.65
187.825
184.805
184.032
184.095
192.618
187.833
183.35
183.767
184.299
184.393
196.844
184.721
183.21
183.888
183.746
196.58
186.754
185.168
183.903
185.404
194.793
185.543
185.49
184.634
185.028
201.632
184.455
396.084
201.475
204.835
189.701
239.178
238.521
253.592
237.337
238.197
238.753
255.451
239.229
240.598
240.071
244.706
240.645
236.907
237.629
241.331
227.084
237.929
238.584
245.686
240
240.869
238.555
240.476
238.327
237.217
245.395
244.369
238.39
237.988
237.909
230.695
239.694
238.504
241.765
241.879
240.983
241.397
238.122
242.621
238.287
241.845
242.219
245.985
239.402
241.927
239.386
240.594
241.532
242.463
239.671
252.195
241.872
241.839
237.903
248.57
240.104
243.106
241.581
256.709
242.708
242.159
192.449
203.991
192.318
191.485
191.705
190.955
199.556
190.498
187.933
218.428
190.005
205.786
189.208
187.759
187.482
188.997
191.786
189.545
187.425
187.771
188.642
191.954
187.834
189.415
205.845
204.071
191.59
196.252
182.874
178.176
192.709
183.295
177.301
179.333
176.964
175.851
185.773
180.155
219.209
205.232
189.133
171.419
165.298
175.944
217.695
222.594
197.881
191.938
188.753
190.364
201.768
193.451
192.128
192.248
190.158
205.087
191.126
190.915
190.466
191.316
207.372
191.581
187.701
191.015
188.409
210.103
193.047
193.09
193.765
203.686
195.89
195.456
192.582
192.82
206.885
195.412
194.67
193.184
192.777
205.478
185.445
184.916
184.36
184.679
206.083
195.526
195.045
191.66
191.215
245.244
229.24
190.429
188.381
202.792
190.697
190.323
188.038
187.653
201.755
191.169
191.215
190.724
186.807
207.243
190.165
189.855
187.33
189.247
202.947
190.711
188.095
190.092
187.012
196.348
189.196
189.645
191.152
190.618
204.559
190.601
188.348
191.135
188.123
205.752
190.39
189.806
188.876
205.776
192.174
190.5
187.747
188.856
201.744
189.255
184.428
187.386
182.994
207.74
192.973
191.698
191.187
192.624
197.107
191.16
188.579
190.135
190.075
206.363
191.216
190.528
188.128
190.104
205.869
190.919
188.155
188.625
213.434
221.29
199.584
201.154
199.426
211.44
201.543
200.716
202.034
201.923
238.257
200.949
199.369
201.269
201.726
202.674
201.856
201.856
198.996
246.922
200.753
200.847
200.103
200.148
201.887
202.474
199.668
198.758
212.842
201.248
200.529
202.478
201.773
217.559
201.192
202.021
200.767
213.137
203.056
200.289
202.491
202.556
214.579
201.89
201.234
201.28
199.98
215.835
201.874
202.704
200.212
216.443
201.916
202.015
201.593
199.892
215.481
200.802
200.476
206.3
210.106
204.008
200.111
202.255
201.693
255.085
202.114
200.918
201.556
212.866
198.567
199.127
202.187
201.712
251.704
202.943
201.632
200.742
214.98
205.147
203.808
201.925
200.713
211.548
201.027
201.997
199.607
202.521
215.744
202.551
199.344
202.08
217.869
199.347
197.537
198.962
227.971
261.039
206.847
194.939
187.025
242.414
232.981
201.225
223.997
212.255
227.237
231.759
230.464
240.001
207.289
230.658
233.131
238.586
232.546
230.799
232.141
233.599
232.291
231.762
243.491
232.086
234.828
233.778
223.71
195.232
188.297
188.453
200.271
191.218
188.808
189.764
187.467
208.292
223.837
210.852
205.915
205.027
217.361
205.102
205.494
203.854
215.956
206.494
206.257
194.242
192.91
206.414
191.303
191.509
191.392
190.928
208.997
192.628
190.33
191.101
191.613
207.326
191.754
192.209
191.506
192.091
193.496
191.191
191.626
191.737
198.206
194.919
192.238
191.295
190.347
205.739
193.25
191.499
190.621
190.162
208.328
194.54
189.95
192.575
190.666
207.303
192.79
192.342
191.873
192.155
207.202
190.631
191.067
189.855
188.292
205.01
194.949
191.538
189.851
204.06
193.96
191.536
189.969
188.894
205.263
192.715
191.397
191.497
190.46
204.375
190.567
192.7
191.692
190.814
204.285
190.521
191.238
191.827
188.579
206.092
192.179
192.275
192.48
191.617
200.657
192.108
191.427
191.259
202.909
194.79
190.233
191.37
190.784
202.821
192.312
191.275
191.557
191.954
205.398
191.382
190.486
190.804
190.527
204.646
193.927
192.134
191.445
192.321
205.274
192.576
191.403
191.385
193.578
196.595
193.161
194.032
192.468
201.939
194.768
192.96
193.475
193.927
206.316
194.645
192.052
193.477
190.864
207.19
194.528
193.464
191.339
193.127
208.66
193.305
191.476
190.227
194.14
196.686
192.255
192.543
191.039
192.312
212.456
199.166
169.307
165.421
177.842
166.681
166.627
164.849
163.8
164.318
183.801
167.884
164.008
164.85
163.984
165.554
179.954
166.667
166.811
166.053
163.349
181.064
168.362
165.845
165.728
165.348
165.596
177.605
165.391
165.933
166.754
166.156
177.027
167.68
166.823
165.698
165.565
166.594
184.176
167.403
166.003
165.545
168.369
176.899
167.015
166.968
166.485
166.2
166.44
179.178
166.207
165.926
166.407
223.834
212.438
200.863
198.965
198.73
200.943
211.56
198.39
199.362
199.392
204.272
200.209
199.636
201.23
199.653
214.35
200.952
198.882
197.821
198.513
212.68
200.85
199.572
198.33
209.405
201.143
199.903
198.149
198.781
217.01
200.151
200.3
200.668
199.172
219.181
202.207
199.703
199.567
205.123
201.041
201.889
200.394
199.051
212.715
202.742
201.775
200.763
199.596
212.876
199.672
203.359
234.404
235.028
215.77
213.971
211.269
223.584
205.073
200.774
212.69
214.12
217.828
204.7
199.256
212.269
222.692
203.596
199.972
213.815
213.642
219.272
185.849
188.703
170.852
167.927
185.806
171.723
171.776
171.138
170.065
191.67
172.326
168.145
167.627
167.945
168.936
186.186
168.435
168.753
167.325
167.783
178.17
170.282
167.935
168.552
165.876
166.691
183.887
169.711
167.346
169.515
169.545
178.624
169.124
168.362
167.392
168.845
166.942
185.998
169.49
169.03
167.056
168.295
177.485
170.092
166.835
168.724
169.37
169.644
189
169.255
167.058
167.379
167.19
182.542
171.542
168.792
167.108
169.255
168.789
189.475
169.349
168.776
168.266
168.254
181.196
170.414
168.956
166.971
166.697
169.454
181.227
170.278
169.054
169.617
178.692
191.446
169.294
168.269
168.171
168.3
212.339
198.615
192.414
192.209
189.568
205.268
193.355
191.637
189.554
192.212
204.071
192.255
190.513
190.838
191.858
207.18
191.81
192.168
190.673
191.563
204.188
193.484
190.017
191.666
190.15
194.24
192.174
191.974
190.1
203.766
192.132
192.539
191.446
191.482
201.801
192.265
191.152
191.148
191.596
203.032
190.483
191.514
191.055
190.912
203.741
192.937
191.71
192.661
190.039
208.903
190.844
192.585
190.579
191.036
210.488
193.785
191.42
192.125
191.57
194.853
189.876
190.607
192.655
199.995
192.492
191.28
190.007
192.105
195.644
192.693
192.556
192.104
191.726
209.988
192.375
191.671
190.112
193.574
222.398
205.029
202.186
202.523
203.412
205.903
204.99
203.574
203.128
218.695
202.727
204.209
203.569
203.276
222.654
204.409
203.042
203.764
216.192
203.864
200.613
202.296
203.006
238.497
200.837
185.989
184.62
184.742
198.39
182.968
183.409
183.623
182.849
200.639
179.771
178.398
179.801
179.331
198.909
183.208
181.243
181.398
180.717
197.093
182.047
182.504
180.288
181.087
193.689
184.522
181.879
182.888
181.413
193.428
193.719
186.694
181.625
182.925
195.948
183.466
182.377
183.376
181.083
193.749
264.109
217.033
183.661
200.405
187.481
197.95
263.771
189.574
194.928
181.744
177.896
179.817
176.568
189.024
178.512
180.005
176.454
178.51
185.118
181.528
175.822
178.3
177.455
179.121
208.558
181.107
183.816
181.326
177.885
190.712
176.937
179.329
176.392
180.513
188.696
181.389
177.472
179.213
180.241
205.584
209.23
201.936
196.24
198.187
206.04
203.199
206.497
206.126
219.142
212.709
202.797
206.425
203.693
217.283
203.65
208.853
204.834
217.027
207.716
205.34
202.916
205.418
218.33
205.749
200.841
202.772
198.971
241.474
207.328
206.648
213.565
222.495
207.366
206.941
204.323
205.331
205.632
205.753
203.175
208.965
217.258
208.104
204.205
201.036
227.196
235.187
214.552
211.015
206.062
218.853
206.021
209.047
204.535
215.65
211.827
208.853
206.134
210.314
216.892
209.261
205.803
207.011
221.262
210.664
207.93
211.393
205.291
225.955
202.851
203.001
201.957
217.042
198.059
208.111
201.96
204.88
215.323
202.992
199.503
204.864
204.63
218.162
201.033
202.929
200.541
229.972
205.762
205.438
201.876
206.456
216.106
206.755
201.35
203.274
213.286
206.703
201.057
206.865
200.966
217.187
199.987
197.978
195.767
199.052
220.375
205.56
203.109
204.217
214.938
205.701
201.875
204.405
203.416
220.519
203.547
206.528
202.34
223.159
199.152
199.574
196.101
200.633
218.591
204.308
202.661
204.342
200.889
216.197
203.941
203.527
201.398
214.033
205.268
203.656
202.847
202.119
219.496
204.917
203.496
203.217
215.036
199.661
196.831
199.963
195.83
222.113
200.742
202.771
204.651
293.482
225.291
220.582
217.073
233.627
227.182
241.04
219.118
217.163
219.86
218.35
215.759
218.403
237.927
220.676
219.977
217.726
234.765
220.372
217.785
220.991
231.977
221.885
217.747
217.642
216.789
232.503
215.235
222.21
218.667
247.81
234.062
228.377
227.978
244.732
242.745
233.123
233.395
248.075
230.946
229.795
242.213
241.277
233.241
228.279
223.965
237.957
222.667
229.473
228.973
230.47
213.42
213.893
210.817
213.381
217.143
213.163
212.282
212.877
224.105
214.889
210.267
213.498
231.783
236.059
215.242
213.314
211.637
222.772
211.3
213.211
210.845
229.818
209.162
208.529
207.586
211.512
233.581
215.998
213.154
215.523
229.178
215.506
210.694
215.022
231.342
226.988
215.289
211.523
208.762
221.206
210.769
212.76
210.203
223.524
212.62
213.016
209.575
212.032
216.45
212.049
208.474
211.081
225.268
216.913
214.501
213.03
210.287
224.236
210.33
213.611
213.337
226.45
212.288
213.247
208.161
208.703
223.292
202.675
236.786
344.616
220.093
208.616
205.756
213.187
227.215
217.632
241.027
219.409
396.932
244.522
287.385
240.754
245.714
208.89
200.603
200.862
223.142
221.369
203.069
204.522
199.156
179.186
175.644
175.718
173.318
184.365
175.243
175.105
175.586
175.19
173.264
195.427
175.36
173.975
173.326
174.874
204.478
179.442
176.537
179.704
178.951
210.128
179.311
178.574
190.561
181.478
194.15
227.913
190.758
184.03
180.125
196.783
225.722
197.325
180.486
180.949
209.846
216.424
203.964
194.575
310.783
214.422
204.91
199.051
206.746
203.321
200.563
206.378
197.569
213.131
195.598
191.354
189.697
198.33
222.562
204.196
200.367
199.397
213.616
202.825
201.615
187.568
183.731
202.9
184.196
184.556
182.869
184.341
192.691
186.601
181.543
188.362
181.121
199.185
186.869
185.715
183.921
184.577
183.16
188.671
184.364
185.382
181.987
183.243
198.975
184.969
184.208
186.138
181.957
196.968
194.213
224.576
202.222
229.943
206.41
195.459
192.172
198.675
204.078
192.498
190.453
192.576
190.414
210.767
190.823
191.593
189.942
190.21
201.117
190.605
189.762
190.955
188.297
195.159
909.007
480.01
295.568
258.625
306.906
293.285
305.877
247.403
295.832
302.606
285.616
274.07
223.701
322.999
277.839
275.727
290.328
222.999
219.932
220.305
229.015
224.42
219.411
219.17
233.356
220.517
221.125
217.441
229.673
225.991
229.167
222.034
230.154
222.939
219.281
221.57
211.032
223.772
219.456
217.408
219.829
232.533
215.571
217.513
215.598
232.813
217.177
221.573
216.827
229.308
221.363
218.586
254.851
226.928
220.75
216.306
223.533
221.879
232.857
231.292
234.926
231.22
253.38
228.685
228.823
232.092
244.051
230.721
206.855
208.6
252.334
232.725
207.696
206.568
225.05
210.142
207.827
206.917
206.575
221.823
208.977
209.272
209.056
227.372
207.415
212.798
207.147
209.119
204.802
236.067
215.519
205.467
227.135
208.894
207.78
213.947
226.223
210.109
207.667
207.47
205.336
217.062
188.839
185.312
183.959
183.813
195.484
185.567
183.443
187.264
182.827
201.54
182.389
184.253
183.91
184.241
201.249
185.827
182.414
186.25
183.856
197.628
183.311
184.892
181.711
185.137
199.816
185.276
183.342
183.126
183.742
199.916
183.585
184.614
183.618
184.963
199.242
183.449
192.832
183.896
183.359
201.279
182.398
184.093
183.285
184.057
200.003
185.14
182.175
185.667
181.906
198.593
256.406
216.398
183.878
204.05
184.425
184.169
181.557
183.59
195.075
184.197
181.932
182.222
180.616
195.324
182.222
183.703
181.418
182.434
194.552
183.811
181.326
182.7
180.45
181.472
197.006
183.034
181.993
182.707
181.755
201.565
182.317
182.955
181.187
182.718
255.898
216.301
197.935
209.301
207.139
185.361
182.086
183.415
183.262
199.433
183.704
250.633
191.281
181.244
190.533
178.496
177.76
205.841
181.995
193.573
176.672
176.837
176.107
178.506
187.983
179.201
176.064
178.545
176.156
188.565
179.348
177.959
178.005
177.841
177.36
189.678
176.962
177.8
175.98
177.083
194.508
178.025
176.829
179.324
175.627
190.669
179.807
177.988
176.966
177.664
175.88
192.083
177.039
177.902
176.394
176.999
189.886
186.726
184.818
181.912
179.284
196.27
182.18
180.133
181.808
179.422
191.402
183.405
179.585
180.514
180.003
188.497
180.49
180.457
178.202
181.428
178.063
190.593
179.428
179.986
179.733
263.489
189.247
186.39
183.625
184.427
182.138
190.049
186.124
186.039
184.07
187.402
192.587
190.496
186.21
188.774
185.186
189.832
184.615
185.841
185.555
185.552
186.727
186.7
184.839
186.251
185.76
208.141
185.808
185.777
185.116
200.475
190.543
185.82
185.567
188.638
198.052
188.219
185.455
185.431
185.491
185.778
186.881
187.596
185.038
186.623
185.609
189.387
186.139
187.049
184.548
186.61
198.178
186.129
185.347
185.351
186.642
205.938
185.988
187.741
185.099
186.63
200.288
187.284
186.858
185.045
186.179
205.29
185.762
186.439
183.739
184.936
199.218
184.942
182.583
183.617
181.56
233.484
195.644
196.685
193.195
212.736
212.372
242.023
215.811
210.314
215.604
195.113
195.624
196.021
204.878
198.043
195.493
196.544
193.168
204.373
195.819
197.981
194.86
198.097
210.207
196.968
194.195
195.382
195.857
215.501
197.141
195.751
195.318
209.706
196.904
195.022
194.41
197.335
204.803
198.445
194.739
195.729
194.054
210.695
196.62
195.925
197.035
196.189
211.285
195.857
195.004
194.361
212.026
198.22
195.429
250.012
245.536
250.547
245.499
247.354
259.25
201.07
195.815
197.512
195.72
210.455
196.582
194.811
194.39
196.093
210.681
197.975
196.249
196.675
206.878
199.962
195.292
267.162
195.004
207.65
191.279
192.435
190.727
193.765
205.621
193.939
190.73
193.328
201.468
198.343
192.663
192.935
191.341
202.832
193.171
191.781
191.163
193.361
204.537
193.968
298.978
218.032
208.636
198.951
194.999
196.676
196.646
212.168
197.031
196.934
195.406
196.237
214.089
198.104
196.666
195.76
202.151
201.35
196.815
197.823
195.547
205.611
196.326
195.957
196.736
195.945
203.65
196.913
194.581
197.34
196.448
211.022
195.252
196.856
195.361
209.244
196.747
196.139
195.938
198.463
215.07
197.917
195.797
198.016
220.85
215.146
207.159
199.162
196.134
208.622
196.329
197.762
194.414
195.512
213.046
196.702
196.367
194.994
192.772
203.453
196.989
197.004
193.264
194.798
207.19
196.72
195.263
195.819
206.1
199.62
195.484
196.733
195.776
212.654
201.01
198.73
195.888
196.204
207.022
198.204
196.94
197.834
194.186
200.742
195.762
196.63
195.352
207.539
197.348
197.921
195.604
197.218
213.433
199.597
197.275
196.388
196.978
207.774
197.445
199.319
196.532
209.297
199.277
196.513
197.159
198.42
208.657
200.526
196.786
196.318
196.616
204.065
197.745
197.692
195.72
199.645
201.559
197.827
196.643
197.595
215.789
200.025
196.837
198.625
197.277
210.636
198.119
196.555
196.638
197.157
204.712
201.168
196.327
197.394
210.365
198.591
197.397
197.518
195.894
211.655
198.748
197.707
234.038
210.553
219.9
202.898
197.926
200.068
212.191
199.998
199.298
196.432
198.884
211.301
197.591
200.014
195.425
212.873
200.511
201.368
197.401
199.449
211.686
199.931
197.382
197.105
196.195
210.965
197.014
198.018
197.411
214.11
199.796
200.285
197.331
198.076
214.44
199.368
196.777
199.848
195.446
209.608
197.728
198.664
196.924
210.971
199.155
199.657
199.296
198.327
219.71
200.522
198.61
199.972
197.939
220.877
197.979
198.684
198.053
204.041
197.537
197.722
196.272
201.355
213.699
198.672
198.229
198.988
198.164
218.811
199.006
200.708
198.012
215.259
200.165
198.877
197.088
198.303
212.638
200.429
196.86
198.516
198.356
206.711
197.184
196.88
200.615
209.728
198.086
199.221
197.404
198.256
210.614
192.492
191.073
190.757
188.813
222.499
218.405
214.522
214.744
219.575
205.685
207.593
204.753
204.392
209.036
197.081
185.548
186.805
184.204
200.766
188.723
184.663
186.008
187.741
196.69
188.281
184.883
187.355
185.665
191.817
185.996
186.117
185.03
185.963
197.173
187.997
185.507
187.206
185.321
200.762
183.974
184.224
183.283
186.607
203.386
191.086
186.433
187.519
187.156
218.136
199.184
197.586
187.385
208.568
203.487
202.564
195.482
188.442
201.808
202.987
201.088
197.43
198.941
189.561
202.432
201.281
196.355
205.09
189.026
197.246
200.67
213.277
188.864
284.246
189.427
185.722
200.221
188.894
184.519
191.89
198.038
212.695
195.638
185.872
182.673
182.282
205.372
201.766
199.913
198.277
213.678
197.154
183.837
182.272
197.755
216.128
192.141
182.845
187.128
183.625
203.071
183.712
181.572
182.376
191.69
194.666
188.913
195.783
191.379
196.017
195.961
184.853
198.188
193.029
198.593
185.534
182.508
183.737
180.735
212.858
198.124
195.076
183.824
183.436
204.771
197.618
192.557
184.622
193.999
184.718
184.227
184.355
182.56
184.274
191.625
195.469
183.823
182.589
180.673
202.767
184.215
181.952
184.205
196.471
185.139
193.144
191.873
192.606
203.49
192.441
190.397
192.393
191.559
203.514
191.343
190.339
190.683
191.022
205.431
192.291
190.764
189.923
191.283
212.456
191.001
190.273
190.777
190.981
206.233
191.27
191.118
191.422
191.389
193.769
191.443
191.096
191.422
201.942
191.461
192.937
190.434
190.637
202.146
191.77
191.696
190.424
190.707
208.035
193.127
191.837
191.078
191.139
203.998
191.957
191.118
192.092
191.734
196.291
193.371
191.72
191.009
190.008
205.703
193.537
190.828
191.352
192.732
209.141
192.222
190.36
191.65
204.302
193.127
192.108
190.735
2111.81
271.494
204.032
214.487
178.463
173.424
196.597
179.175
176.97
175.604
177.147
190.781
180.473
178.012
177.518
177.648
179.162
180.534
176.327
215.8
183.684
178.982
181.41
178.143
177.659
177.53
177.656
196.516
179.636
178.197
177.421
177.752
191.403
178.43
181.367
178.741
181.471
192.744
181.15
178.311
179.138
177.591
189.415
180.612
179.129
177.655
178.317
191.376
180.97
178.218
178.375
177.635
177.932
193.508
179.879
176.652
179.587
176.812
195.737
179.191
178.728
178.342
177.217
192.168
178.588
177.782
178.934
176.923
194.922
180.038
178.2
178.568
178.714
188.619
180.933
177.972
180.639
177.671
187.355
180.161
178.715
178.239
177.908
179.218
195.394
178.531
179.349
179.737
178.641
199.032
180.264
177.925
181.295
177.379
190.564
177.9
180.453
178.039
178.932
192.031
179.965
178.654
179.462
179.272
181.752
179.759
179.153
177.508
180.384
177.854
196.904
178.883
178.981
177.798
178.763
196.703
181.251
178.3
178.708
177.911
196.546
179.945
179.56
178.543
178.814
190.019
179.939
177.996
181.293
178.046
192.748
182.023
179.12
179.181
179.046
186.143
182.049
178.705
178.444
177.136
179.974
195.172
179.701
178.805
180.82
178.699
196.739
181.027
179.626
178.576
178.661
190.714
181.377
179.683
179.199
177.972
195.637
179.312
179.623
178.787
178.573
194.222
180.709
178.119
178.341
177.228
180.121
178.732
179.075
177.178
176.359
177.872
207.34
180.419
180.574
179.142
182.697
196.759
180.028
182.306
181.048
181.024
191.324
181.681
180.363
181.016
180.231
202.1
205.157
187.189
203.015
189.094
209.935
186.778
1411.14
232.269
194.57
188.617
192.886
215.398
211.045
199.049
196.432
203.243
199.674
214.667
198.125
196.082
195.382
207.493
198.216
195.467
194.871
194.561
208.078
198.341
196.914
193.942
195.559
204.458
197.936
194.879
195.845
194.368
210.16
197.383
195.785
193.057
205.184
197.993
195.737
193.955
195.362
204.592
197.178
194.434
196.787
194.314
204.88
195.152
195.477
194.731
193.845
208.114
198.266
193.682
193.414
193.707
198.98
196.447
205.253
194.159
202.232
189
183.653
183.329
240.495
201.644
191.612
194.206
194.045
190.504
207.881
192.505
192.225
192.107
191.255
206.507
193.304
284.188
191.816
234.604
206.807
205.953
204.853
204.185
208.295
203.145
204.052
204.535
217.623
204.161
202.591
205.695
205.906
222.61
205.247
204.171
205.555
216.068
205.695
204.591
206.138
202.971
216.475
205.752
205.346
203.433
207.324
194.958
195.184
193.983
191.443
213.298
209.086
203.139
204.769
201.555
217.338
201.803
200.919
201.061
211.797
204.057
201.099
200.997
201.608
210.453
193.278
198.507
193.959
190.958
215.788
199.632
199.803
198.166
211.202
200.225
198.464
197.848
198.262
217.936
200.684
199.12
198.952
199.034
203.56
200.568
199.563
197.93
200.539
202.444
198.441
200.054
199.938
211.24
200.077
199.56
201.699
198.234
214.129
198.119
201.564
199.668
197.624
214.387
204.141
200.255
203.346
218.285
199.773
199.229
200.334
199.302
218.17
200.552
199.488
199.079
212.252
201.146
200.771
199.403
200.285
212.098
200.646
201.06
200.635
199.851
204.022
201.527
202.276
199.645
217.554
204.238
200.011
199.747
199.616
209.954
203.192
198.768
200.095
201.093
208.76
197.627
197.16
195.888
214.078
203.853
191.919
191.282
189.082
206.187
193.829
189.071
189.444
188.677
205.146
193.428
189.296
189.357
188.354
201.556
194.133
189.649
191.889
191.034
203.772
189.365
190.105
188.629
190.132
203.685
189.713
190.805
189.449
188.602
197.008
191.425
192.46
190.01
189.867
209.288
182.993
181.071
181.041
179.534
204.055
181.131
180.719
179.955
178.764
204.804
182.641
181.252
183.094
179.731
192.933
182.084
179.251
179.24
179.934
200.115
183.678
180.914
180.264
181.265
190.142
181.485
179.7
181.198
181.414
189.158
181.339
181.506
180.353
180.764
179.243
184.219
182.31
181.127
181.612
181.339
202.702
180.306
181.489
180.749
181.318
193.943
182.009
180.373
180.786
179.09
192.883
181.203
181.003
179.75
182.593
196.493
181.197
180.686
179.576
181.543
200.65
183.621
179.898
180.887
182.707
192.025
183.461
181.293
181.134
179.613
193.308
183.005
180.108
179.798
192.984
228.176
193.144
186.637
186.537
202.225
213.854
187.917
188.135
186.657
188.79
197.786
188.73
188.508
187.905
185.929
197.705
188.275
188.198
186.942
188.361
198.944
188.06
186.661
187.316
187.204
199.006
187.245
187.296
187.365
187.469
195.971
188.769
187.048
188.348
187.022
204.775
190.083
188.522
187.707
186.497
199.259
188.766
188.038
189.535
187.242
207.267
189.057
188.366
188.038
188.128
200.863
188.642
188.643
188.121
188.358
198.824
187.012
186.29
186.531
185.86
197.247
187.006
185.454
187.971
186.737
196.896
185.057
185.712
185.258
186.692
197.649
185.608
185.597
185.104
187.034
205.705
187.496
185.56
184.994
186.898
196.667
186.433
185.223
186.03
186.08
204.603
186.444
186.906
185.598
185.495
198.249
190.447
187.599
184.391
184.522
244.049
204.489
200.428
198.376
199.871
203.813
200.082
200.208
199.066
216.044
202.373
233.005
243.61
257.915
248.252
244.85
245.482
262.203
250.348
247.133
247.994
260.793
217.762
201.133
198.209
214.901
203.34
199.082
199.924
200.82
211.118
198.597
200.655
200.336
208.312
201.22
201.071
200.442
198.447
214.409
210.757
201.078
200.937
199.654
217.672
201.534
199.189
199.59
210.58
201.482
232.823
246.911
249.427
222.421
218.952
210.487
221.22
228.359
212.816
194.404
184.357
198.688
189.793
183.292
182.748
184.299
198.549
187.99
185.414
183.175
183.315
182.695
188.742
184.227
183.806
181.788
187.417
186.944
185.301
182.814
180.447
181.178
208.576
184.204
183.085
183.427
183.139
209.12
182.865
184.923
180.924
181.431
199.078
182.801
182.256
181.421
181.067
187.777
183.006
181.41
181.388
182.23
205.619
182.865
182.765
181.828
181.154
194.11
185.12
181.744
182.273
179.499
194.1
183.104
181.945
179.732
182.197
191.933
184.124
180.91
181.051
181.953
194.006
183.509
182.49
182.374
180.675
180.657
198.991
182.11
182.822
182.297
183.593
200.038
181.647
180.606
182.209
213.117
206.597
186.754
188.473
187.971
186.411
201.235
185.287
187.737
186.211
185.461
203.65
186.737
186.715
185.737
185.815
203.456
187.965
184.537
186.013
187.677
188.931
186.069
186.488
187.496
187.097
189.599
188.044
186.24
186.655
185.282
189.661
187.53
188.101
186.915
200.005
190.044
188.207
185.849
187.334
200.155
189.214
187.124
188.292
187.039
200.041
187.358
188.092
187.92
187.482
199.018
188.585
184.315
184.913
183.71
241.758
198.98
194.958
193.868
193.503
204.844
194.189
192.562
193.424
192.294
206.567
193.518
192.677
193.194
192.152
204.863
192.595
192.898
193.148
207.659
198.976
194.387
192.478
193.32
196.97
193.908
193.32
191.4
193.127
204.703
192.359
193.251
189.692
191.371
202.218
190.127
190.981
192.11
190.026
204.201
191.15
191.084
191.482
189.792
203.115
190.347
189.833
191.466
189.584
212.106
191.394
190.895
191.644
191.577
194.402
191.295
190.414
191.567
199.882
193.264
193.917
192.907
194.217
200.492
192.155
191.313
193.335
201.986
210.356
196.375
192.162
190.857
193.377
206.447
195.273
192.717
193.464
191.515
210.047
193.838
193.632
192.389
201.811
195.129
193.93
207.125
208.275
223.89
195.95
193.65
194.39
192.426
211.433
220.982
185.255
179.386
181.604
206.012
180.798
181
181.986
181.584
193.274
181.8
179.755
181.896
180.817
192.296
181.378
182.099
179.195
179.19
201.559
182.865
181.659
179.87
179.454
195.848
181.37
180.589
179.904
181.184
190.694
182.522
179.935
181.521
180.375
194.841
182.075
182.34
181.491
178.36
192.848
183.001
318.655
180.845
179.818
200.576
182.003
178.155
179.082
179.843
193.02
178.36
178.299
180.339
179.754
192.057
179.846
178.82
177.725
179.149
189.322
182.973
180.383
178.756
179.891
193.019
180.583
178.414
180.645
177.651
179.063
196.804
197.923
190.577
188.625
198.58
190.846
187.069
184.857
186.5
198.227
187.436
185.89
185.398
184.445
197.225
190.827
185.632
185.824
186.988
196.367
188.291
186.29
186.409
185.985
183.858
190.764
187.976
186.529
185.765
199.085
189.093
187.079
185.511
186.437
199.118
187.277
185.325
184.257
187.647
240.816
184.529
187.849
190.516
188.465
202.233
190.784
187.967
187.671
186.574
205.987
189.993
186.326
184.956
186.361
200.078
185.414
186.447
186.254
185.226
198.311
187.326
185.004
186.246
186.855
193.762
182.447
178.913
177.996
180.134
219.541
210.186
216.137
199.169
210.792
201.437
204.599
198.269
194.26
215.302
199.015
195.774
197.247
205.611
216.988
198.946
198.902
198.074
208.627
200.816
198.461
197.624
196.683
212.949
198.865
198.787
199.582
198.592
214.399
199.786
198.627
198.854
198.039
214.129
199.293
198.342
198.303
209.642
197.987
199.336
197.556
198.122
214.122
198.477
199.212
198.209
197.675
217.018
199.701
198.654
197.845
209.933
201.063
198.55
198.159
198.204
213.326
200.79
198.718
198.887
199.162
214.26
197.761
198.691
197.318
213.653
201.203
198.277
198.6
199.112
210.905
201.144
197.605
199.753
198.323
205.054
198.899
198.929
198.769
198.855
202.667
200.686
198.751
201.22
215.841
200.081
199.52
198.397
198.342
216.435
200.392
198.691
198.106
207.824
200.762
199.644
198.143
200.502
215.233
199.043
199.686
199.145
197.933
212.687
198.784
201.076
199.207
198.409
204.603
198.875
198.931
200.369
213.034
202.153
199.914
200.796
200.032
213.09
200.827
199.879
198.91
201.257
203.303
199.382
199.96
199.457
215.277
199.65
199.872
201.344
200.306
211.202
201.235
200.212
200.041
199.192
215.557
202.741
199.667
199.864
215.56
202.157
200.6
200.729
202.748
231.737
203.523
246.871
243.069
255.971
243.43
239.647
240.239
254.38
240.294
239.948
240.6
243.911
239.266
239.944
239.714
242.06
242.25
239.707
253.036
242.102
238.09
240.216
274.778
242.553
239.199
238.644
253.648
239.289
241.488
240.453
254.132
239.414
241.398
240.458
243.891
241.598
241.511
243.295
241.562
236.743
242.508
241.602
216.949
192.538
216.516
208.94
221.679
208.837
209.383
208.435
218.284
209.162
207.856
205.822
207.323
281.325
273.181
267.205
286.327
273.184
266.931
203.001
200.91
186.266
187.821
185.43
186.892
197.849
187.911
185.632
187.082
186.971
199.757
187.878
187.283
186.756
185.843
199.749
191.183
186.82
186.083
186.363
199.012
188.188
185.878
187.996
185.515
197.924
187.575
185.831
186.55
185.529
199.77
188.85
186.293
186.811
188.525
200.963
189.507
188.174
187.775
186.249
199.978
188.557
189.518
186.28
187.9
201.605
188.125
187.145
186.48
186.845
199.934
189.057
189.806
187.543
187.115
201.024
189.258
188.004
186.561
186.278
198.849
187.656
187.244
187.729
186.49
199.52
189.019
186.334
187.978
186.26
196.585
186.745
187.815
189.411
187.3
201.079
189.972
187.49
186.715
186.808
201.564
188.929
188.907
187.457
189.154
202.466
188.91
188.913
191.131
189.135
201.407
188.057
188.323
186.266
186.86
199.001
189.084
186.431
187.403
186.754
192.004
187.473
187.787
185.078
187.694
202.627
188.415
186.875
187.68
186.708
201.244
188.504
186.871
187.003
185.98
193.665
188.5
186.7
187.093
186.949
200.723
185.277
184.231
182.518
184.767
204.465
200.599
192.649
191.965
192.025
210.333
194.547
192.302
192.004
200.375
194.062
192.502
193.361
193.009
202.846
194.588
191.834
192.318
191.723
205.49
194.075
192.847
191.891
193.207
205.17
191.614
193.933
193.136
193.304
197.842
193.034
193.806
191.927
191.532
207.457
195.294
193.548
192.232
202.018
194.751
192.336
193.785
192.318
205.972
194.086
193.759
192.652
193.703
202.906
191.433
192.528
191.828
193.117
207.504
193.048
192.579
192.815
193.119
205.404
192.191
193.568
193.274
192.538
211.129
191.403
194.17
192.896
204.642
196.268
192.754
192.153
193.969
207.984
194.642
191.87
193.024
194.431
208.15
193.809
192.756
192.238
192.399
197.511
194.537
193.982
193.295
192.029
209.252
194.195
192.519
192.808
206.324
197.257
194.694
191.987
194.371
205.314
192.692
193.689
192.725
191.743
205.13
194.513
192.749
192.354
193.316
213.177
237.358
196.372
191.115
202.559
214.135
195.734
191.723
187.603
206.047
191.791
189.448
189.805
191.94
203.6
188.525
189.626
188.11
187.371
201.581
190.417
187.68
189.857
186.119
202.728
189.554
189.608
188.044
187.099
204.832
190.256
188.342
188.115
187.58
201.548
189.809
189.257
188.395
187.537
206.155
189.734
189.888
188.467
186.426
207.31
189.481
188.682
187.63
187.011
210.045
189.695
189.178
188.926
198.618
193.541
190.071
192.077
190.851
205.136
192.746
190.39
191.386
189.902
206.557
191.5
189.07
189.211
188.044
206.126
194.073
191.593
190.624
192.453
209.358
194.326
191.169
193.367
192.288
197.288
191.673
192.001
190.417
192.643
206.429
193.602
191.243
219.219
245.382
191.553
184.877
185.726
185.247
195.71
184.873
185.16
184.181
184.429
199.274
188.083
185.288
185.324
185.698
201.776
187.43
184.922
185.038
186.29
199.914
187.018
186.296
186.874
185.635
199.569
187.509
185.906
187.502
193.614
194.401
189.782
189.151
188.443
187.927
199.497
188.517
185.548
188.075
186.841
202.737
188.065
186.745
186.35
187.139
203.156
189.542
187.44
186.07
187.313
201.596
187.054
188.332
184.678
188.72
206.854
200.769
205.403
197.648
195.884
212.546
198.574
195.954
197.018
208.164
197.638
195.828
196.793
195.133
209.145
197.602
196.877
195.514
195.703
242.341
216.312
214.278
197.13
212.579
246.376
245.202
242.285
256.188
250.402
241.816
228.302
202.293
197.003
195.896
195.951
210.45
200.047
200.161
196.008
200.149
206.657
197.963
195.324
196.572
195.364
198.985
209.238
176.161
205.371
197.204
194.39
186.919
185.644
185.803
196.232
184.061
181.956
181.658
182.239
188.636
191.51
186.411
185.464
184.438
186.132
185.949
183.805
185.23
184.787
199.753
188.828
185.097
184.549
184.816
195.327
187.045
183.996
184.398
184.539
197.625
186.393
184.962
183.469
184.416
197.146
185.241
183.596
182.79
182.016
217.408
191.61
185.722
185.19
185.064
195.506
187.674
184.519
185.763
194.75
190.678
188.916
187.797
185.461
185.605
186.146
186.6
183.908
183.984
184.227
197.535
186.964
186.79
185.601
183.188
196.505
186.433
184.863
185.058
186.018
196.73
186.624
184.796
182.73
183.746
199.328
189.287
186.768
185.708
184.616
196.429
185.858
184.65
187.71
188.104
196.248
189.151
184.618
184.82
183.881
197.502
187.183
185.411
185.077
184.409
195.824
187.002
184.093
185.209
185.113
198.009
190.343
183.957
184.368
184.67
198.007
186.83
184.886
185.201
185.311
197.061
187.433
184.429
185.28
186.064
197.109
187.228
185.29
184.074
184.301
200.532
186.763
184.745
186.468
185.016
198.737
187.172
184.925
185.892
184.314
197.902
186.682
185.896
196.275
185.953
200.652
187.788
184.983
185.226
185.364
195.71
188.302
186.089
184.812
184.048
188.119
187.009
186.684
186.047
186.889
197.702
187.601
185.923
183.656
185.358
195.334
188.149
187.136
185.605
186.579
186.617
186.811
186.688
186.186
186.64
197.154
187.449
187.878
185.504
184.769
196.291
188.413
186.661
186.294
186.019
187.999
189.419
184.831
184.833
185.953
198.711
187.794
188.032
186.515
185.21
187.635
186.739
186.52
186.366
186.456
197.281
200.12
203.643
203.756
199.115
209.96
197.803
195.746
197.391
194.936
207.828
193.651
196.246
196.65
194.643
210.166
194.567
194.26
196.02
208.88
195.121
194.381
196.354
195.386
207.929
197.398
196.361
193.982
195.283
205.274
195.887
197.999
195.855
196.194
201.442
191.753
197.033
194.737
208.664
196.989
194.694
194.977
195.058
203.831
215.69
214.504
206.387
192.432
205.478
190.718
194.239
192.552
192.501
204.762
193.84
192.104
193.25
201.201
195.25
191.961
190.919
191.771
206.27
194.433
192.116
190.345
192.826
201.692
193.166
190.775
193.123
191.582
205.434
192.114
193.69
190.129
192.215
202.01
194.182
192.197
192.267
189.916
204.576
189.732
191.737
190.431
192.555
207.152
192.974
190.677
191.894
191.666
192.716
192.675
192.973
191.81
200.245
192.462
192.492
190.139
190.645
205.217
195.604
192.702
191.259
190.004
206.179
194.434
222.768
202.628
201.304
214.922
200.315
238.703
242.226
256.619
243.908
241.454
243.121
257.045
243.137
239.607
243.195
254.941
242.947
241.635
253.913
240.427
242.003
237.557
256.424
238.618
243.848
241.579
253.084
239.208
243.479
241.709
281.996
240.445
240.896
240.56
256.409
241.561
240.902
240.329
258.129
244.26
241.264
239.731
244.421
246.351
243.917
257.445
243.034
243.386
240.929
241.825
242.347
243.723
239.992
247.901
241.184
244.44
240.64
253.575
240.949
245.49
239.379
254.91
240.495
243.831
239.752
250.213
240.648
245.628
239.493
283.795
240.213
240.306
251.895
245.214
241.298
237.854
246.587
242.293
238.992
240.203
242.323
242.179
240.751
245.785
255.215
207.04
201.315
197.836
204.951
191.73
192.552
183.902
181.986
195.439
183.864
179.313
182.885
180.923
194.016
182.36
182.417
179.443
181.534
193.164
182.077
182.12
181.686
181.171
200.639
197.339
191.999
188.598
190.06
201.213
190.8
190.073
191.56
238.945
245.33
237.17
244.665
243.793
257.895
245.08
237.237
237.069
248.99
238.951
241.942
239.057
244.341
242.078
243.155
252.031
246.298
240.722
243.994
249.797
245.42
242.069
239.197
257.459
242.334
239.045
239.571
257.004
242.481
240.953
239.201
250.966
243.695
240.256
240.31
246.914
243.5
240.839
242.683
256.699
241.928
237.306
240.928
251.7
241.224
242.183
241.056
253.865
240.648
250.437
256.164
274.587
249.681
210.865
196.077
196.449
195.204
193.388
195.433
204.086
195.25
192.762
193.088
192.074
211.301
194.835
193.542
192.261
193.428
207.063
194.471
192.712
193.113
191.319
204.63
193.111
192.856
192.54
196.138
216.944
182.645
178.325
179.646
179.778
193.613
179.933
201.987
200.874
214.508
202.003
201.733
200.028
203.895
213.407
201.69
200.486
201.909
218.327
208.272
201.876
201.796
201.324
212.018
199.878
202.045
200.711
209.69
200.569
233.999
217.087
207.62
191.215
211.903
220.459
212.342
229.195
223.286
208.839
210.13
221.772
208.435
208.86
216.899
206.462
221.016
209.815
216.155
202.583
221.575
213.021
206.85
204.305
210.64
214.741
194.053
191.961
190.056
187.68
209.069
191.422
192.562
188.925
199.875
195.072
190.104
190.029
192.706
198.379
195.389
190.378
189.706
190.149
202.916
193.758
190.922
189.719
191.666
200.833
193.752
189.714
190.426
189.27
207.106
190.297
192.376
190.086
191.79
204.248
193.719
190.204
191.015
190.553
205.307
194.106
192.769
190.239
190.877
199.322
186.056
183.94
183.172
182.399
205.214
191.096
188.513
188.392
189.057
203.634
192.074
189.625
189.391
189.214
203.157
191.386
190.655
189.939
190.804
202.494
193.257
189.018
190.137
188.101
201.849
192.703
190.825
187.563
189.027
206.477
192.348
189.274
190.113
189.236
208.014
192.631
190.414
188.005
192.249
208.035
193.929
190.39
191.319
188.184
207.891
219
202.14
195.379
208.934
197.689
229.258
239.749
225.254
232.296
237.923
237.933
210.349
232.94
242.52
237.729
212.131
244.579
243.74
240.556
212.603
247.93
244.513
241
212.965
254.628
243.236
237.325
212.82
244.254
234.155
232.092
206.156
243.175
243.058
240.079
211.572
244.204
242.52
239.819
211.446
243.854
243.085
238.053
210.649
209.274
196.164
193.114
193.632
191.854
240.92
241.19
239.215
212.11
248.249
241.031
243.145
237.789
244.329
237.241
240.508
241.358
257.23
236.204
237.034
203.269
248.687
236.278
240.258
238.203
251.954
237.451
241.116
249.761
245.174
239.522
237.736
241.132
244.466
237.538
242.083
248.526
242.666
237.913
239.121
250.915
239.473
239.644
242.203
251.68
208.137
210.222
283.961
282.432
241.036
202.064
199.623
243.531
241.228
238.56
240.972
280.209
211.363
198.212
237.678
275.55
240.003
200.896
200.019
238.666
269.477
237.42
202.647
209.206
201.544
197.281
241.471
235.154
253.872
263.777
238.691
201.179
249.966
201.705
199.887
240.485
217.518
239.369
204.498
198.707
253.647
200.19
240.92
239.074
249.186
202.503
201.771
197.514
239.85
215.411
239.576
202.875
200.758
252.854
202.716
198.871
201.61
235.342
216.651
240.06
239.432
237.116
251.961
199.62
200.603
199.215
250.487
238.235
205.576
197.905
199.141
213.191
240.283
200.472
201.714
212.144
201.097
240.996
201.589
247.934
200.89
198.536
197.808
205.371
239.961
190.397
184.85
179.619
182.585
193.397
183.068
180.085
183.78
178.347
201.743
182.324
182.829
179.81
182.458
189.708
186.501
180.877
183.579
180.843
187.816
180.919
184.558
180.688
183.674
180.177
188.619
180.356
181.93
181.991
181.698
196.147
184.732
179.406
183.655
180.098
192.507
181.475
183.947
180.247
184.485
193.829
183.717
181.684
182.829
181.488
199.262
182.427
185.373
179.933
183.927
197.451
184.677
181.796
183.335
180.543
192.141
182.206
183.939
180.287
183.99
196.67
185.01
180.96
184.213
181.866
193.228
181.123
183.322
182.279
183.755
181.052
197.587
180.658
183.153
181.334
182.646
197.413
183.433
180.401
183.888
180.685
194.316
180.732
184.418
179.383
184.258
190.447
185.258
181.632
183.409
179.637
195.659
182.51
184.152
180.931
184.413
200.495
186.177
181.764
182.464
180.077
194.394
183.615
184.763
181.625
182.999
189.869
185.716
180.539
183.106
180.705
183.672
182.306
182.92
179.128
183.156
179.403
200.775
181.896
183.527
180.456
183.202
213.266
189.141
183.897
187.653
183.015
201.344
183.508
184.011
181.614
182.948
195.464
185.518
182.245
185.268
183.007
195.529
182.745
184.172
181.672
186.377
236.161
206.223
198.064
195.142
206.648
196.896
193.318
195.132
193.725
208.717
193.876
196.741
196.264
197.07
205.145
202.386
198.484
196.235
189.896
212.022
189.865
192.194
191.901
192.649
192.151
193.344
191.857
194.441
206.911
191.999
197.355
194.289
192.606
208.977
192.219
193.776
188.726
193.759
204.546
192.656
191.178
195.403
190.851
207.316
191.74
192.703
190.939
192.094
202.371
194.641
191.011
192.913
206.139
194.529
190.431
193.133
193.019
209.188
194.133
193.19
190.377
194.726
202.929
192.231
192.549
194.436
189.2
203.166
190.43
193.586
191.039
191.194
198.267
195.166
190.246
192.514
191.115
210.18
190.856
191.761
190.994
192.598
193.208
192.88
188.034
192.991
201.698
195.39
191.816
194.484
189.646
205.734
193.397
192.961
191.433
192.582
201.656
193.774
191.98
192.335
189.788
204.003
191.392
194.481
191.239
191.387
202.012
193.247
188.917
193.301
191.941
204.134
192.645
194.838
191.272
205.655
192.255
192.994
190.474
193.562
204.336
194.627
191.455
192.866
192.492
207.459
190.257
193.413
192.573
194.82
203.27
191.178
191.316
191.126
192.558
204.095
191.115
193.739
190.613
194.404
200.962
192.087
192.047
192
203.091
194.327
215.881
192.158
190.206
206.216
193.201
192.008
191.075
191.319
203.081
195.018
188.401
191.121
190.312
204.048
192.834
193.495
189.149
192.031
205.885
191.514
189.956
192.649
189.154
203.773
192.134
193.28
190.742
204.225
194.344
193.469
191.369
191.812
200.176
194.486
190.341
191.46
189.836
208.907
193.371
195.232
188.485
193.394
200.835
193.361
192.131
192.141
192.621
207.466
190.774
192.164
191.292
191.049
203.884
192.598
193.146
195.972
191.529
196.438
190.886
193.288
191.335
204.371
193.849
194.691
191.362
193.458
203.493
193.264
190.521
192.636
191.009
207.94
190.524
193.815
191.956
331.18
198.294
202.456
230.278
205.244
203.106
193.8
191.045
192.776
189.771
203.125
190.757
192.139
188.282
203.213
194.973
189.574
188.365
187.352
200.826
195.716
190.603
190.962
190.456
203.13
193.04
190.55
190.925
191.296
207.138
193.214
188.391
219.878
207.241
213.859
194.57
194.721
191.166
192.2
196.585
192.916
189.966
192.504
202.973
197.906
192.161
192.92
191.235
206.426
194.317
192.649
192.104
192.39
207.223
195.918
191.74
192.989
191.39
208.299
188.014
186.672
181.581
184.465
200.995
184.883
183.286
184.212
183.539
200.733
183.265
184.839
183.365
182.738
196.826
187.55
214.688
202.179
200.622
194.326
190.099
192.08
189.541
194.462
191.022
191.268
188.907
190.565
194.042
189.719
188.616
189.318
189.274
200.799
189.053
189.557
188.265
190.08
204.633
189.922
189.506
193.392
188.291
205.927
190.399
190.824
188.308
189.976
201.367
189.909
188.949
189.196
189.916
193.82
189.56
189.736
188.504
190.11
200.58
191.491
189.544
188.705
190.249
204.131
190.928
191.076
188.359
191.759
190.607
189.319
188.601
189.764
198.703
191.367
188.173
189.74
187.971
199.164
190.233
189.591
190.216
189.358
193.695
191.965
188.475
189.896
187.266
199.981
192.829
190.588
189.375
189.247
203.554
191.963
188.804
189.819
190.359
201.654
189.463
190.353
188.425
188.774
204.125
192.137
189.734
190.011
189.163
194.938
189.019
190.315
188.799
189.845
206.053
190.176
189.635
190.243
188.59
201.733
189.487
191.454
191.22
190.417
191.503
190.763
190.646
189.758
198.582
191.138
190.243
191.182
189.926
205.16
191.476
189.766
189.241
190.944
204.991
192.294
190.294
190.27
189.879
206.24
191.025
189.675
191.843
191.104
203.418
193.157
188.732
190.628
190.889
199.834
191.638
191.099
187.903
192.255
204.465
189.184
189.057
189.04
190.955
204.639
189.358
191.106
187.566
199.897
191.139
190.022
190.932
189.863
200.345
191.259
189.034
190.705
190.263
201.271
191.714
190.354
190.399
190.246
203.24
191.036
189.509
189.926
190.838
203.425
192.562
190.955
189.554
189.589
201.184
192.003
191.349
191.198
189.043
195.704
190.342
190.854
189.1
190.029
206.82
190.861
190.297
191.469
188.396
223.747
211.46
202.053
203.467
217.959
203.82
216.806
216.442
204.842
222.564
202.339
202.838
203.086
216.372
205.569
204.014
202.018
201.589
214.972
204.778
204.194
203.064
212.504
203.422
202.671
203.807
202.814
216.429
203.496
201.102
204.135
202.227
210.106
203.646
202.574
204.685
214.931
201.779
203.015
202.988
204.309
216.308
202.675
203.74
203.816
212.842
204.756
203.777
202.297
204.324
217.358
210.042
222.8
214.233
207.088
194.113
194.324
193.681
192.769
207.627
195.665
192.391
195.055
193.976
206.571
194.2
194.585
193.29
194.192
209.942
237.038
206.321
201.381
203.653
193.296
213.003
217.386
187.691
201.993
186.778
188.526
187.804
188.081
198.786
187.34
186.409
187.755
185.472
200.669
186.861
186.498
187.897
189.171
194.528
188.081
186.588
188.345
198.521
191.313
187.206
187.106
187.046
200.261
190.07
189.178
189.188
188.546
200.256
189.916
188.09
189.28
188.405
205.181
190.57
188.919
189.699
188.702
202.156
189.882
189.358
189.575
188.961
201.364
188.914
187.114
187.383
187.367
201.738
190.203
187.874
188.839
189.993
202.884
189.003
189.837
186.772
188.074
204.201
188.051
189.698
189.274
188.783
191.245
199.828
193.137
191.499
200.125
191.289
190.577
189.803
188.961
201.474
190.98
189.049
189.388
190.172
205.168
190.464
191.47
187.403
191.572
205.834
191.118
190.239
187.902
189.198
200.84
187.767
190.086
188.449
188.432
202.317
190.523
190.702
189.556
188.052
207.833
189.521
188.732
188.723
190.044
194.397
189.955
188.687
188.675
196.134
193.586
190.212
190.023
190.537
192
190.594
190.384
189.385
189.785
214.23
194.6
197.198
184.339
179.677
193.705
181.572
180.726
180.991
181.262
188.059
183.33
177.822
180.327
177.229
195.804
183.629
180.234
178.922
181.111
177.708
194.173
179.35
180.145
181.104
181.081
196.402
181.645
179.205
181.658
179.477
193.335
181.079
182.754
178.326
181.908
189.728
183.933
178.885
180.649
181.096
195.725
181.711
180.375
179.31
180.155
192.014
183.633
182.45
180.471
178.711
189.494
182.815
180.949
178.167
180.643
180.125
184.411
179.938
179.247
178.495
220.134
187.547
185.324
184.781
185.782
194.22
188.383
182.016
185.05
181.572
197.478
187.235
185.201
182.139
183.691
192.863
187.049
182.523
184.398
183.446
193.963
184.961
185.244
183.081
184.489
192.014
188.296
185.153
185.508
182.717
183.271
187.827
185.653
182.906
184.777
184.82
197.214
183.186
185.918
181.602
184.508
194.931
184.937
184.101
185.168
183.573
205.515
183.87
185.25
182.393
183.771
198.808
186.314
183.256
184.445
181.668
198.808
183.379
183.556
185.386
185.4
198.231
186.013
183.433
185.585
182.179
202.18
184.84
185.983
183.63
184.753
197.485
186.281
184.044
185.692
185.521
198.762
184.883
187.099
183.433
184.181
197.461
185.953
185.688
186.693
184.311
197.591
183.914
185.605
183.585
185.538
196.83
185.358
183.76
184.312
183.91
196.552
183.866
185.479
184.697
184.965
204.266
187.067
183.783
185.659
183.818
197.85
186.367
185.828
184.655
184.509
204.308
197.641
191.843
190.314
190.781
210.547
190.349
187.996
188.88
190.119
193.354
189.92
189.472
188.832
198.773
201.471
195.247
194.678
192.689
205.009
196.058
194.952
193.891
193.391
203.727
194.913
193.705
194.495
194.025
210.105
194.792
195.189
193.534
193.906
201.948
193.521
195.298
194.661
204.796
196.579
192.412
210.624
224.556
198.847
189.544
186.772
184.736
244.359
213.615
187.199
182.303
183.476
183.138
204.119
184.185
184.636
184.054
183.816
193.54
185.438
184.904
184.359
183.659
194.865
181.912
184.934
183.123
185.18
195.202
184.263
183.323
185.716
184.56
196.94
183.987
184.793
185.788
185.511
197.846
185.271
184.583
185.19
183.538
197.918
185.819
185.766
184.357
184.792
195.545
185.729
184.05
186.411
186.177
199.123
184.709
184.54
184.326
185.313
196.354
187.129
186.122
185.502
185.027
198.02
187.332
184.786
183.346
185
196.896
186.501
184.014
185.444
184.489
202.074
186.344
187.73
186.246
186.11
195.707
185.902
184.017
184.929
184.531
195.432
202.237
205.664
203.994
225.139
193.413
190.919
177.327
178.891
177.334
193.064
178.745
213.311
216.321
219.563
204.756
206.558
205.206
204.696
219.169
206.737
202.483
202.735
203.901
209.064
204.546
204.826
203.123
217.816
206.165
204.189
202.504
206.735
216.997
204.633
204.044
203.696
213.967
193.681
208.172
202.802
202.113
215.696
201.879
204.454
199.403
203.582
206.477
207.172
201.173
203.612
223.058
206.227
202.728
200.158
203.544
217.627
204.044
203.964
201.181
216.057
201.461
204.306
200.572
204.859
217.458
205.678
202.76
201.921
213.12
204.516
204.474
205.882
203.349
219.102
236.993
252.152
251.016
264.807
249.434
222.91
207.135
217.22
205.079
204.729
203.44
203.903
208.171
205.565
203.121
200.348
212.141
204.071
202.07
201.086
202.931
213.442
202.859
201.996
201.626
210.972
202.949
200.409
200.994
202.786
218.363
201.686
201.401
202.898
202.46
211.163
201.745
203.053
209.615
218.377
199.128
196.233
194.71
195.487
210.469
201.255
232.014
248.553
287.361
220.09
203.813
203.259
213.291
204.91
203.302
202.406
202.594
211.988
199.569
200.203
199.392
200.454
211.567
208.222
198.222
187.05
212.02
196.515
194.866
186.603
185.701
212.167
216.017
215.425
210.808
208.231
221.692
216.756
213.626
204.784
202.811
187.038
184.267
185.923
187.138
198.628
186.162
184.858
183.713
185.434
195.573
185.134
183.466
184.954
183.804
194.959
185.626
184.087
184.744
184.085
195.355
188.17
184.986
185.087
184.204
197.32
186.408
184.122
183.965
185.999
197.548
186.399
185.027
185.866
183.938
198.501
187.791
184.35
184.776
184.788
194.759
187.664
185.813
184.151
184.78
187.169
189.244
186.477
184.361
185
184.289
187.312
185.003
186.307
184.478
185.505
199.025
185.207
183.289
184.131
184.352
196.298
184.727
184.883
185.1
184.339
203.423
184.792
183.482
186.254
185.13
201.939
185.658
185.053
183.623
185.477
201.437
185.054
184.288
183.787
197.408
222.267
190.977
181.67
180.978
182.612
199.146
183.494
181.011
180.93
180.705
185.907
228.846
199.23
198.097
207.37
212.193
228.89
204.365
197.94
211.757
198.743
198.678
196.85
195.971
214.395
196.612
198.048
196.8
210.193
199.433
196.472
197.054
197.179
284.161
207.427
197.334
240.285
249.466
236.95
200.751
197.685
253.678
202.093
197.701
197.688
197.753
214.318
199.313
239.247
199.46
196.607
213.341
198.113
196.673
198.678
215.088
199.035
196.707
196.51
196.843
209.737
197.507
197.893
197.07
198.477
214.153
199.042
196.549
197.258
198.216
209.726
198.026
198.942
198.179
208.525
199.795
200.937
196.642
201.265
214.255
200.294
198.34
196.432
196.747
214.297
197.773
200.194
198.684
208.258
200.265
199.436
198.052
197.959
212.111
199.244
198.186
198.294
196.492
203.971
199.693
199.759
197.318
199.413
212.188
199.637
200.669
198.102
211.322
200.389
201.463
197.515
198.781
213.991
197.532
199.794
197.586
200.964
211.911
197.873
198.625
199.661
208.391
198.194
197.879
198.784
199.43
212.613
198.203
200.169
201.203
200.451
205.891
199.876
199.262
199.306
199.83
210.49
199.233
198.705
197.779
212.682
202.206
199.395
197.337
202.311
214.101
200.044
197.398
198.962
198.333
212.354
199.92
200.541
200.67
214.086
200.886
200.844
198.29
201.521
212.616
201.531
200.363
200.078
197.976
212.189
200.358
198.23
199.336
210.761
200.91
200.018
199.492
199.623
214.63
200.428
199.242
200.134
199.259
211.237
198.841
201.494
199.039
199.024
211.797
198.859
198.096
199.062
211.662
201.424
200.005
199.971
199.881
214.161
198.685
198.868
197.98
201.728
215.419
200.752
198.499
201.001
210.862
201.043
198.914
201.16
199.721
215.581
209.472
202.009
201.086
202.567
213.996
202.564
201.7
199.977
215.972
203.536
201.494
202.577
200.224
215.069
201.328
201.933
200.889
211.801
203.981
201.127
199.39
201.82
212.586
201.258
200.264
201.288
201.033
247.497
204.583
202.37
199.999
234.396
200.993
199.326
196.898
199.446
212.131
200.082
198.236
198.711
210.14
200.78
279.295
273.437
257.588
248.667
245.29
255.213
241.055
241.394
241.503
264.486
243.256
242.764
257.358
244.692
240.11
242.126
244.444
243.058
241.675
256.092
244.396
243.395
254.086
245.13
246.266
241.518
258.429
245.972
242.471
257.362
211.508
197.956
190.149
188.893
192.369
190.26
190.772
190.197
198.165
190.611
186.14
186.814
187.232
218.453
203.293
194.015
190.715
190.221
205.211
190.51
189.692
191.365
190.39
201.443
190.57
190.808
188.315
189.133
200.258
190.333
190.123
188.903
189.157
200.98
189.356
187.536
189.599
189.351
195.527
189.678
187.973
188.495
189.678
201.752
189.024
191.073
188.582
187.683
203.68
191.697
188.341
190.307
188.907
207.773
190.453
189.091
188.984
189.737
202.672
189.523
189.641
189.392
189.32
193.649
189.405
189.662
189.849
199.62
189.02
192.108
191.6
188.568
202.303
192.026
188.302
191.211
187.727
204.816
193.505
189.464
188.327
191.734
197.187
189.049
189.706
190.351
188.76
199.139
189.749
191.322
195.604
191.764
204.561
193.822
192.916
191.854
193.614
203.278
193.04
192.439
191.897
189.547
206.931
192.816
191.554
193.23
192.633
207.942
193.243
190.962
191.605
193.325
193.674
190.742
192.088
191.267
201.999
193.811
192.147
193.848
194.116
205.819
194.928
192.062
193.487
190.745
211.587
193.397
192.798
192.035
191.667
204.576
194.498
191.433
193.557
192.535
204.185
192.937
192.181
192.829
193.016
204.198
192.627
192.779
193.481
191.663
193.585
193.571
193.149
191.412
201.557
196.729
193.681
191.915
192.921
201.804
195.346
192.276
191.978
192.11
204.527
191.821
193.911
190.153
192.937
201.892
193.752
191.583
192.387
191.473
207.463
193.323
194.11
190.759
192.645
205.816
191.767
192.519
192.067
190.154
205.274
191.171
192.646
192.354
201.696
192.476
192.473
191.791
193.903
204.974
196.42
192.88
195.155
193.105
210.784
194.37
192.134
191.566
193.045
203.357
216.622
222.066
203.689
215.057
203.079
199.837
200.239
200.817
214.721
202.025
202.976
197.608
198.601
216.432
202.397
197.855
198.534
209.052
199.567
200.919
199.59
197.672
213.906
200.424
199.533
198.08
197.015
213.755
200.446
199.306
199.683
202.842
199.255
199.559
199.991
196.447
214.614
199.53
191.93
190.188
193.328
285.371
211.69
204.492
186.163
192.832
183.163
178.526
179.433
181.171
188.158
178.273
178.517
178.583
179.499
177.558
179.941
177.912
178.898
178.113
179.001
198.029
180.963
178.881
178.23
180.206
192.903
179.389
179.176
177.388
179.095
191.861
178.613
180.125
178.868
176.54
190.794
179.74
179.602
179.135
179.719
190.24
181.695
178.414
178.576
178.925
179.639
193.836
179.76
179.403
178.186
187.238
214.059
194.805
195.076
192.907
202.458
197.275
195.322
192.341
195.069
205.214
195.402
195.029
194.173
192.94
207.526
195.337
194.221
193.179
194.982
208.747
197.358
193.397
192.546
192.988
207.062
193.165
194.703
192.402
201.372
196.518
193.789
192.262
194.58
197.545
195.069
194.153
193.409
192.565
208.264
194.554
194.309
195.957
195.35
207.894
195.006
193.611
192.696
192.806
210.661
193.283
194.808
195.102
239.773
238.109
182.215
180.976
181.452
196.011
182.998
182.075
180.78
182.072
194.556
182.697
181.253
180.95
182.44
196.102
184.763
182.792
179.743
180.91
191.263
181.214
182.093
180.185
180.696
182.511
185.271
180.275
181.442
181.711
181.379
196.536
181.442
181.939
181.151
180.623
193.472
182.548
182.196
181.455
181.179
197.134
181.571
181.12
182.236
180.887
197.305
183.474
181.358
182.35
179.701
194.113
184.812
181.231
181.461
180.552
196.793
185.184
180.492
180.769
181.611
184.061
185.712
180.233
180.568
182.09
191.882
184.113
181.932
181.154
181.469
180.348
198.313
183.569
181.668
180.621
182.336
200.132
182.634
183.864
180.676
182.092
198.276
181.053
182.165
181.842
182.986
191.5
221.948
195.917
192.94
193.526
197.243
193.427
194.236
193.164
205.159
200.751
193.966
194.547
194.123
203.148
194.721
192.085
193.166
192.007
205.072
193.515
192.709
192.801
193.096
209.772
193.223
193.211
202.73
207.727
204.383
200.282
195.789
195.686
212.932
198.768
195.901
193.742
195.475
205.382
197.893
195.22
195.557
194.11
209.979
196.663
195.349
195.235
205.06
195.96
195.211
196.067
194.603
206.14
196.669
195.969
196.018
195.018
202.745
195.034
194.887
194.276
193.659
208.516
196.371
194.771
194.441
195.262
211.069
195.319
196.255
195.111
205.07
197.455
195.159
195.843
195.758
205.205
201.244
195.813
196.868
194.078
207.039
195.229
194.414
194.718
194.247
205.645
195.306
193.655
196.138
196.676
209.826
195.322
196.351
195.848
211.64
198.059
195.761
194.107
196.501
207.596
195.848
195.593
196.489
196.668
212.288
196.769
196.571
195.583
195.504
204.916
197.428
194.527
195.948
206.192
195.487
196.446
196.62
195.848
213.983
197.708
195.948
195.927
195.437
208.269
196.82
194.898
195.95
195.593
209.838
196.883
197.316
196.038
205.174
202.795
193.849
192.506
193.864
209.11
195.929
192.766
192.962
193.197
207.961
194.405
204.195
192.961
191.272
197.496
193.427
192.709
191.473
193.779
207.957
193.231
190.658
192.137
204.829
201.138
192.682
188.578
188.454
202.952
196.305
194.778
194.102
194.48
203.243
192.649
192.261
191.962
191.304
207.244
194.344
195.768
194.618
195.549
208.762
194.862
195.406
193.488
217.887
197.374
194.473
194.458
193.849
219.861
193.03
192.913
200.264
209.063
212.005
213.488
194.83
214.724
209.317
189.717
189.738
188.459
189.127
201.1
188.874
188.355
187.238
186.949
198.413
189.584
188.346
188.275
187.329
202.919
188.937
188.559
189.773
186.738
202.519
188.446
189.621
188.598
184.95
199.037
187.308
184.736
187.012
208.426
222.735
184.63
223.079
211.367
232.169
210.366
209.595
208.99
208.171
229.265
208.744
211.278
195.204
198.461
182.273
181.722
181.551
183.499
191.244
181.996
181.797
180.892
182.089
196.936
183.042
180.886
178.799
180.773
198.814
190.875
184.69
181.532
182.466
193.858
218.223
178.697
165.953
167.024
166.183
179.389
165.596
166.138
164.907
165.291
184.41
170.386
166.777
166.613
165.187
167.009
176.245
165.551
165.879
167.297
165.466
179.199
167.235
166.05
164.218
166.413
165.558
182.748
166.835
167.101
165.188
166.847
169.828
166.317
166.57
165.959
164.949
166.531
177.28
168.369
165.933
166.224
167.222
181.962
175.641
170.714
167.996
169.334
168.282
177.568
170.571
168.968
169.113
168.84
178.49
174.417
169.087
169.383
170.05
169.146
179.529
165.004
163.635
163.185
162.754
180.401
183.135
185.566
187.499
197.454
197.929
188.569
184.146
190.065
186.043
198.312
186.621
184.727
183.659
185.201
198.607
188.279
185.969
184.177
185.806
198.851
185.298
185.448
183.47
185.554
196.087
186.878
184.906
185.494
183.794
185.851
188.529
186.799
184.892
185.32
184.861
189.201
185.394
186.206
183.821
184.813
192.963
185.048
186.408
185.271
184.18
194.917
184.984
186.073
185.138
184.409
187.304
185.699
185.053
186.123
183.473
199.256
186.263
185.371
185.01
185.862
195.967
187.126
183.74
184.929
184.736
198.812
187.235
186.407
183.54
187.385
194.272
187.371
184.47
186.092
184.83
203.764
186.984
186.657
184.857
186.227
199.74
189.512
187.596
187.115
185.307
199.008
187.202
186.252
187.355
186.459
198.375
187.195
185.323
185.03
184.435
189.521
189.745
188.934
186.808
187.677
200.471
187.235
231.392
211.54
198.474
209.882
195.789
212.856
215.37
228.185
209.184
209.499
209.014
210.737
223.433
193.859
184.204
183.259
182.968
200.231
183.488
184.651
184.965
182.915
195.65
183.37
183.12
184.339
182.029
199.358
183.965
182.611
183.442
184.757
196.742
183.419
181.371
183.599
183.818
194.948
182.276
183.861
183.259
184.032
195.289
187.126
184.54
183.366
182.389
194.904
184.011
185.554
182.718
183.699
194.044
185.344
183.399
185.695
183.304
183.671
186.173
184.876
184.649
184.816
182.495
197.537
185.442
185.618
183.653
185.412
210.113
226.745
201.145
198.111
208.97
199.5
197.391
199.27
196.268
208.919
195.881
196.318
195.139
198.781
211.748
198.093
207.875
219.72
214.24
205.027
201.646
202.01
200.233
221.996
204.224
201.231
201.551
202.48
218.062
203.606
200.416
201.93
218.827
204.756
202.096
202.23
200.603
219.981
204.071
217.127
219.553
219.343
204.807
204.94
203.158
203.619
216.342
206.248
203.53
203.692
219.78
211.547
203.169
202.781
202.765
220.682
204.077
203.666
201.917
203.126
214.347
202.667
200.724
203.178
214.808
203.887
202.925
202.264
201.755
211.461
202.162
203.389
202.587
201.804
212.151
201.255
200.473
241.09
202.229
175.707
173.996
173.831
174.019
195.727
179.06
175.71
181.684
175.159
175.379
181.234
174.657
175.15
176.432
176.258
188.375
177.111
175.38
174.888
175.46
187.108
176.602
176.224
173.97
175.018
186.901
178.504
175.135
176.559
174.339
174.324
191.039
175.788
176.602
175.653
175.951
193.313
176.214
175.151
174.83
176.773
193.806
178.357
177.006
176.97
175.59
180.438
178.904
175.225
178.397
175.987
175.38
191.245
175.192
176.028
175.295
174.631
182.3
178.21
174.464
176.258
175.956
194.844
179.217
178.838
175.717
176.455
185.882
177.395
173.668
202.005
186.398
193.352
189.041
190.488
194.119
196.091
206.067
198.6
194.898
198.637
194.835
215.674
192.649
185.169
186.494
185.074
200.609
187.178
183.617
185.864
184.297
200.793
185.551
185.893
184.469
186.634
202.494
186.169
185.397
187.268
182.684
194.48
186.862
184.516
184.357
186.379
213.906
205.24
201.982
202.483
210.076
205.154
200.171
200.789
201.551
215.794
201.726
201.227
202.24
201.388
211.222
200.411
196.856
199.112
196.769
202.537
199.448
198.286
197.725
212.164
196.395
200.81
198.548
200.6
211.058
201.746
200.269
200.576
201.725
214.16
201.176
202.708
199.637
212.944
202.888
199.99
199.953
202.09
214.615
203.539
200.45
201.491
201.821
211.07
202.657
204.092
202.363
213.271
201.638
201.439
199.854
198.875
212.826
203.281
198.853
201.184
209.936
203.518
199.987
199.931
198.347
215.888
201.157
200.693
199.283
201.04
212.288
205.01
202.283
203.179
218.278
221.261
207.193
205.434
202.504
218.695
202.935
203.987
200.579
214.835
203.253
203.842
203.84
202.15
213.296
205.33
201.256
202.279
200.839
220.847
204.252
202.474
202.681
213.521
203.914
199.887
201.388
201.626
213.157
203.183
202.005
201.551
201.725
201.293
196
197.375
200.522
218.618
217.07
206.143
199.015
198.859
211.003
200.496
197.674
199.639
197.479
202.523
199.216
198.747
197.301
213.442
201.147
202.189
199.346
200.471
212.729
202.363
197.706
199.286
197.491
209.174
197.972
200.696
196.653
203.256
201.147
198.086
197.89
198.808
208.72
201.705
196.962
198.808
196.709
213.211
198.953
199.891
197.067
199.516
208.72
199.887
195.767
198.483
211.483
201.809
197.831
199.55
196.769
216.329
198.672
197.856
196.97
198.792
209.425
201.467
197.638
198.012
207.303
204.69
199.382
198.42
198.82
213.228
201.07
200.032
197.645
197.918
215.332
197.825
197.705
199.323
197.494
212.872
200.236
198.613
198.278
213.461
200.525
199.553
199.641
198.702
212.188
199.778
198.002
199.723
198.884
216.462
200.813
199.844
197.35
209.478
201.235
199.683
197.382
199.333
211.075
200.41
199.079
201.605
199.444
225.35
214.41
403.125
221.277
211.03
205.297
201.067
200.937
212.289
203.145
200.336
201.307
201.166
215.175
202.802
200.733
200.351
214.989
195.509
190.053
191.075
189.283
208.902
192.306
191.476
190.857
189.491
205.093
191.259
215.704
221.07
192.756
200.942
240.279
235.177
190.51
203.045
232.325
234.113
231.289
202.598
234.477
236.261
234.293
191.123
239.981
235.102
233.773
191.858
223.953
238.487
239.666
238.155
245.136
194.62
188.179
187.406
188.312
201.018
232.562
235.479
236.281
229.448
237.638
221.024
237.067
240.829
237.869
240.698
240.469
239.837
248.742
207.487
197.65
199.752
187.214
186.967
186.789
185.921
199.478
190.425
184.917
188.44
186.164
198.79
186.275
185.68
185.186
185.358
196.438
187.223
185.436
185.906
183.584
197.166
187.585
184.865
183.836
184.958
201.286
187.421
184.921
184.841
185.831
196.554
185.807
184.939
184.874
183.939
192.363
202.666
208.522
196.63
197.133
218.974
207.819
197.567
198.307
206.003
210.712
198.96
228.952
211.493
217.238
214.093
212.592
207.103
224.099
211.379
203.112
203.147
196.782
206.901
184.388
184.168
183.696
183.183
215.112
188.107
182.446
182.294
181.833
196.391
185.869
179.226
177.654
178.968
197.304
190.636
186.047
186.291
183.521
201.905
203.003
193.658
192.97
189.578
199.815
193.277
190.113
188.928
188.204
201.912
193.181
191.579
190.203
189.478
199.373
192.089
189.885
191.556
190.898
204.907
191.001
190.414
191.675
192.176
210.428
193.225
191.112
191.737
199.84
195.59
192.902
192.777
188.93
209.178
193.629
192.332
189.441
190.347
200.438
193.933
190.363
192.666
192.783
202.941
193.374
189.684
191.813
190.645
202.497
195.145
191.355
191.699
189.147
207.791
191.379
190.031
190.822
192.338
202.811
191.292
190.363
188.853
189.38
192.41
189.795
213.722
191.394
205.872
199.945
196.474
196.159
193.444
205.118
193.93
193.836
192.257
191.145
209.463
195.191
193.993
190.624
192.309
205.539
194.248
191.428
193.245
192.771
220.471
200.347
195.548
190.522
203.47
198.643
228.417
234.102
198.275
206.844
194.661
192.976
193.221
192.376
212.05
195.351
193.266
190.886
194.339
214.98
198.613
194.562
191.034
211.795
201.479
230.392
260.558
248.531
206.421
196.062
198.077
196.964
215.404
197.309
197.277
196.974
195.441
216.667
205.65
201.851
197.875
209.38
204.751
234.766
262.269
244.874
205.329
200.063
197.193
196.742
218.114
199.418
196.755
196.613
198.215
212.053
196.868
197.061
198.023
235.514
235.313
200.384
195.906
205.453
292.117
227.144
330.969
245.127
228.442
213.617
622.586
239.761
229.045
230.089
253.18
234.537
228.44
233.999
242.197
238.691
230.808
232.011
551.314
238.456
243.78
234.952
235.126
235.4
254.772
232.936
233.256
220.025
232.964
233.527
227.331
205.319
206.017
190.615
188.818
186.629
188.54
196.457
190.739
187.436
188.486
184.825
201.23
184.549
180.986
177.588
176.867
188.889
185.639
172.768
173.375
171.352
171.164
192.194
176.122
174.832
177.045
173.758
190.411
176.192
175.491
173.545
175.274
192.203
175.507
170.121
169.776
170.24
181.292
177.462
174.846
174.571
176.36
173.659
201.395
174.929
173.091
171.896
173.617
184.678
175.801
171.749
173.283
173.842
183.505
173.601
172.6
173.644
173.306
172.062
175.725
173.562
172.994
171.803
172.73
187.527
174.896
173.067
178.082
173.53
198.999
173.94
173.633
173.383
174.124
182.893
176.083
172.808
173.169
173.213
172.862
174.961
174.063
171.012
173.918
173.641
190.579
173.884
173.747
172.868
174.989
179.792
174.337
172.624
172.86
171.115
185.664
175.545
174.164
172.878
173.944
173.092
195.675
173.302
173.102
172.862
174.281
184.406
174.242
173.063
172.811
171.34
176.246
174.188
174.278
172.189
173.59
172.922
185.213
171.436
173.156
172.715
173.83
185.386
174.954
173.102
173.286
172.171
186.486
179.565
176.612
171.651
174.061
174.281
186.841
172.577
173.894
172.63
175.467
185.801
174.712
216.797
198.829
222.798
198.1
190.32
188.561
185.966
197.719
190.637
190.658
188.21
188.096
202.3
193.178
186.574
188.693
187.219
196.221
191.673
187.019
188.159
189.793
197.047
207.389
203.034
186.02
182.567
204.498
187.132
185.669
184.14
185.247
193.835
185.006
183.767
185.13
183.177
203.3
184.94
186.356
184.9
184.822
193.869
186.341
184.044
184.961
183.839
194.363
185.956
183.762
183.052
185.323
196.138
187.887
184.552
185.858
184.709
197.53
184.853
184.78
185.28
185.548
195.547
188.643
185.29
184.532
184.623
185.444
187.867
187.079
184.507
186.143
184.198
188.386
183.417
202.427
201.813
203.13
186.269
229.908
204.159
198.642
215.057
198.287
198.26
198.954
196.083
214.008
197.155
195.658
195.096
210.064
198.562
197.617
195.702
196.778
211.562
206.182
202.525
201.764
202.549
217.118
200.504
201.653
200.789
215.565
204.667
202.897
202.392
201.714
210.907
204.431
201.443
201.392
199.785
214.499
201.885
202.199
201.517
214.905
204.107
202.892
201.328
201.993
214.927
202.811
202.846
202.324
211.322
204.831
202.432
201.482
201.783
218.833
201.416
203.181
202.669
280.213
201.714
214.312
192.337
193.362
205.25
192.688
191.856
192.107
188.977
