640.489
408.359
277.044
258.237
241.728
242.106
240.478
261.217
238.227
243.053
238.185
251.322
308.342
287.779
272.939
245.896
285.005
297.146
297.25
287.709
284.859
258.987
243.422
239.719
239.642
268.988
288.021
283.846
295.565
292.57
298.297
270.883
329.593
290.317
365.953
305.187
286.623
288.83
521.788
489.507
455.396
445.882
355.106
397.432
458.063
434.558
438.565
382.913
387.678
450.517
413.221
450.761
383.277
429.824
720.861
526.28
401.437
308.326
279.951
274.177
273.909
293.026
275.365
270.959
290.517
277.046
270.718
272.779
284.98
279.937
271.677
286.902
270.871
273.749
271.747
273.702
274.176
273.241
284.637
272.512
266.955
293.389
279.334
266.485
279.128
287.918
268.752
272.931
279.717
275.667
274.835
270.003
282.97
275.897
272.576
277.722
276.144
287.094
279.924
291.041
278.421
288.239
299.072
280.332
292.276
297.151
285.961
277.482
271.939
307.921
278.143
274.595
286.333
284.682
277.685
272.116
293.084
282.171
264.633
273.593
249.809
252.137
243.484
263.517
242.27
246.726
248.694
259.359
246.371
251.364
269.136
248.201
246.361
249.862
254.425
245.202
244.957
250.879
278.308
245.882
244.402
259.293
279.38
252.453
251.612
269.165
251.714
250.341
252.285
267.877
251.786
250.547
251.375
269.491
252.757
251.686
266.3
257.215
253.187
252.549
261.842
257.454
251.404
251.707
270.343
255.488
252.302
252.573
265.137
254.009
250.541
262.949
254.29
257.578
251.824
262.733
252.375
254.958
251.582
265.536
250.648
254.932
264.228
253.362
251.5
257.657
267.303
252.405
252.595
265.605
263.459
255.01
259.404
272.943
258.547
253.539
255.265
290.598
258.5
256.32
254.216
274.406
259.66
257.983
264.994
264.269
292.546
304.211
298.648
273.574
258.995
279.008
271.736
280.696
289.429
273.781
271.975
277.431
293.545
273.156
265.268
301.22
273.839
273.124
303.996
296.222
287.689
297.191
320.428
291.052
278.434
269.548
232.748
231.983
249.313
233.49
227.103
229.439
240.965
230.231
225.864
229.524
236.94
243.271
236.42
240.935
248.492
261.097
259.838
257.461
255.743
250.842
249.623
255.102
269.44
252.956
252.855
253.32
253.133
252.622
252.02
272.127
252.005
325.269
273.317
258.292
243.065
240.264
231.164
231.66
226.376
225.757
237.658
231.392
225.805
225.44
249.451
231.986
225.317
225.715
260.134
238.076
230.35
229.48
257.219
262.075
233.898
229.337
252.866
235.445
232.659
231.097
274.454
236.239
247.5
252.367
239.918
240.311
235.683
243.126
239.53
240.444
234.878
237.972
237.811
240.055
235.229
248.659
237.692
239.84
235.466
253.956
231.203
230.14
225.465
242.816
232.105
232.449
228.582
228.07
229.739
231.937
228.667
227.661
252.918
232.454
238.559
252.42
259.392
253.469
240.706
256.565
246.922
262.561
247.012
268.228
245.194
250.926
244.836
256.469
246.275
250.621
247.309
262.504
247.921
251.036
257.435
246.033
243.804
298.166
273.585
253.378
249.196
254.133
265.583
244.346
244.894
251.846
270.324
249.26
249.741
265.273
248.644
249.843
247.447
275.267
249.949
249.624
248.842
267.519
247.805
248.339
261.201
257.36
248.753
247.345
260.506
268.253
264.474
253.996
272.677
272.966
265.523
267.377
248.325
264.801
252.921
272.056
251.757
254.352
250.033
262.028
249.894
253.63
262.966
251.544
250.933
253.265
271.681
250.912
247.102
252.75
254.619
248.858
250.144
251.83
259.544
249.098
249.923
284.306
265.589
264.202
267.413
312.008
240.186
231.415
229.264
245.388
230.895
229.181
229.949
255.753
230.714
228.469
230.207
248.388
229.001
228.426
229.526
249.23
231.187
227.005
228.79
249.301
231.49
229.585
230.2
244.516
233.203
232.14
229.803
276.779
258.514
254.501
274.221
267.807
259.943
274.656
302.483
290.471
288.714
302.06
287.503
293.241
283.596
256.843
250.681
256.369
292.33
290.457
282.625
299.904
289.542
287.707
282.733
307.158
285.348
284.448
293.979
289.768
286.05
286.874
284.179
286.965
296.974
362.985
272.693
266.197
273.95
260.141
260.362
263.776
276.211
266.327
259.449
279.069
263.25
258.794
269.654
301.231
275.797
260.22
299.224
265.893
260.104
260.295
270.722
264.21
259.27
274.097
264.553
265.087
260.373
273.139
261.937
264.264
260.199
268.604
260.801
264.656
272.392
262.053
262.439
263.384
265.258
261.723
261.176
263.841
264.569
259.941
261.055
283.176
261.495
261.36
260.827
279.477
261.418
258.609
275.615
265.679
262.087
260.633
273.725
265.559
261.883
260.609
274.788
263.588
261.165
270.368
261.652
264.723
262.293
284.837
262.412
265.248
274.431
262.118
260.142
263.134
278.632
260.848
261.402
265.751
270.181
261.141
260.921
275.902
264.112
259.549
260.015
277.636
261.348
260.53
276.128
268.373
261.409
259.691
270.458
265.381
262.394
259.166
274.451
265.796
262.95
270.735
261.172
265.655
261.84
274.181
261.017
263.858
262.144
266.413
259.712
264.734
274.726
263.381
262.22
264.416
279.227
262.131
261.329
282.586
263.778
260.71
261.041
281.763
264.563
261.254
260.082
269.077
262.447
261.962
273.785
266.054
265.88
260.28
277.832
265.983
262.018
275.438
264.325
265.65
262.675
275.7
262.499
266.364
274.863
263.971
258.809
268.146
276.663
262.277
260.954
289.266
276.704
260.86
262.424
281.642
264.657
263.18
262.71
278.555
263.129
261.763
272.638
268.268
264.35
261.443
280.818
266.789
263.336
263.162
274.073
264.22
260.212
274.419
261.533
265.655
259.875
266.358
259.469
263.905
272.644
263.053
259.213
261.752
299.519
247.773
237.458
241.06
252.359
237.351
237.766
244.095
254.45
238.146
241.762
242.83
259.358
238.681
236.75
251.112
271.409
256.562
251.039
278.465
259.145
299.643
248.421
252.412
238.346
238.235
237.668
251.267
239.378
236.532
236.676
260.782
237.711
238.704
247.104
239.252
239.405
236.772
247.42
237.999
238.573
237.126
248.981
241.979
238.873
236.873
248.037
238.824
237.831
235.479
248.986
238.232
239.94
237.483
251.24
241.363
236.828
251.69
270.257
260.457
253.308
254.993
263.989
272.636
264.784
275.935
248.53
240.74
236.297
246.258
235.721
240.275
234.281
267.938
254.605
258.368
252.884
253.246
236.206
239.542
266.669
250.298
253.532
278.462
323.018
288.779
277.394
277.391
263.919
263.706
263.83
289.192
264.581
264.478
280.468
269.483
261.859
261.558
274.126
264.678
262.697
271.307
267.105
272.707
267.513
276.886
262.203
267.429
283.452
267.943
244.385
245.005
253.206
242.72
241.477
246.957
256.244
240.828
241.469
245.507
281.408
283.975
281.241
307.343
285.515
280.809
279.289
302.507
253.77
246.379
246.062
249.539
244.044
241.822
256.095
247.046
243.512
241.556
262.764
248.135
244.723
242.594
255.506
246.357
243.614
240.997
253.169
246.884
245.482
242.828
254.267
246.366
242.919
255.771
246.242
248.059
242.351
256.498
244.5
246.703
242.032
255.737
243.018
246.056
245.127
256.868
242.498
245.424
244.697
260.035
244.712
247.777
243.185
254.943
244.221
246.845
243.094
255.944
246.771
248.231
257.929
243.183
241.986
323.684
288.586
283.837
271.603
291.059
272.658
292.659
254.908
271.138
253.778
256.668
254.867
260.21
251.64
256.073
247.743
252.319
245.553
243.419
254.25
251.622
244.041
243.823
258.229
249.01
245.366
241.761
253.19
273.377
244.056
240.855
263.264
246.049
243.309
252.963
243.319
246.112
243.929
255.67
245.266
247.834
243.3
257.013
242.406
242.222
239.074
255.236
244.181
248.835
243.679
262.298
244.795
248.18
244.824
256.983
246.112
247.742
245.357
257.619
242.86
243.958
242.232
250.113
246.226
248.63
261.594
246.397
243.676
272.491
283.943
247.146
244.515
248.407
258.319
243.447
243.207
247.519
253.979
246.126
242.914
264.896
248.711
243.583
243.131
259.502
245.829
244.139
255.014
265.674
246.016
242.977
244.163
260.605
246.353
244.653
243.903
259.299
245.27
243.513
244.322
272.051
247.324
245.378
255.962
247.354
244.662
245.164
256.314
247.456
244.511
244.761
257.982
248.741
243.649
242.577
256.197
245.875
241.484
240.677
264.83
248.816
244.154
242.004
256.716
249.4
254.924
245.634
248.481
249.191
242.115
275.609
292.116
258.211
240.881
247.33
236.897
241.492
235.925
253.812
237.676
240.081
238.064
248.229
238.196
240.903
237.67
252.065
240.656
240.5
238.263
254.665
238.124
241.372
238.471
250.521
239.877
243.493
249.612
241.903
238.281
242.337
249.649
241.782
237.369
241.744
259.775
239.607
238.427
241.328
253.645
237.857
237.555
241.266
251.982
238.057
235.034
241.519
251.794
237.337
234.542
240.58
252.988
235.724
236.931
240.914
249.382
238.109
236.136
240.698
250.057
235.233
236.354
242.371
241.063
274.873
262.267
244.913
272.464
230.481
225.807
231.696
233.326
225.926
226.028
230.97
241.206
227.726
225.935
230.184
260.18
232.96
229.126
232.641
254.185
228.311
227.492
232.748
251.008
228.733
237.273
231.358
243.637
226.836
227.636
228.696
253.922
230.06
226.677
230.662
246.106
230.105
229.231
232.559
256.247
231.17
228.855
233.567
243.97
229.398
227.929
232.121
251.616
232.289
229.637
232.322
253.789
231.177
229.789
232.977
253.822
230.001
228.54
233.688
242.884
229.114
226.78
251.617
280.89
242.455
257.842
273.749
250.436
234.54
234.162
241.382
257.619
236.224
235.757
241.703
258.985
229.666
227.366
230.479
238.539
226.392
226.087
230.236
244.448
227.243
225.839
231.173
248.457
228.27
226.13
229.88
239.658
228.245
226.833
228.716
241.392
227.499
225.714
229.169
239.45
228.066
225.509
230.68
237.639
256.46
274.649
286.03
306.143
276.282
237.267
241.819
235.36
228.232
228.232
242.891
230.677
228.248
228.413
246.106
232.965
227.515
227.168
230.999
230.668
224.606
224.506
228.455
257.422
226.98
224.078
242.439
313.757
251.186
244.685
310.182
290.384
286.426
300.355
287.523
285.45
283.628
287.97
294.516
290.209
303.433
287.858
293.488
291.351
291.092
286.843
293.998
321.825
290.242
288.705
296.325
290.262
289.023
303.402
293.885
289.745
300.325
287.291
293.526
287.832
299.926
286.067
292.502
302.296
288.783
287.85
305.434
289.976
286.939
288.133
309.973
287.655
286.56
291.299
290.29
289.366
297.267
291.466
294.75
290.43
298.899
276.399
251.685
255.025
242.882
266.822
253.695
258.153
241.93
241.468
245.296
256.014
242.983
240.862
247.031
247.359
241.531
242.08
258.725
245.692
242.751
241.659
257.361
244.027
242.556
242.012
257.858
243.235
241.291
242.466
259.013
244.532
241.702
242.035
259.106
243.683
242.441
240.6
256.568
243.773
240.907
284.552
261.979
253.026
252.596
266.97
258.898
252.934
251.099
264.844
256.844
252.706
251.082
264.663
259.574
253.562
267.132
255.837
258.754
255.641
270.056
254.282
275.199
284.09
262.273
271.095
260.79
262.293
243.731
242.667
246.126
246.571
244.282
272.095
277.878
296.788
275.383
274.053
297.031
276.062
273.62
285.68
280.383
274.564
275.132
288.513
281.347
276.567
284.91
273.685
280.857
274.292
289.668
275.276
282.471
298.678
274.661
275.931
281.853
277.094
275.15
275.436
294.237
277.064
275.027
283.93
283.066
276.836
276.215
287.5
290.4
274.775
289.218
277.722
281.957
278.086
283.933
273.518
279.467
297.101
249.202
238.047
242.239
255.57
236.746
234.402
240.189
236.981
235.201
233.209
241.802
246.205
235.492
233.369
240.416
247.531
233.847
234.467
240.519
277.928
240.997
234.979
243.755
250.362
236.737
236.801
243.709
249.573
237.752
236.647
242.876
249.552
237.72
234.966
243.922
250.539
236.536
235.033
242.764
249.873
237.328
235.916
243.667
250.008
237.164
235.491
242.836
249.543
237.212
236.813
244.043
248.725
236.723
236.042
243.886
250.328
235.516
258.198
245.179
252.085
234.716
234.98
242.538
260.009
285.372
247.938
256.328
238.556
235.013
235.086
248.226
235.6
232.397
231.33
264.205
239.219
236.913
234.732
254.221
243.706
240.981
240.945
259.233
241.416
239.928
240.53
257.559
239.126
240.68
241.872
260.999
239.463
239.681
241.261
259.026
291.718
243.046
250.404
277.576
241.428
240.383
250.768
276.617
247.584
237.827
293.596
259.349
239.161
238.67
242.135
272.227
249.018
253.505
251.234
278.753
248.91
265.247
252.726
257.348
251.959
277.967
266.839
284.828
278.595
279.418
309.074
289.659
261.488
258.435
334.28
262.729
252.94
257.244
266.414
256.002
255.259
251.537
264.82
271.395
269.01
290.3
267.101
268.191
255.843
264.218
253.651
257.744
254.484
254.742
252.916
257.187
268.209
252.974
254.387
258.3
271.063
254.688
253.298
255.169
256.899
251.473
255.156
276.232
255.5
250.854
253.744
271.446
255.082
252.964
252.72
268.482
268.753
266.498
273.651
253.455
251.253
243.932
251.976
250.056
241.531
245.836
271.74
256.631
254.751
279.758
258.609
260.875
253.222
264.074
253.488
256.672
254.496
267.874
253.224
256.937
263.761
251.721
252.399
255.817
267.659
252.342
252.296
258.179
264.867
252.839
252.366
268.616
254.031
249.987
250.436
272.353
255.897
250.979
251.581
269.23
254.357
252.164
252.469
271.868
253.582
250.938
262.758
256.057
252.095
250.09
265.674
258.607
253.31
253.44
267.902
259.223
255.638
253.706
255.584
257.388
252.803
261.795
253.06
255.53
252.486
261.323
251.948
256.624
253.127
282.768
277.311
272.607
285.933
271.854
270.634
293.061
269.825
266.978
267.664
282.859
275.636
284.42
298.341
315.861
295.52
309.21
292.986
304.011
315.853
300.809
296.348
307.875
311.617
296.106
300.173
313.498
296.595
300
309.866
303.204
302.086
323.426
294.481
302.527
324.749
297.525
305.712
327.188
309.012
306.76
322.264
300.777
308.104
310.119
309.349
313.752
319.152
308.861
309.187
327.343
307.295
291.499
278.894
270.554
248.592
245.886
262.8
253.784
248.235
244.525
254.121
249.723
246.636
244.854
256.013
251.261
248.16
245.958
258.386
250.957
246.692
244.803
256.141
250.389
247.479
258.195
281.367
287.684
278.825
290.668
280.779
291.576
304.127
280.171
275.263
284.623
285.998
280.987
278.48
298.658
282.958
247.725
257.403
250.481
243.805
244.451
264.559
258.607
251.014
251.022
265.214
258.64
250.935
250.467
263.847
254.816
249.48
249.336
286.617
257.704
249.451
321.871
290.633
303.757
314.951
299.336
291.845
310.284
296.717
280.512
281.778
306.356
316.3
276.316
267.865
234.146
228.422
225.754
240.097
231.612
227.236
225.98
239.818
231.293
228.948
227.901
251.129
232.1
228.62
226.361
240.126
231.708
225.106
228.783
230.17
231.162
227.125
227.357
239.042
231.979
226.993
227.39
226.813
233.519
225.895
225.031
230.058
247.05
226.848
227.922
227.417
258.102
229.489
227.627
227.288
248.192
227.929
227.33
227.336
242.331
227.49
226.846
226.184
244.972
274.788
253.001
229.388
262.665
228.8
225.716
228.717
249.225
228.155
226.863
227.173
247.022
229.061
226.991
227.553
238.581
227.766
226.427
227.688
243.17
228.242
227.865
225.328
245.234
229.961
228.066
227.219
254.979
229.085
228.196
227.597
247.441
228.557
228.437
226.458
244.292
228.771
228.055
228.03
244.66
230.439
228.066
227.543
242.278
227.257
261.816
264.782
281.276
254.069
253.54
264.683
280.281
256.885
253.009
253.135
286.732
289.268
265.28
265.857
296.266
270.552
285.252
273.882
291.09
277.9
243.012
235.915
241.331
235.276
259.115
237.317
240.326
254.303
237.83
236.748
235.286
317.076
285.536
247.869
249.622
281.961
246.063
239.762
242.629
254.662
241.785
244.56
262.943
245.627
243.475
241.913
258.765
245.592
242.358
241.535
260.149
253.392
239.373
240.842
261.372
244.777
242.782
244.912
268.332
245.929
242.925
242.939
258.26
245.92
241.448
260.269
258.217
245.733
244.24
260.479
248.496
245.174
243.399
257.266
250.96
244.563
244.442
257.964
247.712
244.731
302.239
264.76
252.364
243.112
257.151
243.833
246.191
242.607
253.587
242.642
248.429
241.803
255.81
242.616
244.829
241.795
246.898
243.139
248.626
242.334
255.761
242.477
246.428
242.615
253.906
242.286
247.35
256.152
243.226
239.814
244.185
252.736
242.808
242.374
246.64
253.251
242.293
241.589
244.816
253.623
241.036
240.874
247.223
276.813
242.701
241.68
245.058
253.69
240.288
240.065
246.625
260.101
239.69
240.519
244.555
257.702
240.889
242.29
255.848
243.215
245.298
272.723
255.11
286.689
272.702
265.458
297.291
265.385
261.705
278.378
269.076
264.342
263.211
276.883
269.716
265.541
273.499
263.6
268.79
264.835
278.488
272.007
280.282
269.178
265.118
264.179
272.769
282.985
267.232
266.697
284.97
268.195
266.982
264.596
274.254
264.559
265.178
275.994
271.541
264.907
262.564
282.728
269.3
263.25
262.337
281.409
272.088
265.217
283.902
264.346
268.228
265.529
275.476
265.921
270.135
282.6
265.659
264.369
272.06
280.652
265.113
286.433
295.554
271.026
271.079
271.102
292.937
286.604
286.534
304.041
294.379
290.899
317.566
289.554
294.248
300.623
285.801
286.928
295.136
300.198
287.153
289.675
306.344
290.595
290.887
318.696
292.871
290.283
301.037
286.399
291.801
288.847
300.024
289.593
292.733
300.402
289.378
286.283
308.89
288.249
284.877
295.115
295.424
288.233
287.989
309.812
292.616
288.72
318.444
271.683
292.062
296.875
289.987
287.335
289.102
300.252
290.657
270.256
290.457
272.466
270.998
272.733
262.387
259.417
255.915
271.437
264.234
258.465
259.085
266.544
261.407
258.233
281.589
269.611
273.177
261.105
269.771
258.425
274.591
270.194
258.342
270.817
263.612
271.43
257.718
259.339
275.774
262.525
258.691
258.815
279.896
258.97
255.47
257.166
280.95
258.153
256.215
269.046
264.7
259.286
255.464
295.067
278.621
271.917
277.933
273.591
277.085
257.408
265.274
256.111
259.199
270.27
255.873
257.676
263.157
269.359
257.318
258.126
260.797
270.724
256.435
257.737
275.025
262.203
255.568
255.891
276.321
259.1
254.838
256.535
282.959
257.283
255.719
266.578
271.064
265.337
326.535
314.886
278.721
240.115
250.278
237.926
240.322
236.646
247.563
242.433
245.969
236.766
249.548
238.06
240.513
237.759
248.997
238.884
241.454
237.614
248.446
237.003
252.39
239.479
247.364
238.531
243.557
238.296
250.098
237.833
241.889
238.038
258.327
236.913
242.465
256.221
238.641
238.106
241.68
249.412
253.081
245.538
242.38
250.029
237.948
234.483
237.752
251.265
237.859
236.339
239.627
244.659
235.954
235.69
237.193
244.85
237.28
235.443
243.824
282.901
271.843
281.301
314.241
294.909
293.675
307.804
301.35
292.751
292.045
297.59
297.527
295.605
295.026
293.477
300.019
294.327
295.759
276.771
282.933
260.891
259.865
272.139
284.81
294.657
305.687
298.051
298.683
320.277
295.164
294.792
313.027
294.283
293.008
292.497
298.118
292.78
294.133
304.402
300.634
292.763
312.29
293.932
298.185
310.186
290.232
294.438
320.41
294.89
295.537
307.591
300.497
294.996
313.078
304.596
297.656
311.477
290.241
294.111
318.675
305.355
291.113
316.151
312.903
294.732
304.31
293.392
294.407
318.639
294.806
294.618
314.437
294.248
293.194
307.703
296.044
305.261
307.305
291.915
299.267
306.202
290.031
290.673
299.557
300.106
290.311
310.899
301.121
295.516
308.729
294.439
296.541
308.623
292.624
294.43
321.855
305.242
292.985
303.854
299.284
294.932
301.362
292.953
299.394
307.143
293.271
294.151
308.969
309.204
287.801
304.295
297.033
286.652
305.273
287.984
292.344
285.552
292.187
287.257
293.224
304.91
289.967
299.285
292.489
289.622
285.147
289.454
316.127
288.819
289.767
300.458
289.201
290.323
299.141
286.897
272.401
291.417
302.912
303.27
309.377
323.516
287.627
299.952
329.745
303.607
291.025
314.234
296.378
293.378
314.074
288.201
293.93
289.428
293.759
303.356
311.93
293.978
289.971
290.37
319.86
303.64
300.257
315.76
307.268
305.857
301.083
298.975
305.52
319.074
300.036
298.861
317.002
306.66
302.413
306.481
307.599
303.643
287.273
304.709
310.69
293.297
316.81
299.078
297.574
307.044
290.86
292.335
321.321
291.576
308.501
297.277
307.259
303.679
303.991
304.434
304.205
272.99
301.705
290.045
297.868
312.244
300.073
303.713
321.189
301.213
291.095
304.854
294.353
289.914
303.407
291.084
294.416
291.616
317.104
304.855
306.506
314.948
291.115
292.499
307.44
300.386
299.616
318.32
309.916
299.91
307.668
291.562
294.861
311.297
305.688
302.591
305.881
295.122
290.51
302.433
318.175
304.485
300.178
320.32
306.734
293.065
315.808
293.141
294.841
305.02
302.031
300.559
308.606
306.413
303.61
319.369
297.615
290.193
289.15
308.799
295.408
292.669
305.886
290.861
298.69
316.807
273.75
293.161
300.148
295.626
289.161
290.703
305.24
291.983
300.825
304.083
295.733
292.803
304.174
292.936
293.748
303.757
272.65
272.106
278.275
309.264
289.835
292.589
304.68
292.265
287.974
305.258
298.654
291.646
304.662
292.918
295.459
293.672
299.301
290.166
295.844
308.629
290.724
292.409
322.891
276.173
271.643
282.286
280.145
272.474
271.543
282.731
273.558
269.613
277.634
271.444
275.499
268.491
294.51
294.32
277.869
367.447
297.55
292.317
265.061
272.07
247.237
246.263
358.064
276.226
247.232
254.711
253.893
242.93
241.968
263.097
252.855
243.194
241.706
272.717
258.827
244.914
245.348
264.403
250.7
247.682
244.191
257.799
251.073
246.407
243.55
247.544
258.688
257.647
268.094
256.086
260.399
256.315
268.859
257.021
260.199
258.357
271.37
258.511
262.026
267.813
255.657
257.341
259.861
271.651
256.315
258.483
264.472
273.024
257.064
257.073
275.975
258.707
254.884
256.017
276.293
257.819
255.379
256.676
276.632
260.456
253.608
266.056
263.454
258.991
255.082
271.052
261.288
258.498
255.737
269.569
264.388
259.029
267.336
259.533
262.678
257.085
268.645
259.49
263.541
258.986
267.204
256.165
260.432
268.917
256.338
258.588
262.781
271.166
280.418
293.271
298.982
295.633
290.139
311.989
276.351
257.559
255.49
270.395
262.351
257.382
254.36
269.605
260.712
256.633
268.409
256.125
259.112
257.139
270.016
257.024
259.897
257.434
266.908
256.268
260.357
267.503
255.815
255.636
260.179
273.632
255.794
255.801
260.151
263.246
448.948
292.817
308.93
257.088
253.03
265.388
255.235
254.122
250.167
260.92
258.754
252.687
249.439
264.95
255.466
253.716
263.5
251.163
257.214
255.193
264.258
250.056
263.424
267.404
258.797
242.4
247.844
240.993
258.133
240.829
244.819
240.562
257.881
241.357
246.731
251.378
237.357
234.5
236.132
250.53
242.678
238.423
246.376
255.877
241.338
239.147
244.67
246.897
241.263
241.039
248.137
253.437
241.798
240.269
243.953
246.337
239.245
237.466
247.495
249.862
241.868
241.14
247.44
253.773
242.758
242.006
248.912
257.906
239.473
238.645
246.519
257.197
251.232
237.732
256.436
258.407
240.247
240.885
252.677
243.759
238.105
240.236
254.341
241.164
238.756
252.166
287.497
246.658
249.191
247.75
263.068
254.821
243.557
242.381
280.552
259.028
257.404
269.482
260.838
259.016
254.056
267.56
256.276
252.967
250.164
264.82
257.055
251.48
262.757
253.194
255.867
252.722
263.305
251.503
258.073
251.642
262.511
251.549
254.721
263.951
253.085
251.087
256.174
270.014
252.065
249.989
256.605
266.742
252.027
250.267
257.614
265.632
249.996
251.427
268.774
255.828
251.625
251.115
276.864
253.776
250.124
251.585
269.076
252.612
250.015
263.42
258.63
254.734
251.418
268.033
254.123
253.564
249.602
260.071
249.076
244.342
242.07
260.706
238.007
233.622
229.779
251.051
240.15
233.816
230.27
253.118
237.768
234.183
232.713
260.462
240.47
234.831
231.737
244.898
235.683
233.494
230.134
241.992
238.425
231.651
230.679
253.307
237.034
231.346
230.537
252.09
237.087
233.011
230.734
249.897
237.866
233.201
230.47
243.747
236.69
232.733
232.582
253.171
234.688
234.267
231.61
252.249
237.601
233.437
231.674
252.918
236.35
232.876
231.493
242.44
236.699
233.545
229.26
256.357
237.415
231.961
231.937
246.904
239.155
232.736
230.667
246.417
236.261
233.13
231.03
254.287
241.349
233.772
230.488
243.304
236.569
234.458
238.554
244.298
237.194
233.565
230.339
255.623
237.969
233.551
231.603
242.738
238.2
233.498
231.884
243.166
236.046
231.843
263.828
273.969
275.004
255.152
273.537
253.024
256.025
252.372
264.636
252.526
256.878
253.371
245.154
246.068
246.835
257.529
254.381
253.708
257.915
267.58
252.98
253.602
255.752
282.949
256.748
253.418
269.568
254.671
253.241
253.01
265.578
254.868
250.878
253.274
270.435
254.353
250.548
252.312
257.418
259.148
251.009
264.519
260.068
255.098
252.545
258.246
256.94
254.672
250.408
273.16
257.872
254.892
261.659
253.149
255.876
252.101
262.652
254.12
256.349
253.765
259.783
252.325
255.74
252.766
252.833
251.921
255.992
265.662
249.785
256.702
301.999
284.033
255.602
253.658
272.641
285.744
297.151
310.553
321.284
301.01
297.141
316.737
312.776
307.161
300.176
299.807
309.118
320.456
296.889
310.143
321.702
305.588
309.612
313.031
308.861
264.131
304.937
301.214
308.7
301.578
317.594
307.723
287.424
314.628
297.332
297.921
325.856
302.694
296.285
317.024
312.94
298.488
324.844
288.983
271.891
278.201
285.545
297.821
310.144
319.611
296.592
300.853
312.295
294.599
303.887
320.823
309.882
309.647
315.383
309.055
309.281
337.197
307.861
303.925
323.365
305.138
306.517
321.329
315.039
309.716
322.119
305.759
310.703
324.448
311.56
308.747
325.094
309.04
302.146
307.473
314.976
303.614
288.847
291.318
277.914
263.042
264.152
261.917
264.945
260.731
270.839
261.442
264.817
259.999
268.416
261.339
263.311
273.271
261.695
261.694
267.428
274.413
259.253
260.626
278.509
261.032
258.401
258.909
281.432
261.477
260.163
261.72
278.562
260.517
258.344
276.109
269.078
260.933
260.416
271.676
263.147
260.937
260.109
262.474
265.814
260.51
270.226
261.443
263.189
261.014
282.211
260.541
265.604
272.2
260.816
261.453
265.268
273.291
258.307
261.579
278.909
262.601
260.175
259.087
275.658
260.674
257.489
259.053
282.565
261.472
258.425
274.254
265.585
262.133
261.706
274.317
266.719
261.152
259.722
264.199
265.198
261.294
273.865
263.406
267.086
260.93
276.248
260.754
264.229
274.545
262.057
260.457
266.067
274.293
262.164
260.533
262.719
264.235
262.681
260.984
281.288
263.552
261.354
260.7
279.937
260.503
258.794
274.854
267.952
262.178
260.707
273.412
265.215
263.047
261.09
264.389
267.501
263.161
274.211
264.37
263.548
262.632
281.812
261.989
268.5
273.598
260.755
261.265
265.003
275.827
262.018
262.624
281.369
263.457
261.59
261.565
278.887
262.779
260.403
260.365
292.854
263.925
259.935
275.134
266.977
260.94
262.278
273.657
267.357
261.681
272.751
264.855
267.631
262.887
274.214
262.475
268.628
263.405
263.699
262.542
265.045
279.259
248.229
247.365
252.006
260.908
246.554
247.026
249.639
260.945
246.845
247.277
252.781
248.569
247.851
246.371
264.584
248.611
247.096
248.078
265.676
247.829
247.808
246.158
261.53
249.646
245.365
247.838
292.537
273.934
259.263
264.519
251.657
264.278
262.363
277.303
281.167
265.282
262.388
245.772
247.453
253.744
272.673
287.644
270.04
280.801
262.321
263.215
285.619
295.987
310.015
284.109
272.536
255.13
253.782
266.849
255.146
251.414
253.546
292.851
253.736
242.586
241.496
257.763
246.773
242.621
241.861
249.917
249.451
243.971
257.571
251.787
252.189
249.742
257.591
251.222
252.674
248.242
253.261
245.616
249.054
244.267
262.485
249.267
253.837
261.086
252.684
249.017
250.241
267.868
252.53
250.662
252.59
259.213
249.949
266.425
253.666
260.242
248.614
249.128
258.74
249.829
248.698
248.674
280.193
255.15
249.495
249.594
268.871
251.269
247.835
265.409
254.921
249.78
246.886
259.672
254.786
247.678
248.578
260.21
253.319
250.673
250.391
264.045
253.617
248.409
257.503
250.984
251.558
249.334
259.133
250.368
254.778
249.319
258.719
264.518
258.395
261.872
284.346
254.852
255.757
263.191
251.622
249.326
254.735
261.435
250.097
249.262
255.754
264.734
247.261
251.408
263.206
249.409
247.721
249.664
266.445
248.972
246.735
248.339
263.505
249.334
248.571
247.718
270.826
249.459
249.189
257.339
255.267
250.277
250.007
261.258
271.299
305.825
433.294
318.912
277.852
287.134
262.392
245.135
240.661
272.442
267.854
235.456
251.144
256.381
235.351
242.941
238.186
242.615
232.293
231.841
232.433
240.595
231.02
230.336
233.655
246.38
232.551
230.376
232.819
245.658
232.48
230.447
233.617
248.175
231.272
230.994
231.856
246.816
232.686
231.856
234.767
247.182
232.234
231.642
233.294
250.346
296.434
265.985
265.77
300.5
260.771
259.282
278.808
261.321
308.803
322.443
322.848
301.34
302.744
321.254
271.787
300.686
322.025
302.898
332.936
336.488
315.429
303.613
321.156
303.592
303.448
317.799
305.775
269.83
319.877
321.132
308.451
315.539
305.844
315.76
329.74
307.246
315.656
336.007
310.374
300.793
316.873
306.398
318.573
293.836
290.199
299.492
303.45
312.307
266.156
288.167
329.014
304.954
299.501
315.94
311.786
305.848
314.461
292.407
316.367
316.532
302.674
301.295
304.289
303.432
290.122
300.696
319.728
303.629
299.973
316.048
304.943
289.808
313.408
290.163
316.94
313.963
300.019
303.449
329.285
301.971
302.076
310.607
318.751
310.179
264.313
302.717
274.52
267.609
295.299
289.092
293.28
302.814
284.331
282.68
319.481
268.161
245.569
241.073
263.243
242.643
240.339
251.925
279.335
259.462
258.252
273.657
276.94
246.875
242.822
253.269
245.276
241.413
243.191
287.877
289.007
260.098
252.689
253.474
260.194
252.071
264.345
252.766
258.035
264.714
254.839
251.116
255.106
267.277
253.936
252.917
276.823
254.258
252.871
252.669
260.543
252.427
252.606
263.511
260.439
253.422
262.43
234.962
238.3
235.274
266.283
233.379
240.062
248.205
261.942
232.696
236.689
235.671
266.314
292.366
292.099
288.873
272.69
271.163
277.315
290.314
268.241
269.445
293.268
274.588
268.011
268.643
293.437
269.588
269.192
282.14
278.143
271.602
269.391
290.52
284.507
267.278
298.469
288.552
265.605
251.554
269.875
255.409
252.51
266.243
246.017
243.479
248.729
269.97
251.319
249.915
251.126
261.989
248.718
250.317
267.993
287.991
252.476
248.836
262.131
251.035
248.519
248.85
281.827
276.643
255.629
248.739
267.837
254.156
246.661
251.669
277.013
255.837
250.077
263.136
257.151
250.879
250.404
261.618
256.054
249.658
250.877
259.972
248.529
244.175
254.631
252.529
255.148
249.157
270.757
252.925
255.864
251.68
270.642
254.464
282.244
262.23
248.483
244.168
249.244
263.564
248.12
245.548
251.756
256.309
246.495
243.186
248.231
261.955
246.159
246.615
250.41
264.636
246.267
245.13
249.689
249.263
245.168
244.145
266.742
292.008
253.064
245.999
260.687
247.932
245.752
244.141
263.173
246.7
247.148
244.627
257.869
248.301
246.591
256.706
252.866
246.3
245.488
255.259
251.016
245.849
246.537
259.018
251.44
247.289
245.719
259.433
250.715
246.989
244.893
261.161
250.847
247.604
254.174
246.819
247.574
260.108
280.414
254.789
260.543
300.858
250.917
245.247
249.38
257.719
243.758
244.789
251.073
264.061
248.919
240.899
247.104
296.556
265.407
259.028
286.17
262.677
260.047
259.891
278.772
260.015
261.108
276.936
267.088
260.059
260.112
272.472
265.946
266.186
286.457
263.816
266.189
266.968
273.164
261.872
264.242
275.22
262.986
261.061
267.112
282.344
263.601
257.881
264.497
274.941
260.546
258.391
284.239
263.724
260.983
258.152
277.271
262.281
259.54
262.12
342.137
272.965
254.854
262.513
265.74
288.068
281.886
308.168
320.556
321.99
288.772
296.622
282.555
326.346
280.923
367.775
326.031
280.92
371.38
298.24
325.372
377.389
299.925
297.225
304.897
286.868
285.696
285.878
309.664
305.963
294.51
384.891
385.781
298.694
310.516
294.612
276.399
317.128
325.933
271.025
294.2
281.011
296.877
319.443
292.858
307.103
307.924
363.356
283.587
292.509
290.012
434.711
288.969
304.798
284.846
284.355
291.356
361.763
309.917
303.278
275.43
290.012
316.988
337.147
285.51
309.428
238.279
226.197
238.64
283.977
254.279
243.579
242.414
252.447
252.585
244.813
251.485
259.511
258.021
251.128
296.575
258.918
256.698
250.386
259.587
255.655
247.921
276.917
265.017
273.876
258.936
258.775
260.706
252.9
274.829
283.183
298.384
267.642
243.964
243.753
254.907
272.545
247.038
244.786
275.403
254.489
249.762
276.86
361.393
289.395
282.03
293.722
288.489
281.111
288.399
276.844
279.604
272.282
301.437
281.774
287.843
299.662
280.833
291.31
297.539
280.361
278.273
278.571
300.669
279.968
280.061
297.076
280.528
271.785
270.153
396.737
287.873
281.729
294.161
281.23
284.258
294.081
281.497
278.54
304.864
282.147
279.123
276.877
300.556
274.688
274.3
294.742
287.56
281.791
287.245
279.466
283.689
277.999
281.925
281.077
286.892
301.582
300.797
300.184
305.21
286.127
284.364
287.948
313.588
281.591
280.866
313.652
323.249
294.479
306.148
291.652
297.424
303.829
294.765
291.501
297.21
302.022
285.637
288.001
311.869
295.646
290.704
307.954
297.885
292.332
305.617
290.109
299.784
290.467
320.863
296.129
294.782
303.582
295.418
289.104
304.95
284.935
296.939
315.799
296.675
290.56
307.065
276.348
285.38
277.106
293.268
276.687
279.78
286.733
274.17
425.458
304.663
279.583
276.679
292.61
280.847
277.509
275.607
296.252
286.745
276.655
287.016
271.517
277.862
271.349
299.964
279.564
286.173
294.08
279.612
278.403
295.931
279.343
278.59
278.156
287.082
273.955
273.89
299.977
308.354
294.91
305.998
294.407
299.416
290.364
306.564
295.068
297.131
313.083
291.433
290.109
309.58
293.173
294.483
296.545
295.857
291.249
292.392
290.019
292.672
290.607
297.827
290.764
302.453
333.95
295.408
294.425
316.178
297.168
292.154
302.025
297.549
290.998
291.74
347.912
364.459
340.052
336.439
341.976
302.359
258.148
252.33
249.571
275.693
285.218
268.762
283.208
298.501
289.538
290.477
312.835
299.884
294.302
304.458
293.524
300.01
312.456
294.33
291.542
299.368
296.119
292.672
314.838
300.248
299.507
293.891
310.564
299.97
294.086
325.692
279.878
271.568
288.318
260.988
278.351
267.774
274.797
411.305
284.747
293.779
272.663
278.113
297.795
285.572
280.97
280.889
274.778
261.358
231.563
243.944
230.588
235.767
230.784
246.601
231.728
235.418
231.985
243.847
231.138
235.844
231.59
230.167
230.904
233.13
229.893
243.87
230.026
238.156
231.009
244.11
229.638
235.506
231.992
244.275
229.464
236.144
231.514
253.047
232.88
234.597
231.941
246.017
230.928
235.719
232.339
253.884
231.326
237.666
277.274
453.04
478.993
505.256
366.37
507.137
678.337
519.558
512.342
420.17
401.197
497.202
489.446
284.573
284.683
290.55
310.24
281.443
280.242
302.027
331.13
274.906
291.483
272.051
271.533
299.577
279.305
277.605
269.742
288.991
272.562
277.498
286.947
272.694
271.861
278.548
283.984
273.397
267.253
289.707
266.718
276.159
267.801
277.812
265.241
271.68
290.316
278.998
271.513
283.484
272.249
304.462
296.469
279.647
277.518
288.763
334.535
303.527
336.613
350.396
320.566
314.995
316.958
320.089
265.405
301.173
277.208
283.656
294.579
277.395
276.769
278.363
289.364
281.515
281.184
299.723
278.588
282.48
278.647
297.809
281.385
280.483
293.989
285.885
275.36
289.765
286.588
290.318
282.611
289.151
286.787
297.768
269.037
276.995
290.425
291.177
286.093
295.396
286.658
304.957
292.832
288.773
327.176
262.067
244.119
252.014
243.932
249.811
244.693
258.306
298.234
265.653
256.612
264.189
264.538
264.144
266.652
266.236
263.765
257.473
268.033
254.812
256.042
262.327
277.454
255.918
255.557
304.081
278.934
272.222
260.481
289.89
260.258
265.73
273.82
295.52
275.335
268.658
287.449
297.903
268.406
290.255
294.474
281.079
297.939
292.951
293.64
320.646
320.724
264.429
266.484
249.046
256.055
261.914
299.9
290.316
286.76
297.717
285.711
291.504
303.665
256.079
249.259
292.336
325.101
298.405
273.993
260.483
245.796
244.005
241.61
269.759
262.063
242.658
242.313
259.245
241.903
242.778
242.805
263.954
244.676
242.45
241.616
257.669
243.62
241.899
255.84
249.365
239.511
254.24
299.826
310.422
291.07
308.855
293.323
284.788
270.405
282.592
267.16
270.141
286.078
267.485
265.302
271.584
282.812
267.408
267.498
322.583
293.508
290.595
310.423
298.99
294.778
293.049
307.01
298.245
292.802
309.085
293.598
298.894
304.856
289.37
313.54
307.567
313.864
315.87
321.071
318.456
315.274
321.647
309.633
316.104
313.85
312.294
311.244
334.576
313.161
311.515
323.305
314.39
314.556
313.299
314.426
334.078
333.63
317.262
310.174
326.111
306.757
278.119
275.075
281.148
269.127
265.254
274.17
271.253
263.293
264.122
272.441
272.806
264.108
275.812
265.885
271.241
265.455
274.003
262.367
268.315
269.741
305.838
274.868
293.933
286.971
276.967
274.27
291.626
275.678
282.887
258.732
260.533
242.631
241.184
239.28
282.009
252.272
251.577
252.813
257.334
250.908
247.406
266.31
256.787
249.377
250.862
256.079
247.207
241.762
241.511
262.14
256.559
250.63
264.673
252.141
254.099
253.14
269.508
251.075
258.053
251.523
257.746
243.479
249.004
244.358
267.028
251.453
258.24
260.585
252.011
249.66
256.162
275.564
250.652
251.913
258.592
263.62
252.242
248.667
255.244
267.847
250.564
250.062
268.736
252.781
249.387
249.689
275.172
251.917
285.482
268.153
273.912
249.497
251.612
260.924
250.414
243.481
240.236
262.571
250.691
242.366
243.804
254.619
247.557
243.205
243.864
254.206
248.579
244.024
241.753
250.784
247.018
243.205
241.681
245.47
247.741
245.828
256.785
243.22
247.003
241.901
260.741
244.662
247.305
244.225
252.657
244.191
246.352
242.287
258.822
242.513
248.164
242.628
255.789
242.425
246.304
243.185
244.546
242.303
248.065
252.717
241.905
240.137
243.554
252.183
242.18
240.896
247.4
265.729
241.058
239.487
266.153
328.221
269.03
263.69
287.071
263.674
263.072
260.726
278.555
263.355
262.971
277.902
266.972
266.563
249.491
257.716
252.804
248.569
245.702
257.87
252.747
247.253
248.773
256.144
252.673
246.12
262.426
247.657
253.448
248.953
259.878
245.768
251.434
299.41
273.26
250.854
255.78
260.191
260.717
230.878
236.349
241.558
234.546
229.912
237.588
235.86
232.6
229.482
231.121
243.725
230.266
236.319
234.063
243.243
230.775
228.161
232.936
229.653
232.071
228.06
232.809
230.113
276.812
251.379
233.783
242.631
230.01
229.344
235.413
243.774
231.286
229
235.161
229.434
232.462
229.305
233.888
230.872
243.175
229.792
232.983
230.909
238.498
226.664
233.812
232.134
243.142
224.465
229.686
228.337
277.237
252.216
254.342
283.767
268.997
268.369
277.98
294.725
275.085
250.388
255.168
249.929
243.571
245.227
258.729
247.409
243.191
244.795
259.032
247.084
243.856
243.653
265.324
246.957
243.332
243.877
265.618
246.546
244.96
243.605
265.574
252.963
257.276
263.877
254.423
273.35
271.262
269.172
258.667
272.579
282.162
264.312
266.657
254.787
290.297
251.688
253.828
251.119
268.983
252.061
256.866
254.14
251.8
266.366
256.534
284.511
245.339
242.26
246.354
265.668
250.468
248.27
251.83
266.139
250.482
248.755
268.94
253.683
252.722
251.01
286.376
253.852
249.911
248.315
267.613
254.706
250.119
263.511
258.968
255.854
252.171
262.905
258.928
252.983
251.601
266.832
256.057
254.932
248.676
253.719
262.651
252.239
266.04
253.564
254.879
280.753
287.063
263.666
273.903
271.851
267.516
265.4
269.662
282.54
267.262
263.373
282.263
264.943
263.731
262.036
278.194
262.654
262.768
262.597
271.337
264.444
264.361
268.312
267.666
264.98
263.313
277.723
269.923
263.084
276.901
262.879
267.082
262.931
267.84
265.7
268.277
287.4
313.768
297.032
310.586
298.388
293.564
290.201
316.558
295.11
297.429
304.237
298.97
279.504
282.585
265.35
269.081
263.925
279.742
283.094
298.983
291.902
316.452
296.029
282.686
262.465
259.648
260.59
284.539
257.86
246.64
244.799
256.153
274.537
275.954
286.149
274.791
277.081
284.463
250.263
282.483
277.227
278.09
273.137
281.455
312.918
286.929
276.198
296.5
284.339
276.324
274.257
249.774
230.5
226.753
227.974
255.134
229.708
227.152
226.439
246.392
226.908
228.975
225.805
247.565
228.605
227.094
226.102
244.99
227.683
225.901
226.828
245.303
232.442
227.272
225.711
246.972
229.721
227.553
225.7
244.616
230.042
228.298
226.963
230.192
229.003
227.392
225.685
232.593
248.645
228.07
224.596
231.552
239.76
227.185
226.028
233.538
229.402
228.532
225.147
230.533
240.699
226.611
227.853
232.36
241.667
228.765
226.086
230.64
247.685
230.021
226.62
232.879
242.94
227.242
226.511
231.99
240.127
228.039
226.837
232.006
240.966
229.408
224.628
231.435
242.871
230.827
227.489
233.769
227.796
230.259
225.976
232.061
226.791
239.726
226.373
232.406
228.184
239.632
228.304
230.77
226.063
245.11
230.254
231.937
227.757
233.983
226.183
231.084
227.997
240.581
227.599
233.519
227.82
241.917
227.372
231.416
229.343
241.234
227.323
233.311
229.357
230.346
227.139
231.215
227.422
241.203
229.992
234.112
229.278
242.397
228.702
233.281
228.728
227.342
229.441
233.309
227.197
228.13
237.574
230.209
228.21
229.01
238.47
232.782
229.474
226.991
242.853
234.644
227.483
227.653
240.993
232.99
228.645
227.708
241.738
232.36
227.699
228.233
241.748
232.505
226.807
229.015
250.069
233.738
228.499
228.316
240.878
233.911
228.876
228.866
236.833
232.518
228.479
227.89
242.313
234.156
228.608
227.608
241.196
234
229.801
227.167
241.414
235.459
228.72
227.277
227.772
239.492
229.231
228.287
227.564
248.067
228.32
228.23
227.597
256.154
229.08
228.261
227.261
249.544
229.39
229.685
226.126
254.807
229.434
228.11
227.26
244.96
227.901
228.617
228.434
266.18
257.713
259.267
253.697
263.754
292.034
293.85
302.991
294.045
291.459
303.613
377.162
296.885
301.398
305.248
279.79
266.511
248.997
248.565
246.417
262.373
251.055
255.406
251.423
270.628
248.703
245.692
249.458
255.383
242.61
239.717
240.525
263.234
247.593
248.012
260.332
251.878
249.394
248.296
261.919
252.328
248.495
246.254
259.758
249.666
248.044
248.228
259.88
252.392
246.347
246.871
258.456
254.224
254.754
263.307
255.299
251.837
248.979
257.067
242.466
242.477
242.119
268.736
251.304
248.435
245.558
258.27
249.388
249.515
247.735
269.647
249.887
248.722
263.603
250.399
247.128
249.502
258.387
246.303
246.992
249.428
258.113
247.557
244.323
247.443
260.125
249.046
249.192
246.761
261.675
245.575
254.345
268.866
252.57
245.619
246.824
262.537
248.82
244.495
254.118
273.178
256.112
254.728
266.364
258.592
255.949
255.233
265.543
249.278
247.599
244.681
264.591
249.894
246.862
254.309
247.048
248.447
247.548
261.871
247.528
248.534
246.468
255.401
248.908
248.478
247.314
257.94
248.518
248.12
245.665
248.908
248.628
248.387
247.325
258.608
294.787
234.916
243.71
224.226
224.741
229.178
243.007
227.2
227.719
227.825
226.79
230.573
227.021
239.857
228.781
238.038
227.102
228.574
225.623
239.842
228.356
230.626
225.026
239.991
227.521
229.783
226.153
235.672
226.987
228.113
225.807
239.34
228.015
228.371
225.088
234.135
228.216
228.051
227.554
235.343
228.615
229.58
226.396
224.7
228.433
229.163
226.962
222.667
244.282
230.395
228.357
225.554
237.026
229.948
255.588
234.194
250.782
238.739
263.747
264.151
254.846
256.233
253.279
276.732
253.551
255.481
299.434
277.507
268.176
264.62
260.421
243.215
244.014
244.926
257.914
242.424
243.064
246.296
244.686
237.579
240.097
252.575
246.213
242.343
241.023
255.682
261.79
274.379
265.327
277.745
267.342
261.36
286.088
265.514
268.669
266.905
282.356
278.031
265.438
279.904
263.155
275.743
256.923
267.703
253.504
251.407
248.822
268.773
247.393
252.686
263.425
250.564
247.82
250.292
255.947
241.989
243.522
242.985
259.817
250.301
250.924
251.383
262.587
250.797
248.641
250.569
264.014
247.195
247.51
250.978
245.143
240.31
240.214
257.748
255.41
247.429
249.033
263.088
251.182
247.526
247.578
263.87
250.714
247.622
248.43
250.77
241.904
238.365
240.214
269.447
252.013
248.989
262.092
270.347
253.281
248.225
259.75
253.471
250.275
246.432
267.709
246.449
242.209
239.763
263.754
254.503
246.546
247.068
270.082
254.211
251.249
261.632
251.736
252.114
250.159
265.221
252.44
249.628
248.782
255.589
243.533
244.629
242.803
246.984
233.044
233.023
229.306
249.748
239.549
239.228
274.597
267.904
254.451
259.888
268.644
249.331
250.379
274.105
251.265
235.544
235.283
254.718
238.844
235.352
236.198
255.033
237.78
236.192
236.865
260.333
253.759
251.349
254.3
292.448
279.951
262.17
283.036
272.358
270.88
242.417
255.142
264.116
256.008
268.807
254.447
255.623
263.18
265.942
248.519
247.813
246.511
271.033
255.671
256.276
262.938
252.81
254.026
255.573
274.173
252.97
254.138
254.808
272.812
256.194
272.037
290.93
270.538
266.693
266.831
284.368
267.359
267.57
277.336
274.55
266.71
267.379
282.446
273.303
268.13
280.314
268.655
271.291
267.432
280.134
269.826
272.231
282.196
268.34
269.308
271.482
283.742
266.888
266.56
270.818
270.526
272.587
267.767
286.237
267.991
267.565
282.798
291.032
285.257
284.184
297.183
286.867
269.422
279.86
269.267
272.635
268.181
283.441
269.21
271.803
280.248
270.665
268.253
273.595
279.989
269.732
272.916
303.589
290.553
284.055
305.856
293.706
265.821
266.434
268.673
261.448
254.976
268.994
283.2
275.668
250.814
297.01
298.002
292.9
293.622
281.764
261.578
267.748
257.698
253.137
253.855
270.107
250.941
248.994
250.784
282.229
258.952
256.767
273.218
262.134
258.507
282.318
304.417
296.378
266.762
273.505
257.176
259.477
258.303
272.889
257.208
261.143
256.451
274.914
257.779
258.22
270.3
258.587
256.005
259.245
271.413
259.062
257.01
260.526
272.511
256.144
256.246
272.916
260.143
257.488
255.563
274.357
257.586
280.302
307.946
271.218
275.744
292.095
287.671
239.583
237.031
233.659
252.98
240.125
234.687
234.107
237.037
239.041
237.105
234.017
238.621
239.831
235.632
241.912
235.461
238.45
237.355
245.476
237.942
238.004
234.854
246.224
235.891
238.914
234.919
244.576
235.35
235.667
234.45
243.934
236.712
238.286
237.515
245.136
234.336
239.514
238.375
239.473
235.907
239.043
234.769
236.278
235.162
238.379
235.747
243.108
240.932
238.356
236.118
244.88
236.613
238.68
235.905
247.63
239.302
239.337
234.901
238.571
237.984
237.605
234.45
243.796
235.91
237.93
237.173
246.224
235.575
238.217
235.874
247.252
236.334
237.191
236.068
247.611
237.274
238.438
234.976
247.667
238.137
242.531
236.951
249.849
235.929
237.618
235.425
246.007
235.984
239.596
234.453
247.688
234.914
238.306
235.365
249.602
236.85
239.497
233.859
248.531
236.78
239.466
237.478
248.281
236.718
239.316
236.222
247.449
236.766
241.719
237.614
245.468
235.576
239.96
238.023
234.381
238.075
239.018
236.06
248.539
258.053
305.182
274.455
247.61
247.537
285.672
263.731
247.156
247.704
251.192
261.281
246.354
249.731
252.582
261.449
245.013
247.241
266.015
250.929
246.477
247.332
266.305
248.793
246.481
248.147
265.413
249.756
246.952
246.73
262.074
248.947
246.631
247.7
261.668
250.397
246.904
260.084
253.139
248.529
245.668
265.268
252.663
248.535
245.021
260.552
251.78
248.492
247.767
262.33
252.564
247.319
245.825
262.434
251.245
246.661
256.334
249.882
251.509
246.862
262.324
248.188
250.488
247.614
260.633
248.777
250.006
258.158
258.157
240.807
244.342
240.625
264.354
241.362
244.91
240.181
245.581
240.448
243.25
252.345
239.218
240.098
244.091
242.366
240.342
240.489
242.802
253.539
240.498
239.589
243.196
251.13
238.064
238.601
242.547
255.128
236.876
239.42
242.932
255.64
242.431
239.063
245.764
252.195
248.829
242.723
243.039
253.01
239.58
240.052
243.136
255.099
238.194
238.607
243.205
243.415
237.692
239.937
241.942
249.094
237.892
239.169
245.435
260.956
239.467
237.37
244.132
263.811
297.003
262.481
263.69
245.358
241.599
245.04
258.855
246.327
242.916
245.714
262.16
244.418
242.952
244.42
266.628
244.79
242.432
242.053
246.05
244.022
242.715
252.768
247.673
245.586
243.548
254.985
245.285
242.883
242.789
257.906
247.956
243.494
242.821
256.58
246.908
243.158
241.421
262.282
244.902
243.102
242.405
258.588
245.135
254.868
263.725
256.556
253.89
251.505
264.626
252.976
254.294
250.655
264.021
252.068
255.102
251.643
270.474
253.591
256.06
264.208
253.455
252.391
253.886
263.9
251.341
252.52
256.516
262.477
251.051
251.443
255.319
279.241
251.58
251.503
263.289
247.039
243.159
243.944
256.859
244.679
244.315
244.83
259.44
245.755
243.222
244.255
257.611
242.421
240.53
241.554
262.961
245.184
243.878
244.996
266.12
245.479
243.644
260.733
250.033
244.324
244.122
256.259
250.331
246.892
245.317
262.469
253.021
255.246
258.905
271.31
302.402
258.743
278.179
261.169
261.322
257.924
273.939
259.749
261.657
268.774
259.091
258.057
262.329
275.105
257.99
258.556
262.597
270.6
256.35
260.663
277.778
260.011
258.589
259.281
278.592
259.744
265.975
298.476
268.463
257.325
252.806
262.886
304.208
253.263
270.732
255.627
255.822
251.172
265.95
253.752
257.555
252.776
264.352
253.744
255.433
253.882
254.24
251.069
254.765
267.99
252.892
251.377
256.49
267.213
254.05
251.954
255.305
269.756
251.614
252.212
262.588
255.316
252.899
250.982
270.223
255.419
253.305
253.218
268.862
253.364
251.091
263.741
256.836
251.767
252.874
267.874
256.555
254.192
252.689
264.979
257.56
255.793
263.962
254.949
257.379
253.518
267.967
253.067
257.039
253.952
269.241
252.155
256.874
252.971
255.359
254.294
255.169
267.416
254.381
253.826
255.497
266.611
253.962
252.482
256.797
269.272
252.951
253.178
267.984
256.806
252.378
251.973
272.621
256.71
253.478
252.535
270.868
254.264
251.365
265
261.294
254.534
252.519
270.541
259.5
253.659
252.766
266.366
258.38
257.179
261.671
255.41
263.394
255.707
266.078
255.429
259.335
254.847
265.891
253.906
256.525
265.386
256.98
253.948
257.81
269.717
255.791
254.363
257.011
268.218
254.808
253.96
271.052
258.839
252.991
255.497
265.024
251.699
247.963
247.78
261.112
253.183
282.398
295.174
288.993
284.251
283.192
312.044
286.247
282.444
293.955
281.923
282.711
291.195
285.674
279.859
283.348
295.755
282.285
282.735
297.489
283.026
282.759
290.469
286.539
282.559
282.867
292.243
282.901
282.796
298.591
281.908
281.199
295.54
282.915
282.039
280.137
281.721
284.378
281.562
295.423
286.215
281.922
282.328
298.797
282.553
281.859
297.796
282.933
286.886
294.337
286.286
285.782
281.632
296.884
282.019
283.151
297.08
277.292
281.819
295.935
284.311
284.319
276.268
302.756
284.298
284.382
289.657
286.747
285.58
293.408
284.829
284.606
283.833
296.494
284.336
286.383
296.607
282.716
283.983
306.888
289.459
287.085
283.413
301.704
284.695
288.014
301.943
290.062
288.15
301.781
288.114
273.612
276.501
246.144
243.624
249.506
256.889
246.228
244.537
246.892
260.074
247.916
242.663
248.681
262.35
244.732
244.387
248.39
262.173
244.982
244.493
247.641
247.36
242.958
242.869
260.941
248.441
244.373
243.977
261.843
247.311
243.554
242.843
256.15
246.413
244.738
241.854
263.779
244.053
242.539
244.191
262.264
244.663
241.737
245.587
248.273
244.326
242.252
264.787
265.464
253.003
232.781
241.478
244.215
259.578
248.649
264.498
291.258
286.542
302.44
286.597
291.26
284.375
299.719
284.926
293.028
299.115
287.765
288.664
304.674
285.536
283.876
293.654
290.666
287.509
288.254
297.456
291.365
284.805
300.367
287.572
291.811
302.85
289.422
283.719
292.881
295.873
288.324
286.188
299.265
287.414
286.312
298.601
291.173
287.695
285.426
292.848
292.597
287.921
310.366
285.57
291.007
298.961
287.912
283.935
299.9
288.844
285.54
287.746
324.134
286.087
288.289
285.31
290.928
285.96
296.972
288.928
290.556
286.526
291.491
287.585
287.692
300.243
285.702
284.056
308.796
299.322
267.271
248.279
256.227
314.829
296.318
296.465
275.145
297.662
282.254
264.052
270.935
265.403
281.227
290.561
260.266
263.403
275.804
237.572
239.108
257.491
260.653
281.682
257.893
255.018
235.478
235.642
239.773
254.287
239.568
235.687
240.652
243.443
237.265
237.878
250.824
241.742
237.566
237.26
247.604
241.534
236.974
235.704
250.844
240.234
238.059
235.662
252.286
242.086
235.863
236.321
256.346
249.894
245.882
243.213
275.199
246.241
242.879
241.358
261.328
244.871
243.199
241.488
259.01
244.928
243.286
327.831
265.341
260.733
260.679
298.125
248.267
239.503
240.626
254.289
244.343
240.34
241.456
247.446
245.672
240.286
238.629
265.308
247.807
242.64
266.621
246.277
247.923
242.316
257.059
238.335
242.46
249.107
249.006
237.661
243.47
236.744
248.22
238.216
244.117
237.681
248.713
237.597
243.72
238.249
240.491
238.878
244.497
236.632
247.844
238.015
243.242
235.796
252.11
238.208
244.529
239.342
256.073
238.427
243.167
238.745
249.474
234.828
242.012
238.605
240.734
238.371
242.123
246.891
241.299
237.23
252.986
250.256
240.605
239.323
242.756
248.722
239.549
236.742
244.681
250.052
238.427
237.442
244.946
248.142
238.847
238.073
242.871
251.399
239.874
237.279
243.823
249.412
237.591
237.357
243.202
250.47
239.375
238.563
244.265
243.188
239.174
235.269
242.534
250.873
238.599
238.851
244.53
253.459
238.943
238.814
254.039
256.852
240.298
237.371
257.062
242.263
237.961
236.281
255.895
238.019
239.622
238.274
256.317
239.282
237.364
238.265
256.174
239.448
238.182
239.329
256.773
239.616
238.136
238.301
257.59
240.251
238.031
237.56
254.527
237.761
237.047
237.498
254.153
239.014
238.516
238.096
260.882
238.508
253.247
241.023
257.454
240.127
240.929
236.28
263.409
240.004
239.859
237.018
245.778
241.069
240.388
285.455
263.692
253.587
252.217
269.657
256.985
251.963
258.705
253.451
255.751
251.63
253.69
250.751
255.511
264.553
251.108
253.038
255.635
253.794
250.661
251.08
265.89
271.431
289.072
288.839
254.697
243.418
240.944
263.909
246.76
240.732
239.806
254.954
247.946
240.216
240.624
256.585
246.811
244.275
239.609
256.093
244.411
242.194
240.563
255.651
245.294
241.275
256.26
296.008
271.846
273.446
283.942
268.715
275.338
279.112
269.771
267.776
273.399
282.483
270.175
265.981
287.645
270.691
268.23
266.582
288.126
268.436
267.208
280.067
274.864
266.868
269.577
279.956
272.875
266.672
279.419
269.817
272.333
266.722
282.127
268.638
272.505
277.5
271.935
269.38
271.418
277.948
267.939
268.063
272.758
271.37
268.14
267.463
285.508
271.328
269.707
266.774
286.466
269.21
270.021
281.668
273.238
269.088
269.045
280.213
272.673
266.95
348.504
286.652
289.373
282.492
267.214
266.914
269.831
279.815
266.623
267.257
280.675
261.158
263.923
260.345
283.407
268.733
265.226
278.783
277.918
268.314
269.452
280.712
272.123
265.306
280.387
266.74
268.117
266.763
287.65
270.662
272.639
281.447
270.83
267.889
273.538
284.698
281.744
267.659
286.202
272.701
268.618
268.636
289.647
270.378
269.4
285.158
275.141
283.091
276.107
262.622
247.996
278.901
291.876
280.106
285.857
279.184
294.246
279.048
287.208
303.497
282.102
277.364
285.148
303.746
276.976
287.653
296.113
289.872
281.329
287.319
282.961
279.808
280.089
306.346
286.621
277.864
260.598
245.119
249.37
277.82
294.501
278.992
286.483
291.442
246.432
243.769
248.469
293.816
284.32
277.798
298.806
279.852
277.091
279.538
296.501
285.375
262.9
273.633
259.01
253.736
264.095
253.534
257.629
253.212
269.299
251.974
256.092
265.792
252.896
253.299
255.952
267.371
252.169
234.638
251.522
235.276
234.669
236.9
251.977
236.633
234.556
232.965
253.372
237.659
234.568
234.458
252.938
236.948
234.053
233.619
252.272
239.821
237.038
234.337
251.207
238.103
235.368
234.064
257.315
236.726
234.067
234.805
255.086
239.106
237.69
233.478
266.127
236.944
234.529
234.043
240.999
233.308
235.063
246.803
241.222
236.031
236.043
246.13
240.727
253.77
254.943
263.575
258.147
253.109
265.069
253.263
256.044
282.842
273.705
245.042
247.857
295.459
248.956
241.741
249.665
257.776
246.146
242.486
247.129
257.103
246.354
243.037
247.778
255.186
243.783
243.425
247.641
254.791
245.253
242.286
260.269
245.657
246.76
242.191
257.25
244.853
247.359
245.472
258.349
245.893
246.531
244.047
264.092
244.868
247.025
250.491
272.179
244.345
247.821
252.056
250.789
244.092
243.816
246.535
250.057
244.574
244.913
255.122
249.781
243.954
246.781
258.529
250.534
245.091
244.904
257.529
249.089
243.368
246.255
256.69
249.692
246.157
257.93
244.312
250.471
246.34
261.731
244.665
248.869
243.814
256.92
244.901
249.248
255.57
281.515
264.111
269.048
274.29
252.452
244.161
247.223
255.74
248.92
244.142
247.078
259.019
245.719
242.935
254.92
260.669
246.297
246.089
260.803
246.636
245.712
243.326
259.245
245.41
245.193
241.652
259.546
245.719
245.8
245.248
261.471
244.495
258.18
252.531
250.627
309.401
255.613
256.612
249.794
242.946
242.24
250.486
247.412
241.917
243.47
256.113
248.224
243.368
241.347
249.476
246.806
250.209
257.778
242.562
250.408
242.755
255.999
242.222
245.711
242.702
257.186
243.566
246.03
240.387
258.022
240.727
246.312
241.788
257.506
241.177
248.637
242.335
257.049
242.856
246.522
255.773
243.738
240.199
246.029
258.339
244.857
239.529
247.347
256.648
243.739
240.105
246.691
256.017
242.916
240.363
248.354
253.827
244.098
239.712
249.415
262.696
245.787
240.684
247.718
243.349
244.912
241.821
259
244.089
244.448
240.664
257.937
241.259
245.042
240.327
259.058
240.627
239.388
237.843
265.734
242.79
243.692
241.249
263.382
242.616
242.804
241.232
268.798
242.339
244.498
254.348
251.873
241.927
242.513
254.709
249.587
243.311
241.761
254.081
248.884
251.855
240.185
261.001
248.571
238.625
238.988
256.348
245.356
237.614
255.972
281.082
245.355
238.682
249.485
240.82
241.763
233.941
246.622
242.063
244.455
237.981
253.67
242.291
247.928
242.94
252.939
241.316
247.364
241.789
264.193
241.299
245.339
237.767
263.95
242.991
247.247
241.316
253.46
242.785
247.518
242.776
263.114
241.066
247.518
310.146
251.9
246.411
258.104
256.618
245.866
241.231
247.096
256.201
242.162
240.419
247.078
260.455
243.37
241.235
247.844
246.334
243.46
242.528
260.006
245.034
243.52
241.984
257.325
243.579
242.928
241.344
256.204
242.875
241.278
241.061
257.893
243.19
241.909
240.56
262.047
243.918
242.545
240.932
293.465
261.99
244.353
255.406
250.435
242.675
243.256
250.748
247.83
243.103
242.487
262.45
247.773
242.745
240.351
250.829
244.231
239.313
239.134
251.975
248.192
241.973
240.155
253.404
247.506
242.484
241.736
250.968
246.314
241.266
241.92
242.82
246.582
241.097
253.741
241.28
245.006
242.074
254.035
245.863
247.108
241.893
261.231
243.036
246.252
242.512
253.855
240.793
246.066
241.205
254.081
240.706
245.818
243.226
248.275
241.051
245.135
241.107
254.821
240.63
246.523
242.211
252.125
238.811
246.516
241.862
244.726
243.046
246.035
254.827
242.567
240.79
247.503
252.917
243.367
240.165
246.636
260.956
243.127
241.26
245.92
263.596
244.058
240.897
245.274
255.74
244.843
242.395
247.503
254.453
242.243
242.802
246.31
252.391
242.27
239.921
285.055
323.971
295.759
265.834
287.855
266.12
264.444
285.787
272.302
263.538
265.651
291.446
284.329
263.662
273.802
248.656
273.391
254.843
255.055
246.792
254.216
250.992
276.171
248.937
254.661
257.337
253.371
249.651
254.855
266.854
253.716
248.055
255.475
262.917
251.199
249.762
253.996
253.714
251.037
249.228
268.603
252.757
251.384
247.486
266.089
251.38
251.74
249.187
267.604
251.927
249.638
258.51
256.305
251.376
248.834
261.197
274.372
253.112
248.934
259.747
273.461
251.235
248.54
260.729
254.291
248.35
266.066
250.521
257.235
251.316
263.386
248.369
280.913
262.791
276.703
260.065
265.334
276.609
261.1
257.515
266.08
277.867
260.779
259.547
278.953
262.922
259.761
261.228
282.037
262.545
261.575
259.547
281.238
261.713
260.264
278.282
254.246
248.415
248.323
262.394
262.297
258.023
250.039
276.458
286.213
278.897
299.319
275.823
280.074
284.725
277.894
274.886
281.787
301.034
276.736
271.98
290.723
278.169
276.114
276.744
297.354
282.496
278.217
290.557
281.14
281.29
293.207
276.163
281.684
281.162
286.888
275.222
282.283
289.895
279.312
281.348
281.069
294.743
278.229
278.508
298.043
278.927
277.296
286.539
280.488
282.801
277.39
286.506
281.244
280.92
295.955
276.957
284.028
278.542
290.894
276.262
284.602
294.801
277.528
277.932
283.469
281.311
277.938
276.782
309.805
276.865
273.454
293.902
279.441
280.719
264.151
264.255
258.623
253.402
268.2
254.74
258.881
253.047
267.74
254.152
258.346
256.103
267.589
253.924
259.117
267.304
254.867
252.966
257.794
267.23
256.094
254.616
258.547
269.134
253.27
253.517
270.43
257.547
252.818
277.642
280.001
261.451
252.533
251.023
269.65
253.653
252.509
266.158
258.302
252.217
252.313
270.962
252.548
245.461
244.157
268.852
258.419
255.418
252.469
270.353
257.187
254.509
264.732
252.254
257.55
253.42
273.09
247.683
249.748
246.62
260.479
239.513
253.27
307.339
247.231
241.193
247.419
247.449
252.561
243.948
246.26
262.716
244.208
242.362
247.275
256.171
242.723
241.039
245.784
254.009
242.061
240.063
245.159
255.98
240.066
239.068
245.738
254.496
240.605
238.787
258.828
254.573
245.3
241.901
258.419
242.668
240.632
241.414
256.785
243.134
242.299
241.702
257.822
242.993
241.664
240.815
257.688
242.449
242.434
240.557
257.615
240.806
241.857
240.722
269.64
243.02
242.981
252.381
251.722
240.769
243.053
254.69
248.174
241.748
242.587
251.098
263.273
241.704
242.061
260.974
246.683
242.322
241.153
248.788
244.187
239.057
240.325
274.693
243.91
238.49
237.129
277.983
259.636
255.767
270.748
254.019
259.096
268.161
256.492
252.519
259.587
265.796
254.525
236.42
281.972
275.73
238.737
238.095
287.747
255.093
254.646
276.589
270.412
256.112
253.473
258.748
258.821
256.429
263.904
252.501
259.693
256.507
266.147
255.174
258.93
276.644
255.55
253.161
260.679
255.623
253.925
253.924
272.185
255.575
254.242
267.071
260.207
255.271
254.884
260.071
259.679
254.408
259.386
253.428
259.838
255.677
274.086
254.143
258.913
264.513
254.807
253.436
259.326
254.048
254.132
254.009
270.163
255.144
254.832
286.81
267.539
254.666
244.763
239.987
233.428
229.371
227.481
240.3
232.556
228.763
228.69
239.327
233.842
237.641
228.616
250.224
235.615
231.837
228.615
241.809
234.007
230.283
228.128
241.288
234.434
230.714
227.794
238.713
234.225
230.28
228.601
243.557
233.782
231.395
228.552
241.584
233.187
229.567
229.231
242.781
234.916
232.002
228.047
240.008
233.538
231.026
229.733
227.688
252.134
231.436
228.306
227.547
242.576
237.278
229.371
229.357
244.312
230.597
228.902
228.625
259.403
230.618
229.936
227.704
253.99
236.426
235.016
242.598
247.41
230.366
229.515
228.288
250.23
230.459
230.05
229.536
255.232
230.522
227.142
227.537
248.931
230.54
228.185
228.221
233.752
231.424
232.994
231.275
244.405
226.868
292.167
254.621
263.731
244.619
245.985
261.618
251.932
246.142
246.786
258.702
251.987
247.016
248.82
276.293
272.319
249.921
291.812
259.95
259.808
257.989
272.937
250.187
245.777
245.615
258.025
244.542
244.836
243.472
259.673
242.459
242.082
242.734
244.445
245.324
251.556
259.676
247.421
243.67
251.535
257.579
244.961
243.221
248.769
265.284
238.804
232.92
236.317
328.6
276.444
262.896
290.028
307.861
303.809
304.981
309.354
301.507
304.067
307.044
304.316
303.168
329.308
297.331
305.707
313.162
302.447
303.893
318.242
304.254
304.873
315.613
308.285
304.618
312.863
303.114
305.691
283.532
303.323
266.636
315.088
315.111
303.556
299.473
318.292
305.086
305.254
316.472
310.978
305.664
319.47
284.906
290.759
315.937
303.278
309.215
320.395
303.298
304.923
315.447
311.742
304.706
304.01
315.333
272.494
260.044
328.053
273.722
260.441
279.178
287.766
281.34
287.439
322.329
297.316
309.526
275.818
300.284
300.792
318.459
286.102
279.768
298.03
301.948
306.182
300.846
310.367
300.691
287.056
293.672
253.215
245.685
259.297
292.432
245.915
245.903
271.24
250.086
246.796
245.873
259.827
247.382
246.24
245.695
262.164
246.71
247.396
245.03
264.251
247.686
280.559
300.566
269.038
251.036
285.643
316.624
287.882
284.48
298.573
283.443
290.293
295.337
247.079
246.16
251.36
260.881
248.379
247.257
253.723
258.99
248.394
247.069
251.881
262.548
247.815
247.468
257.144
247.393
249.244
246.082
265.445
249.146
246.618
246.639
263.946
248.275
247.708
246.344
263.67
248.533
248.24
246.291
263.547
248.376
246.834
257.76
255.026
248.57
248.346
261.426
251.943
247.203
248.719
258.067
251.868
248.427
247.466
257.653
321.421
279.418
307.668
285.221
282.621
299.002
282.368
286.786
286.181
298.121
284.623
283.337
301.723
279.534
281.188
281.904
274.869
289.342
291.999
294.668
292.95
312.478
320.552
264.224
266.72
292.687
292.07
308.017
313.876
327.891
312.796
307.932
314.395
310.245
310.037
309.235
312.851
307.854
317.322
309.007
313.963
329.389
311.88
308.828
328.988
312.435
313.776
324.454
311.365
317.371
318.8
290.435
293.752
305.545
312.125
314.168
322.49
275.001
265.353
290.045
302.239
266.204
266.894
303.978
271.139
263.207
291.622
325.628
316.547
313.448
316.209
315.099
310.57
338.625
310.928
310.113
303.206
265.447
266.92
283.448
267.555
259.846
258.914
278.449
265.699
259.803
275.706
266.868
268.615
264.237
275.589
264.474
266.102
264.43
272.401
264.57
267.578
278.486
266.051
262.979
267.735
309.532
247.223
234.113
252.98
233.896
230.579
227.671
246.901
251.214
277.663
276.54
311.178
287.332
303.942
295.222
271.487
266.745
274.885
298.818
285.515
280.255
292.974
277.568
283.323
291.277
278.378
273.665
281.064
286.775
271.857
264.946
290.297
271.686
276.159
275.764
290.631
280.064
250.271
266.837
259.997
254.184
254.996
266.495
257.919
254.512
268.951
258.259
259.898
256.725
272.139
255.784
256.974
256.07
264.982
252.718
257.402
257.011
256.075
254.734
257.114
269.871
254.833
252.626
257.687
261.863
255.019
252.193
257.535
271.21
253.364
259.555
365.585
307.834
296.399
308.399
264.526
291.172
343.263
259.494
275.166
288.747
271.509
273.883
254.889
250.399
292.218
277.788
255.533
270.11
255.027
252.186
258.827
259.86
253.357
253.933
248.896
266.905
243.52
242.276
264.823
1195.77
321.705
300.351
303.272
257.164
251.571
250.6
277.846
235.266
233.521
245.06
283.713
235.448
228.451
280.272
312.199
253.986
250.635
308.898
296.27
293.186
306.028
294.175
295.639
306.915
285.705
287.713
290.255
263.756
292.146
290.251
325.116
293.313
292.118
303.292
296.279
290.606
304.819
288.813
314.18
278.363
289.39
288.927
294.339
303.074
290.627
287.646
312.429
291.832
293.975
318.407
296.642
289.534
293.446
292.288
294.914
292.48
295.282
291.222
294.052
306.589
330.333
238.016
242.149
222.814
220.899
267.144
256.37
237.51
234.9
236.863
252.601
235.673
234.495
234.276
253.4
236.084
235.646
235.863
250.867
235.636
360.305
258.434
241.916
230.72
228.108
241.928
237.381
230.52
228.482
243.753
235.899
230.656
229.868
227.465
234.916
246.525
227.223
240.174
243.098
249.552
246.38
258.505
251.481
247.868
246.415
269.951
255.41
248.533
261.945
250.414
258.203
252.189
261.762
250.365
236.916
245.722
234.002
247.239
250.909
251.303
232.061
230.28
285.135
285.127
246.033
243.776
247.611
262.965
245.507
242.664
296.112
275.883
273.833
270.665
292.084
272.796
275.389
274.267
266.555
271.896
273.29
285.165
287.326
273.9
289.193
274.354
276.853
274.85
285.782
273.007
278.033
291.51
275.61
274.137
288.763
274.267
276.958
273.553
292.321
274.247
274.916
286.538
276.96
276.688
273.822
290.621
276.613
274.568
290.213
278.778
280.48
274.321
261.074
241.836
245.926
253.295
282.307
274.018
283.033
299.62
283.335
278.245
313.644
291.33
289.097
289.903
303.246
297.783
277.599
318.669
292.563
278.856
293.444
277.344
295.671
288.76
293.698
275.281
301.966
291.798
290.631
290.561
308.529
280.61
289.638
292.141
303.557
294.324
288.257
291.454
302.869
277.368
289.406
289.969
296.186
294.685
278.634
278.066
315.176
302.555
276.219
275.785
298.838
278.207
277.154
285.217
276.288
269.575
269.496
282.816
273.466
271.129
290.221
284.67
285.839
299.685
278.568
274.612
294.478
307.704
281.594
276.87
291.617
279.096
276.703
290.795
280.69
292.849
278.438
291.7
295.242
279.272
304.583
276.369
281.572
278.282
277.015
276.234
295.163
289.642
278.961
275.243
333.387
317.17
314.337
321.537
322.28
314.203
319.689
321.12
315.548
319.057
316.043
315.586
315.986
317.843
316.897
326.581
317.876
309.304
285.976
253.519
247.294
244.648
253.078
242.199
253.153
278.878
252.191
232.369
246.135
247.916
240.803
225.799
242.497
227.037
251.673
232.127
232.653
230.391
244.722
230.814
232.418
230.147
243.973
230.58
232.539
230.031
251.586
229.221
232.99
228.581
244.494
228.986
231.337
229.847
249.118
285.773
285.199
282.998
274.979
261.384
259.25
257.543
229.336
224.842
226.77
248.315
268.597
275.957
271.526
317.032
306.607
285.786
305.77
308.558
305.575
306.258
308.51
309.915
295.556
262.144
248.479
243.638
257.889
243.537
245.679
274.013
277.008
250.565
253.408
264.523
249.643
247.02
251.48
261.74
248.419
247.008
250.164
265.499
248.542
245.756
252.614
259.417
246.187
245.85
252.734
249.362
246.377
245.565
266.031
250.197
246.641
249.272
266.021
248.753
246.708
245.525
261.687
247.32
249.306
245.317
268.651
248.65
245.342
246.864
264.71
247.09
247.648
261.445
275.547
252.033
249.88
261.258
253.619
249.445
248.858
263.767
253.056
251.406
257.612
270.401
253.459
249.782
261.95
248.183
252.325
249.502
270.411
269.151
240.826
233.124
266.207
231.269
235.172
229.567
244.813
228.019
232.205
228.12
248.185
232.78
272.627
290.114
254.396
246.58
259.786
301.319
239.988
260.605
249.471
264.704
300.344
252.057
267.552
254.271
247.924
251.222
272.512
251.463
248.708
250.213
295.644
300.003
247.89
257.057
246.724
243.609
242.197
259.078
245.526
242.397
240.769
258.45
246.192
243.663
242.447
255.096
256.763
244.298
243.433
257.776
244.299
245.14
257.154
244.633
246.609
242.841
254.02
242.414
269.689
288.817
272.229
244.026
242.738
241.935
259.158
242.113
244.867
250.132
241.855
239.208
243.079
248.219
242.549
240.82
242.283
253.675
240.877
241.434
245.14
254.926
240.84
240.663
242.678
257.525
241.331
240.109
241.966
254
241.673
240.986
242.919
252.99
240.443
239.683
244.884
252.038
241.09
240.82
244.05
257.969
242.913
241.795
242.426
261.9
240.198
241.491
253.444
243.931
239.611
241.925
256.845
242.17
241.164
241.648
255.774
243.419
241.338
240.219
258.531
242.315
237.708
248.252
280.201
242.711
233.311
233.778
251.967
291.363
243.246
238.625
244.13
238.851
235.452
249.579
258.867
239.613
236.263
249.187
241.905
237.973
236.054
250.761
241.588
237.143
235.225
281.861
245.014
238.83
237.249
251.411
241.715
238.874
238.142
254.62
242.283
239.589
237.6
248.602
242.103
239.469
236.197
250.076
239.292
238.476
235.301
254.424
239.462
237.8
234.536
246.967
240.58
237.992
236.08
250.305
239.523
237.895
237.46
244.551
240.412
239.12
246.861
240.695
240.263
237.675
249.14
297.9
247.497
231.153
238.393
233.482
234.127
230.969
246.8
232.225
235.457
230.213
246.254
232.102
235.539
230.246
244.245
230.651
233.174
229.124
239.091
233.882
232.395
229.985
238.718
233.506
233.878
230.143
243.431
233.479
235.554
230.18
240.315
233.111
231.302
231.647
239.554
232.819
233.424
229.307
229.046
235.924
235.007
232.02
228.048
247.292
233.598
229.939
230.113
245.214
234.288
231.543
229.091
241.689
232.555
231.324
230.11
254.411
234.577
233.3
228.385
249.505
234.153
233.99
230.621
243.382
237.143
373.822
277.641
253.465
259.335
253.335
265.481
253.542
254.985
270.23
252.415
253.44
255.798
264.649
251.442
251.135
254.928
265.696
251.389
251.07
254.493
260.078
251.181
252.538
266.667
253.278
250.638
250.344
263.479
251.81
248.622
250.671
270.792
251.286
250.808
250.303
265.349
251.142
250.741
268.448
254.982
251.763
250.748
264.956
254.231
252.15
249.469
263.073
254.811
250.954
248.76
252.308
254.444
265.75
266.186
259.563
259.96
255.217
264.552
247.591
251.707
269.431
265.355
238.561
239.718
247.218
236.082
236.219
239.788
249.027
236.029
235.8
237.996
245.398
236.575
235.242
238.278
251.121
235.313
236.543
239.873
250.902
236.327
237.067
238.484
250.697
235.535
236.385
239.39
249.776
238.671
236.812
240.787
260.883
239.708
247.816
242.034
252.239
238.176
236.002
236.068
248.561
235.924
234.237
256.1
251.176
232.725
232.214
241.48
242.684
231.179
232.016
234.726
243.178
229.962
236.876
235.559
245.868
230.472
232.728
234.051
244.654
231.693
233.384
234.005
263.087
290.29
256.161
267.938
252.92
254.357
252.546
273.71
253.371
251.35
253.057
268.978
252.799
251.403
251.647
268.689
253.084
252.5
264.038
254.236
265.157
234.724
246.678
237.485
232.93
232.457
249.588
235.584
231.019
226.664
251.332
239.587
235.606
232.997
249.358
239.593
234.915
232.77
245.879
237.187
236.974
234.282
247.352
238.998
235.436
234.835
250.534
239.64
234.541
232.057
269.993
252.787
248.91
244.525
262.034
249.108
246.745
259.828
248.773
247.273
267.774
293.512
256.991
280.029
302.28
292.635
291.728
296.355
296.456
288.235
292.673
312.029
292.51
290.534
310.552
294.929
290.851
303.848
288.335
293.84
318.465
294.471
291.804
297.351
293.05
261.797
258.499
320.649
327.571
254.768
262.387
257.554
248.989
247.83
261.251
255.644
249.601
248.031
249.279
253.007
248.859
262.441
251.897
254.929
248.221
259.921
251.055
253.75
249.488
262.848
251.463
257.768
250.794
262.141
251.376
253.644
264.836
248.82
247.199
255.21
317.113
264.167
260.943
306.778
294.156
289.945
292.307
324.439
293.512
310.553
305.638
296.616
291.606
322.805
295.229
294.637
307.718
294.33
293.669
309.041
291.937
289.982
295.373
307.75
298.062
297.006
304.822
297.768
289.732
308.67
292.858
305.665
314.905
307.914
304.252
296.15
292.079
302.295
292.763
300.261
294.559
294.182
304.486
294.447
295.101
308.811
312.348
304.186
317.113
303.517
293.228
280.843
288.338
295.748
283.521
286.86
277.657
281.308
297.243
283.468
280.416
276.256
265.084
252.4
268.516
263.763
254.163
253.97
262.767
250.047
252.96
254.447
262.969
253.038
282.286
300.542
281.241
281.623
280.72
284.522
284.125
283.68
299.757
285.068
280.533
298.092
265.869
256.536
301.895
263.506
255.344
256.567
269.034
255.15
255.289
254.421
275.727
256.789
253.184
270.561
255.674
254.347
254.35
272.929
255.025
278.876
305.783
273.932
298.173
256.696
258.745
247.893
241.733
242.241
254.38
241.615
270.199
281.645
256.047
251.019
249.304
263.704
248.773
250.869
246.48
267.202
247.961
248.263
244.272
259.316
243.911
246.307
241.38
261.999
246.671
248.643
258.368
249.23
246.67
249.361
255.816
246.156
246.591
248.646
255.729
246.07
245.106
248.412
259.628
254.936
255.541
266.719
273.433
271.013
269.435
288.149
259.862
242.22
244.791
263.113
241.883
242.053
241.288
259.523
240.29
240.206
255.522
248.136
242.414
253.738
294.163
259.41
251.981
251.424
266.612
255.357
249.963
250.026
265.281
254.54
250.574
263.165
253.865
255.119
249.629
263.308
251.427
253.917
249.786
261.268
252.02
253.398
252.022
254.429
252.362
253.83
263.046
252.466
251.763
255.292
267.424
253.679
249.828
252.846
263.482
251.446
251.541
265.157
250.278
250.844
250.835
268.89
273.282
257.049
265.756
289.157
266.886
264.535
277.172
270.676
265.982
262.881
270.679
268.095
263.584
273.168
267.357
258.096
252.763
286.339
264.264
254.59
249.68
264.396
252.276
253.154
259.57
250.414
250.032
252.201
269.816
252.258
248.507
252.057
264.053
249.196
250.624
252.273
262.748
252.141
249.514
257.107
251.238
249.993
250.946
271.992
265.178
255.4
250.179
263.481
248.105
247.848
251.842
263.379
250.292
257.681
282.967
255.425
252.225
250.985
268.769
254.494
250.745
250.488
271.711
255.72
251.611
256.711
246.059
247.359
243.082
263.437
249.403
252.757
249.251
261.434
251.283
254.487
250.775
269.207
272.806
263.887
259.995
246.3
245.234
247.587
268.646
251.747
248.859
254.574
261.034
249.916
249.77
253.25
264.018
250.709
247.924
261.097
250.985
250.417
251.142
274.607
259.72
250.354
250.254
256.806
248.531
246.79
250.263
261.889
249.624
249.118
261.061
252.385
249.932
248.234
271.746
253.458
250.652
250.406
260.529
252.85
249.206
248.823
262.603
253.329
248.071
258.871
249.14
253.615
249.885
267.166
251.216
253.545
250.116
260.974
250.841
252.693
250.39
261.725
248.177
265.843
332.496
289.694
281.958
301.587
286.407
281.092
282.172
311.679
282.821
282.694
297.604
286.574
278.767
296.667
286.069
286.08
278.11
282.571
276.697
278.433
293.345
278.898
280.541
278.939
276.613
254.493
251.161
267.211
253.988
252.565
253.585
265.569
253.978
251.87
288.771
271.332
252.742
253.093
301.732
243.733
264.701
249.585
267.297
254.767
248.499
246.987
261.397
253.89
246.268
262.18
250.903
253.021
247.925
261.913
251.306
253.546
247.929
260.755
249.06
252.16
246.85
261.8
250.106
252.363
258.936
249.639
249.733
252.633
262.564
248.65
250.384
253.763
259.293
249.09
250.761
251.968
261.639
248.509
249.462
263.39
250.02
249.76
251.494
269.141
250.374
279.748
304.867
318.995
301.752
301.901
318.694
306.871
308.516
313.412
303.558
305.345
321.088
302.742
305.916
320.788
304.23
302.809
320.604
304.913
303.646
322.314
306.428
291.584
253.559
237.86
238.141
238.597
249.033
239.218
238.334
239.336
240.981
236.119
238.419
236.278
246.909
235.408
236.623
237.556
244.788
236.671
236.671
238.735
249.315
233.415
234.124
305.248
271.166
234.126
235.41
236.846
246.627
233.92
233.248
236.776
249.32
232.408
233.773
237.371
245.407
233.571
231.683
236.486
248.579
231.565
233.313
236.666
247.096
235.726
232.774
237.678
256.546
231.891
234.179
238.249
244.88
233.515
233.475
236.663
246.561
232.848
235.289
235.483
250.297
233.749
233.097
234.243
249.624
231.891
233.669
236.215
252.538
234.363
233.852
236.177
236.746
232.933
232.777
236.542
236.793
233.849
233.04
235.579
236.703
234.423
233.731
236.513
235.253
233.923
233.282
251.232
236.639
233.211
233.324
248.089
233.795
234.045
233.686
248.402
235.109
232.083
233.863
248.248
235.1
233.875
233.654
247.897
234.595
233.127
233.699
238.129
235.837
234.673
236.041
240.293
233.783
232.979
235.124
246.995
234.417
233.906
235.571
241.75
235.69
232.366
235.65
247.033
233.698
233.821
233.298
254.276
235.339
231.63
233.214
248.147
233.554
233.746
233.469
247.106
236.174
231.77
234.914
242.174
235.951
232.996
233.496
242.247
236.379
233.933
234.022
242.948
235.428
234.373
234.417
241.836
235.089
250.206
235.834
252.79
236.787
235.139
236.17
260.793
244.823
234.133
233.843
250.526
236.754
254.264
248.99
263.063
246.526
246.628
252.592
290.341
305.696
260.646
271.015
259.993
253.03
252.97
266.317
259.594
256.277
268.361
256.028
259.043
253.735
265.842
255.076
258.845
253.269
287.394
264.092
261.091
265.067
256.742
258.105
260.178
276.568
258.858
257.608
270.484
250.126
249.225
251.052
276.331
254.324
254.095
255.191
277.678
253.711
253.144
271.199
257.007
251.452
251.69
265.347
257.838
253.283
254.345
275.178
258.015
254.842
267.59
255.406
257.106
251.999
274.767
265.641
257.99
254.23
272.035
254.186
258.471
261.391
256.412
252.986
256.636
264.462
253.13
252.55
256.979
299.663
261.498
247.797
274.043
255.629
252.402
255.181
268.793
253.89
251.948
254.717
257.554
255.03
255.028
269.314
256.594
257.773
254.677
269.461
261.389
256.167
264.759
250.334
254.709
250.49
262.371
255.731
257.462
253.061
266.748
252.535
258.131
254.02
255.147
257.054
259.881
272.475
258.441
256.132
261.909
268.132
255.218
254.534
274.537
251.759
249.865
250.922
271.072
255.747
252.652
253.081
261.965
255.429
254.835
250.707
259.259
254.03
252.365
270.447
258.123
254.336
254.233
295.307
297.641
286.159
294.903
276.369
279.345
278.749
269.03
269.992
274.623
284.388
270.526
269.639
286.678
268.084
267.628
264.581
323.64
286.199
283.559
296.275
290.971
282.849
297.931
285.902
290.56
286.285
303.091
278.417
279.773
293.981
280.685
282.292
298.989
289.132
279.938
281.373
299.28
280.766
278.224
292.406
278.946
274.988
297.01
284.125
286.226
278.64
302.668
287.924
283.503
291.389
277.356
276.977
282.171
275.707
274.378
295.627
311.226
288.069
292.988
307.174
256.218
247.623
246.548
263.53
253.458
249.344
244.808
257.482
247.726
244.201
251.172
246.855
249.477
246.462
263.356
248.658
250.034
244.306
277.154
252.459
253.966
249.174
275.708
253.335
252.51
251.734
250.898
250.645
253.915
265.969
250.392
250.478
349.442
289.121
273.973
272.071
295.783
273.374
275.941
302.893
321.207
340.705
387.762
357.155
325.01
270.346
254.854
242.346
249.029
255.266
243.998
238.476
245.107
246.305
238.13
236.304
237.871
250.26
242.625
238.68
243.803
253.786
240.532
239.603
251.196
244.428
241.919
241.661
253.2
241.558
240.467
242.305
266.99
251.956
250.163
282.924
301.152
242.707
242.524
286.631
255.663
243.293
245.733
261.492
250.232
249.442
243.337
262.435
251.56
250.8
242.541
257.278
243.356
243.449
232.064
247.96
235.842
231.129
230.239
246.697
233.569
232.188
229.033
246.938
236.88
231.44
230.447
242.36
236.258
230.447
230.922
248.565
234.637
230.654
244.017
249.132
234.522
231.788
229.966
244.276
248.935
236.584
260.84
274.909
257.148
249.615
265.75
262.134
261.82
274.961
259.615
260.85
262.605
256.746
259.053
258.337
273.769
257.017
260.6
276.636
335.536
342.463
251.602
321.368
301.019
275.557
313.08
276.592
265.501
275.367
260.219
256.119
262.341
273.445
258.363
254.769
261.464
272.048
256.753
256.137
271.653
258.099
258.575
253.103
318.915
296.368
290.753
310.804
306.367
320.46
302.301
253.551
253.912
282.764
290.044
276.899
279.41
293.308
293.1
273.988
295.103
278.648
275.764
327.78
304.99
292.917
288.431
307.201
287.399
282.96
299.206
281.458
287.838
296.822
290.212
282.563
289.625
282.844
260.392
248.431
268.304
252.809
249.435
240.771
272.283
260.115
253.189
262.758
288.454
281.08
266.043
272.96
288.042
263.493
269.278
294.658
287.269
264.508
289.264
284.755
269.173
291.763
287.91
271.052
288.695
286.628
270.581
256.969
295.577
283.306
264.771
290.611
290.001
267.075
262.861
289.298
275.259
255.84
286.577
282.6
285.09
291.078
296.212
267.085
282.327
291.827
270.994
