248.229
194.445
196.767
218.812
262.085
221.171
6003.82
289.305
292.011
245.334
258.481
238.13
268.241
229.737
234.784
235.65
317.197
312.793
292.781
282.818
228.606
216.318
216.844
244.018
225.588
227.196
227.32
246.32
230.078
227.854
229.966
247.292
228.089
227.121
226.688
262.604
221.286
229.735
226.477
246.811
227.339
230.023
225.121
240.7
230.3
228.058
226.367
235.506
227.671
227.166
225.063
243.41
226.835
226.523
240.195
226.998
228.392
227.446
227.085
226.628
242.327
236.095
226.771
228.142
244.318
227.511
225.475
238.648
255.132
220.069
217.808
215.841
225.504
216.999
215.219
213.646
225.462
230.706
239.042
216.679
228.034
218.336
213.602
274.875
281.599
218.855
212.576
212.66
212.144
218.537
212.349
220.736
211.876
221.759
213.037
385.294
212.04
232.651
214.476
212.939
215.255
267.73
224.157
211.196
208.899
230.503
212.128
228.438
213.007
212.967
216.726
213.765
211.145
224.214
237.279
224.437
226.636
224.403
236.051
224.86
224.969
312.711
338.79
323.673
326.253
348.04
324.8
346.09
391.101
334.13
358.785
321.712
335.998
368.1
344.89
307.653
371.503
331.683
316.613
336.466
347.403
1035.43
778.141
509.464
474.441
542.708
362.937
355.209
376.59
539.213
335.052
3711.78
604.371
396.665
263.601
253.658
296.76
260.582
243.533
265.057
312.444
303.851
295.778
307.828
305.653
290.312
307.202
300.904
286.839
320.381
296.994
672.34
305.162
282.89
895.174
236.058
207.203
183.586
190.247
201.791
179.477
244.326
187.639
194.74
187.985
203.952
193.727
193.114
189.903
187.466
194.043
189.453
186.864
185.793
187.116
201.367
243.648
192.22
184.096
183.723
200.259
251.458
234.659
193.75
197.672
194.227
239.294
240.373
239.531
208.521
236.693
237.871
240.425
252.626
239.39
238.906
238.562
281.791
240.022
238.274
237.445
241.949
239.209
240.295
194.416
206.44
188.437
187.193
187.28
187.819
208.623
238.298
233.699
236.198
204.145
188.006
240.818
247.74
258.358
214.742
235.764
238.889
220.582
206.096
204.487
203.903
205.458
215.382
204.098
204.314
207.861
220.144
207.212
203.226
210.884
205.284
216.372
206.768
207.081
204.233
224.118
206.938
204.727
204.79
204.582
217.725
204.63
204.88
202.621
221.352
207.394
225.214
236.009
240.132
235.184
240.745
243.452
229.753
214.161
213.848
214.383
213.279
227.054
214.191
212.289
204.916
252.04
232.921
214.583
214.216
224.585
214.849
213.328
211.788
216.355
221.908
214.023
211.874
213.166
286.765
216.269
213.679
208.418
225.863
216.143
207.696
207.616
207.714
232.929
282.358
314.206
718.389
367.266
242.12
286.281
286.538
315.934
290.067
315.667
292.048
263.804
278.667
278.883
338.396
271.018
223.851
341.208
257.523
282.264
276.763
283.8
333.474
938.195
221.438
232.646
216.838
207.62
208.502
210.989
212.2
207.452
205.999
208.899
219.329
210.086
232.189
216.692
225.846
226.916
207.721
210.787
212.356
230.192
209.006
208.149
207.202
205.969
214.437
211.757
211.172
209.462
221.869
210.474
205.339
210.645
219.58
211.68
210.491
206.871
209.626
229.806
235.126
280.27
224.201
246.131
221.213
218.484
219.264
272.724
217.64
222.285
229.43
240.474
236.982
227.136
223.482
229.945
225.891
225.597
223.725
244.835
227.978
246.376
224.551
222.137
237.392
248.423
215.35
211.583
227.372
1858.89
243.232
226.604
209.706
223.58
241.506
256.128
226.978
263.141
239.021
234.341
233.849
253.542
234.696
230.793
230.399
255.292
237.951
237.634
234.595
261.89
234.011
232.933
232.611
250.382
216.435
250.902
227.245
248.643
248.261
257.313
287.587
287.581
265.008
262.36
281.638
270.233
263.6
263.882
283.412
260.669
222.156
236.667
239.819
250.958
231.183
237.336
226.689
223.287
225.9
252.707
230.997
221.62
233.584
264.203
243.027
232.428
245.34
243.458
235.869
234.589
234.582
245.099
237.025
231.918
235.417
250.733
243.404
243.701
231.42
250.111
235.455
231.733
229.554
233.748
222.332
224.979
207.404
203.731
217.29
201.472
201.587
204.026
213.322
203.605
202.079
203.22
201.063
216.069
203.484
201.62
201.824
203.007
246.741
232.114
233.041
217.518
232.91
211.593
208.625
204.697
247.189
213.28
208.936
209.472
216.336
209.8
208.528
208.429
208.891
221.481
209.227
208.776
209.428
221.951
207.559
214.318
205.84
204.694
223.355
216.377
207.538
207.25
220.942
211.965
207.608
207.813
205.968
222.478
205.202
211.74
206.83
221.905
208.045
205.085
206.498
206.206
219.736
206.042
182.293
187.449
185.454
201.474
183.797
183.232
185.632
183.301
197.118
184.522
178.413
177.749
238.221
235.073
192.069
181.972
184.173
192.709
199.305
194.465
192.54
192.309
204.349
192.035
193.219
192.129
190.823
218.655
194.652
225.376
196.57
194.044
209.813
195.308
193.265
191.725
205.133
196.801
193.842
192.915
206.154
208.474
194.488
257.539
215.929
188.49
200.633
190.142
190.712
189.707
188.688
191.045
186.158
313.126
186.309
207.03
196.102
184.122
180.841
180.426
193.283
180.439
180.567
177.333
177.79
207.037
183.232
181.816
182.702
181.475
192.453
204.317
223.984
201.812
194.443
204.923
186.214
182.412
182.308
179.329
192.221
180.204
182.414
180.723
182.105
192.486
181.205
181.407
181.56
179.837
195.923
181.883
183.078
181.437
180.723
196.032
183.259
181.855
182.098
179.306
196.185
183.238
182.85
180.503
181.277
191.198
185.468
187.141
176.628
173.276
173.764
186.199
174.229
174.94
172.992
173.036
214.618
177.352
174.61
173.71
173.693
185.316
175.307
173.863
175.334
173.931
187.277
177.219
174.676
174.215
173.373
173.337
196.263
174.459
173.567
173.753
172.544
187.421
186.107
189.43
182.065
180.2
194.661
179.984
209.424
190.453
181.244
192.098
185.987
175.12
173.644
173.876
215.875
200.514
198.001
198.188
201.274
214.089
184.829
181.8
178.839
179.776
193.533
180.113
178.519
180.384
180.158
192.227
179.468
178.114
176.405
179.454
196.436
182.479
178.988
178.08
178.672
187.95
180.035
180.722
177.903
176.241
178.673
180.3
179.03
178.492
176.684
177.85
190.836
179.548
179.057
178.402
177.633
192.966
181.01
178.03
177.087
177.482
188.307
183.752
179.451
178.348
176.184
191.818
179.187
178.24
178.248
177.98
178.341
191.912
178.402
176.665
179.711
176.768
190.565
177.827
175.563
177.914
176.822
192.757
179.41
179.448
179.902
177.62
185.657
180.816
179.41
178.176
180.279
177.724
211.454
182.047
181.062
181.066
181.581
199.572
182.435
180.953
179.627
178.823
195.542
206.793
223.451
184.023
182.556
199.88
184.291
184.284
182.453
182.047
202.405
183.752
184.63
182.529
181.093
198.736
183.868
183.891
182.499
182.592
200.501
182.771
183.972
182.474
182.378
192.406
183.662
182.687
183.779
180.696
192.067
184.871
182.94
183.037
179.074
193.244
184.327
183.27
181.487
190.423
199.247
191.887
185.169
182.058
182.779
196.434
185.327
182.732
180.276
182.023
191.776
182.973
183.919
182.288
182.79
182.943
198.837
183.367
182.987
181.403
181.599
199.04
184.063
182.709
182.046
180.591
198.943
181.701
180.301
182.95
179.338
193.485
181.497
181.132
181.078
178.588
193.887
183.796
183.444
179.445
180.323
197.38
188.119
180.496
181.684
181.064
192.528
186.284
180.852
183.187
184.224
191.247
185.336
180.351
181.715
179.659
183.554
197.416
181.601
180.588
180.137
179.795
200.884
181.551
180.944
180.492
178.745
198.169
182.727
179.574
179.776
179.372
196.798
180.47
194.454
181.72
180.803
201.394
171.782
167.53
167.428
166.443
181.787
178.676
169.33
166.576
165.965
166.999
170.241
166.207
165.963
165.9
166.683
180.891
173.683
166.651
165.774
167.605
165.446
176.417
167.331
165.74
166.765
166.565
166.375
167.939
166.305
166.776
165.476
164.768
177.331
166.261
167.909
166.147
165.61
166.598
179.995
168.122
168.551
168.297
168.441
185.44
171.648
167.989
169.298
167.37
168.341
188.384
169.887
167.836
169.794
167.793
185.04
169.316
167.959
167.728
168.837
179.025
174.802
167.428
167.347
167.785
167.284
178.33
169.87
167.401
168.327
169.343
191.828
169.848
168.88
167.202
168.351
167.611
180.714
169.512
168.186
168.173
167.284
180.949
171.063
168.935
169.508
167.969
168.281
183.582
170.122
168.455
169.181
178.306
191.307
176.267
168.908
167.042
168.727
167.326
185.361
168.286
168.032
167.762
168.795
180.484
170.919
167.094
168.615
166.438
166.732
182.786
168.744
165.727
167.695
166.582
185.509
171.768
168.44
167.947
168.192
167.645
181.392
167.383
167.809
167.792
168.156
181.079
173.242
169.683
171.382
171.658
182.685
179.562
171.578
170.762
171.909
169.707
208.862
170.97
169.086
169.527
167.822
181.613
172.543
168.678
169.957
168.845
169.771
174.866
169.178
169.42
170.582
169.092
181.785
169.376
170.345
169.09
168.984
168.967
183.674
170.369
178.62
170.993
170.472
182.562
170.943
170.236
170.929
169.018
182.33
175.071
172.849
171
171.644
170.603
197.213
171.013
171.572
172.255
173.024
183.686
178.473
171.592
171.698
170.192
181.828
175.885
172.67
170.134
171.049
171.599
187.104
172.616
170.715
170.78
172.393
187.953
173.827
171.578
172.299
170.375
171.574
182.314
172.116
171.538
171
170.96
186.264
171.394
171.713
172.173
170.81
182.021
175.418
175.111
173.8
171.24
171.763
190.062
173.336
172.083
172.796
171.139
186.782
175.539
172.691
168.534
169.997
192.423
249.075
185.984
175.936
174.465
179.589
174.886
174.206
173.342
173.821
172.657
181.956
173.186
174.949
172.374
174.402
188.864
175.674
173.075
175.004
172.192
185.457
176.231
173.302
174.211
173.52
172.4
186.92
173.038
174.583
173.788
174.91
184.223
173.754
173.603
174.176
173.027
190.191
176.215
175.093
172.351
174.643
173.108
182.682
171.285
173.75
172.096
174.263
189.771
174.275
173.52
173.809
172.73
184.339
184.69
174.949
172.491
174.775
174.028
183.304
175.154
174.302
172.827
174.958
187.581
174.946
172.804
174.24
172.707
194.278
177.761
176.645
174.449
175.241
174.503
179.808
174.582
175.718
173.41
176.477
210.487
178.332
175.15
174.362
173.332
189.082
176.01
175.186
207.661
225.653
229.852
204.534
202.502
201.953
206.681
243.053
217.741
243.884
268.391
252.311
255.247
252.608
265.866
253.566
258.23
252.445
274.488
257.254
219.018
205.971
219.651
202.645
202.327
204.219
212.782
206.699
204.588
203.942
203.614
219.18
205.819
204.239
204.532
213.506
204.212
199.659
200.334
211.482
216.504
202.344
199.643
202.3
201.26
221.024
201.909
202.59
201.252
216.144
202.678
202.192
202.124
198.788
239.176
204.887
203.927
203.343
202.134
208.552
203.363
203.269
200.867
221.327
207.775
202.835
202.601
202.607
213.841
204.369
201.956
203.31
208.601
215.998
198.73
191.117
196.51
206.949
193.181
192.766
191.001
190.55
203.409
191.436
205.586
202.999
199.89
213.925
203.764
201.734
201.491
215.304
204.588
202.072
200.48
203.522
214.808
201.548
202.745
202.919
208.898
210.002
209.731
202.955
201.861
217.013
200.436
204.221
200.981
202.267
217.247
203.481
208.074
201.124
212.787
203.623
199.804
202.296
202.865
214.934
201.301
201.672
202.02
202.44
204.918
201.485
199.849
202.795
217.545
206.029
201.184
202.045
201.866
213.07
203.379
202.447
201.925
215.921
205.427
204.131
200.682
203.068
212.364
201.517
200.252
305.272
217.304
203.804
195.981
253.681
253.582
197.834
191.786
194.564
194.694
212.522
193.645
192.293
193.569
194.965
274.614
187.213
182.271
182.157
181.655
205.872
183.527
181.174
182.524
181.749
208.785
194.038
190.464
190.099
200.546
193.217
193.301
190.845
189.644
194.892
183.75
182.029
183.363
181.692
205.532
193.209
189.009
189.766
187.463
204.528
189.244
187.425
189.288
188.943
199.506
190.399
188.366
189.337
200.378
207.556
186.108
190.82
237.768
199.517
203.924
198.119
185.706
182.354
182.3
204.823
184.235
181.331
182.494
181.11
204.331
183.506
181.1
180.872
180.762
198.414
182.059
179.948
181.061
182.368
196.402
181.662
182.634
180.956
181.608
195.051
182.544
181.403
181.077
181.251
185.755
181.592
179.869
181.301
181.638
192.342
183.692
180.766
181.427
180.779
181.722
192.961
182.955
181.488
181.738
181.912
198.453
190.413
183.295
181.622
183.015
208.866
184.041
182.103
183.063
181.567
199.202
183.28
182.623
182.002
182.303
195.149
182.129
181.641
180.652
185.091
192.446
183.19
183.547
180.937
183.098
191.476
181.349
181.802
183.597
182.558
199.908
182.865
182.136
181.918
182.955
192.826
185.29
184.799
191.74
183.153
195.777
184.746
183.54
182.608
184.378
182.644
187.808
183.863
183.337
183.259
182.979
198.537
185.135
200.823
203.497
216.402
202.156
205.031
187.042
184.224
194.132
182.126
181.578
180.813
182.922
193.849
183.303
181.445
182.297
182.89
203.67
185.428
185.167
184.251
183.806
182.167
189.398
184.41
191.554
183.153
182.912
195.626
184.426
182.808
183.196
183.263
197.431
183.604
183.306
182.721
182.661
197.798
184.792
182.42
184.372
182.195
198.972
183.337
209.308
200.144
199.713
197.675
181.608
222.921
223.943
243.95
237.107
189.571
169.413
164.758
186.246
167.498
163.747
163.149
163.084
162.857
178.012
165.94
164.167
164.372
172.165
187.629
166.021
162.828
165.125
163.104
162.846
209.819
164.715
163.188
160.165
159.105
184.986
167.345
166.628
164.559
163.94
164.12
181.964
166.118
165.808
163.755
165.194
176.334
169.06
163.783
163.613
163.252
163.479
188.969
167.519
166.271
166.259
165.507
179.732
170.355
166.666
164.241
165.654
165.8
181.37
165.772
163.378
162.757
164.448
162.326
166.545
161.928
161.774
163.533
160.256
186.725
193.68
166.713
164.882
165.323
164.893
204.936
192.976
184.919
198.195
202.114
188.824
185.835
186.331
187.333
189.492
189.077
186.271
186.766
187.661
197.862
188.883
185.426
185.696
185.309
199.384
189.022
186.534
185.022
185.451
197.23
190.328
185.747
186.999
187.21
194.202
191.684
186.144
186.849
186.831
260.303
197.761
189.135
238.311
247.915
241.148
238.999
236.627
248.752
241.451
239.68
238.351
251.116
240.689
238.299
235.827
248.714
238.802
241.111
234.394
251.406
236.462
235.076
210.243
238.758
200.586
188.394
188.657
187.729
197.494
188.726
189.061
187.433
187.893
207.683
193.725
188.325
187.172
189.016
200.943
188.014
187.262
187.784
186.586
205.775
188.834
186.561
185.955
188.886
200.57
188.285
187.61
186.507
186.918
200.462
187.777
187.035
188.462
187.205
201.788
187.995
186.97
186.525
186.029
206.187
192.101
187.443
189.028
187.891
201.229
189.214
188.525
187.793
188.342
201.304
191.548
187.349
188.269
187.427
207.275
186.901
188.974
187.8
188.288
202.36
188.325
185.996
187.319
188.172
207.632
187.43
187.486
187.457
188.675
198.497
188.789
187.196
185.931
186.583
197.611
188.291
186.744
188.486
185.906
196.709
224.168
211.511
208.823
261.813
243.816
241.533
238.311
250.796
211.847
229.304
203.028
278.699
277.148
271.741
271.406
284.44
273.206
243.379
216.095
201.331
200.084
198.312
198.221
219.106
202.05
198.786
198.838
199.644
217.063
200.148
198.089
200.338
205.835
200.917
201.094
200.182
199.551
215.009
200.977
199.53
201.431
197.895
224.929
203.316
202.256
198.308
210.267
201.769
201.812
200.363
199.093
215.481
201.695
200.121
200.041
199.409
214.243
200.147
201.586
200.862
232.606
202.907
194.086
185.141
183.299
195.253
183.145
177.194
176.762
181.659
197.047
177.836
177.09
176.564
177.566
196.922
197.541
189.652
195.734
187.847
202.437
193.19
188.693
189.238
188.497
203.023
189.705
188.833
190.938
187.45
206.092
191.092
187.469
187.667
187.863
203.924
189.821
187.021
189.83
189.202
201.247
187.232
187.587
188.759
188.952
201.806
188.656
187.891
188.136
189.415
199.056
189.6
188.908
187.212
200.321
190.52
187.797
186.868
188.743
191.457
192.933
211.307
188.859
183.775
193.324
183.395
181.057
180.923
184.489
194.658
186.697
183.163
182.818
183.764
195.458
185.722
204.221
199.917
222.24
218.336
196.246
194.12
194.635
196.725
208.267
193.975
195.215
193.701
195.283
198.925
195.103
194.832
193.92
207.903
196.703
193.809
194.634
191.717
213.846
201.996
195.811
194.504
194.062
207.069
195.214
193.872
194.294
193.548
208.625
193.361
194.41
194.721
203.006
195.846
192.817
193.767
192.69
208.832
197.595
193.839
193.562
193.802
205.615
195.659
194.149
194.586
196.031
208.327
194.555
193.822
194.4
193.848
208.541
193.404
193.779
194.155
205.314
204.913
194.642
192.946
194.416
209.659
196.104
195.088
193.826
192.389
215.951
193.584
194.44
192.628
196.546
207.243
194.364
193.337
194.591
194.11
207.891
192.919
196.05
194.33
203.854
197.812
195.349
196.072
194.527
211.216
200.657
195.553
195.16
193.812
207.413
195.452
196.147
194.532
206.904
237.025
195.721
194.424
194.414
204.97
198.908
193.819
194.864
194.785
207.323
195.002
203.178
195.809
194.27
198.032
196.338
195.099
194.961
193.687
213.053
196.092
196.284
194.902
204.778
195.666
194.841
194.411
194.423
210.096
197.917
193.651
195.998
193.317
207.488
196.42
193.722
195.399
196.793
210.652
205.106
195.076
195.277
204.105
197.851
194.362
195.977
194.499
218.759
209.909
237.036
205.284
198.24
210.764
196.014
193.091
196.272
230.961
209.532
192.161
187.553
186.534
203.215
188.207
187.406
186.441
187.661
200.94
187.674
187.273
188.455
185.586
200.358
188.987
188.325
187.259
185.15
203.631
192.218
187.515
188.465
186.974
206.642
187.169
188.281
186.678
187.334
199.016
190.488
189.307
187.477
187.365
198.688
185.652
187.47
186.357
4358.36
326.126
237.475
228.274
500.747
229.009
235.466
225.525
227.076
225.234
233.466
215.569
212.839
212.963
210.982
230.728
212.117
204.427
202.729
220.617
218.014
213.04
212.315
205.18
222.835
205.593
206.321
204.809
220
206.979
206.411
205.785
207.036
224.723
208.506
206.694
205.936
221.617
211.094
206.402
208.727
208.008
260.537
223.206
202.892
201.812
224.832
199.981
199.105
200.595
199.241
252.105
201.344
200.539
202.485
215.382
202.598
201.716
201.319
200.077
216.829
198.533
199.521
198.16
217.585
203.467
199.724
198.586
199.785
223.313
201.821
199.065
199.821
200.693
202.254
199.743
201.197
199.987
209.323
201.753
203.54
199.556
198.491
212.492
199.918
202.925
200.365
218.239
204.531
201.752
203.072
201.143
218.821
198.7
198.923
197.592
200.616
201.969
201.28
200.465
196.348
206.965
201.932
202.132
200.538
198.374
203.804
199.875
204.381
202.564
218.366
207.494
205.518
202.149
198.652
218.189
224.877
186.735
173.358
170.076
193.244
175.488
174.675
174.403
172.98
181.091
174.353
174.149
207.707
177.342
186.98
176.279
178.463
192.615
181.646
192.538
181.625
179.235
179.186
177.287
178.155
202.888
182.614
182.814
180.776
182.841
197.401
184.819
187.934
183.994
184.799
196.784
185.565
184.899
184.863
181.646
197.629
181.611
183.031
181.445
180.513
202.57
181.788
192.558
181.583
181.788
191.662
183.253
186.465
182.871
182.006
201.798
209.559
211.446
185.884
185.107
193.926
183.138
180.323
181.314
180.381
202.664
184.482
182.327
181.503
182.808
193.882
183.77
181.806
179.909
192.478
214.249
208.248
196.859
194.678
197.909
207.028
197.594
206.958
203.52
194.754
200.572
204.379
196.69
192.197
213.879
199.112
193.798
198.825
202.667
213.741
203.457
200.293
198.537
179.079
196.324
174.766
184.03
179.223
178.303
195.109
181.28
178.967
179.039
179.863
197.525
180.813
178.705
177.733
179.373
183.049
171.479
172.961
172.198
171.751
171.054
195.784
179.329
179.452
177.467
179.258
190.513
178.59
178.239
177.824
179.216
194.835
180.071
180.194
177.722
177.828
187.866
171.99
171.429
171.669
169.935
171.162
200.85
184.489
199.873
184.405
179.056
191.978
182.444
179.607
177.568
177.95
185.586
180.375
178.904
177.896
177.852
185.428
174.464
171.993
170.814
189.525
175.142
205.455
187.644
198.933
192.038
182.609
185.728
182.069
183.454
183.599
181.378
197.385
182.526
182.294
181.746
180.94
194.089
176.626
173.99
175.267
173.494
218.005
187.272
182.811
182.352
183.632
195.518
186.241
184.547
183.867
183.894
195.163
184.579
182.904
180.225
185.611
237.64
191.064
182.102
178.941
177.936
221.043
185.1
181.935
179.759
177.647
200.63
178.775
178.649
181.011
179.764
217.455
200.719
196.004
187.207
184.844
198.754
189.661
192.967
194.608
220.406
199.894
198.056
196.653
209.472
196.362
197.24
198.53
197.909
196.633
236.94
208.759
196.916
216.823
211.116
202.615
203.967
239.413
241.731
175.943
170.179
171.142
169.593
191.852
169.926
169.948
168.85
169.217
182.774
169.012
167.723
166.835
166.384
165.638
186.914
170.458
170.777
169.5
168.134
216.416
174.29
171.472
170.356
169.111
184.872
173.01
171.364
171.83
171.467
186.997
179.908
164.543
164.663
166.82
163.566
190.459
189.651
181.136
184.197
185.831
195.62
179.536
184.104
185.654
178.016
198.704
186.333
176.206
177.361
184.542
197.668
192.252
187.663
185.656
186.654
203.319
189.42
186.855
185.301
197.304
206.694
189.358
186.369
185.655
185.943
198.969
187.743
186.159
186.263
185.872
199.891
187.425
186.651
186.423
187.083
200.255
187.3
187.293
186.065
192.647
218.139
227.004
211.485
206.955
218.3
207.449
202.664
202.041
203.074
213.365
205.866
207.726
207.54
219.382
205.675
203.509
202.541
206.631
220.542
218.113
203.316
202.276
224.816
198.284
197.057
204.372
200.307
242.748
217.356
234.733
203.957
237.206
225.301
209.708
206.29
205.859
211.8
213.427
210.821
209.458
224.486
212.031
209.232
210.664
216.053
204.174
201.277
228.566
226.831
235.508
200.562
199.916
198.637
212.846
198.929
196.215
198.52
197.304
207.386
200.439
196.309
195.707
196.946
203.253
191.995
191.376
191.224
191.382
215.93
197.181
195.93
197.599
213.692
198.097
197.928
195.482
197.568
212.242
196.914
196.77
198.351
197.632
212.098
196.679
197.021
195.554
209.407
198.284
195.81
196.579
195.785
215.527
206.096
237.431
211.631
190.16
202.587
188.36
241.107
212.793
209.354
196.739
194.477
193.458
194.833
197.424
195.684
217.95
206.252
205.78
200.757
196.225
194.001
195.208
206.166
195.893
194.574
193.704
191.458
208.858
194.075
194.383
192.102
192.943
211.711
194.75
196.006
192.694
193.105
208.45
193.131
194.077
193.614
208.42
196.544
194.145
193.893
193.753
212.447
197.416
194.583
194.675
194.035
208.059
197.105
193.497
195.385
192.206
208.336
195.067
195.01
194.124
205.717
196.652
192.741
193.545
195.234
208.344
193.539
196.158
194.176
195.04
210.058
194.228
194.348
193.876
193.226
201.024
200.514
202.88
193.476
196.257
197.764
193.677
194.39
192.57
213.581
198.588
195.436
215.298
194.975
206.125
192.198
190.146
324.657
207.256
196.508
193.203
192.075
192.12
201.882
194.878
192.252
192.147
191.97
198.731
194.465
191.174
192.161
193.2
209.494
196.08
193.424
193.524
202.687
195.423
194.257
192.83
193.116
200.733
193.771
195.46
192.749
192.705
203.887
193.958
194.393
194.427
191.553
226.164
194.682
193.293
212.821
193.266
196.49
191.947
192.262
191.274
199.947
194.158
191.063
190.871
191.752
195.915
193.61
190.689
191.076
190.416
206.559
191.798
193.123
193.191
190.91
205.465
191.338
190.66
191.702
233.009
224.309
193.346
189.789
189.206
199.865
189.021
187.02
185.855
186.956
203.518
275.021
191.331
182.555
213.651
239.463
193.151
191.634
191.951
190.263
208.298
189.957
194.164
191.707
200.582
192.259
190.447
189.962
188.738
206.169
191.039
191.822
189.651
190.243
200.278
190.61
190.401
188.986
189.457
199.704
189.061
189.749
191.145
190.173
208.713
191.172
189.842
191
188.11
207.511
191.289
190.216
190.748
190.964
190.999
189.742
188.709
189.13
189.963
192.729
189.144
189.372
190.53
190.294
202.021
191.34
190.193
189.397
190.613
202.314
189.184
188.982
188.528
189.214
202.447
190.518
188.91
189.247
189.641
207.891
190.279
190.7
190.056
190.146
201.96
176.847
181.023
174.011
168.383
186.568
170.277
168.713
170.892
171.993
220.24
197.349
179.484
176.56
175.458
192.369
176.157
175.602
175.204
174.322
187.806
176.678
176.005
175.3
175.13
175.288
193.208
177.226
174.777
176.183
177.35
183.776
176.156
176.227
174.051
175.564
182.514
175.595
174.852
175.919
177.132
176.08
189.864
176.547
176.086
176.981
175.962
191.057
177.286
174.698
175.869
176.066
187.454
178.933
180.056
178.401
176.697
176.907
183.014
175.163
176.05
175.541
175.466
189.554
176.94
176.829
174.585
176.187
193.746
187.232
184.342
182.491
181.646
193.505
184.474
182.053
179.159
179.699
181.271
187.737
184.327
182.564
180.515
182.266
194.543
182.745
182.715
182.523
182.7
192.64
184.161
180.886
182.107
183.319
193.578
256.026
185.702
175.716
173.054
189.977
173.728
174.892
172.782
173.21
189.744
177.902
173.154
172.902
172.212
183.68
177.945
173.114
180.73
173.334
174.955
187.56
173.752
173.316
176.6
173.514
190.053
175.683
174.471
173.298
173.899
189.023
176.375
174.287
173.334
173.526
183.229
177.175
173.893
173.428
173.641
171.887
187.403
173.448
173.557
172.09
175.276
185.322
175.256
172.552
173.951
174.442
187.891
176.299
173.884
173.755
175.063
173.13
188.381
172.616
173.758
173.008
172.94
182.417
175.293
172.501
184.365
173.812
186.484
173.992
180.203
173.839
174.073
173.139
191.627
173.792
174.243
172.531
173.179
184.835
174.958
173.711
173.695
174.247
184.044
174.982
177.707
223.515
205.433
215.98
204.2
201.914
202.372
202.564
218.318
205.366
204.547
202.168
221.419
205.139
205.359
204.03
203.858
219.12
204.297
202.842
214.058
221.499
205.704
204.613
204.49
203.455
218.598
202.465
204.74
204.376
215.678
205.864
203.565
203.555
203.695
219.536
205.188
204.591
205.106
211.869
207.304
204.046
204.886
205.488
222.03
205.77
204.875
203.574
205.007
196.665
195.942
191.6
194.859
295.268
207.675
201.168
236.841
250.991
241.142
238.099
239.97
251.166
240.907
238.292
240.162
277.936
241.305
239.666
240.368
258.219
241.315
219.85
252.795
215.924
179.718
174.968
180.114
173.709
202.887
186.337
185.589
184.348
185.755
199.587
187.909
186.13
184.804
182.871
199.213
185.187
186.026
184.068
187.162
195.406
185.301
184.838
183.911
183.256
202.777
183.965
185.932
184.807
211.422
202.537
191.075
182.317
182.183
178.755
195.707
179.67
180.158
178.844
179.459
191.59
181.556
180.149
180.637
179.065
195.91
180.255
180.356
178.952
180.991
190.261
194.9
183.376
182.285
180.075
197.009
182.897
183.135
179.771
181.164
191.853
182.641
181.804
179.066
178.59
181.865
188.364
183.449
180.104
180.278
179.405
195.913
179.729
179.886
179.098
180.532
197.015
196.982
189.296
189.135
326.006
201.184
188.187
187.348
187.318
200.935
188.617
200.645
196.85
185.538
194.177
186.532
183.563
183.407
182.73
190.965
184.095
183.184
182.344
183.058
190.371
183.593
181.9
181.865
182.069
204.629
183.049
184.201
182.026
181.478
196.586
182.82
182.326
181.956
180.378
197
182.022
183.499
180.94
181.761
196.488
182.729
183.072
182.025
182.213
202.757
182.21
183.214
182.26
181.969
196.87
182.62
181.501
182.962
181.068
196.883
186.877
183.629
182.79
182.443
197.022
182.064
181.106
181.655
182.36
202.48
181.594
182.275
181.785
183.229
197.545
182.775
181.519
182.059
181.331
195.757
181.704
182.249
180.901
181.85
241.514
214.608
187.928
185.901
197.315
184.643
182.02
183.047
181.973
199.77
188.265
185.044
184.045
183.158
215.076
199.544
194.097
192.737
191.312
207.155
193.714
192.395
193.456
191.075
209.615
196.731
191.107
193.198
189.078
210.622
192.335
189.829
192.479
191.287
197.181
193.659
191.224
192.212
206.858
193.919
191.074
191.68
192.948
206.104
191.678
190.872
190.063
192.219
206.234
192.905
189.188
192.322
191.75
209.946
193.482
190.776
191.465
192.119
205.408
191.998
191.135
191.353
202.077
195.306
191.466
192.109
190.448
204.085
192.379
192.161
190.572
191.125
208.948
193.234
190.051
191.741
190.283
204.69
193.73
214.684
194.556
191.58
208.365
190.684
191.697
191.44
202.487
197.82
192.049
191.321
191.387
208.52
194.733
197.92
208.499
198.868
221.956
201.215
198.268
196.33
196.943
200.893
198.268
197.272
195.877
208.21
197.809
198.939
197.971
200.376
229.656
188.953
186.287
184.619
183.271
205.857
184.979
183.466
183.933
182.256
198.739
184.242
184.813
184.993
183.5
195.036
182.875
183.628
183.188
183.9
196.296
183.755
184.816
183.693
182.918
212.131
193.709
189.808
186.929
186.788
203.855
187.257
186.287
186.599
188.078
207.868
189.298
190.455
188.204
188.897
202.878
186.776
187.016
189.381
190.442
202.665
185.688
197.864
240.161
205.375
191.624
189.7
187.868
190.5
200.668
190.638
188.325
188.813
188.811
204.232
189.606
188.265
188.804
189.348
202.292
190.314
189.519
190.404
190.056
222.618
205.88
203.895
203.715
216.18
204.548
206.195
200.117
202.131
219.857
201.717
199.561
199.05
199.624
221.175
202.95
202.895
201.091
215.229
204.47
200.386
201.028
224.918
230.862
217.672
214.621
216.139
219.924
204.525
202.992
203.443
225.81
229.904
201.44
196.818
193.54
204.639
195.841
195.902
192.293
194.656
209.51
195.356
194.031
188.587
186.55
198.445
185.272
186.544
183.484
183.829
198.822
185.774
183.072
183.487
180.74
346.974
188.734
185.783
183.881
201.79
187.257
186.361
185.97
186.271
202.415
186.828
184.541
185.273
185.172
196.172
187.119
186.037
184.897
185.339
193.356
186.114
184.72
185.308
184.153
204.656
185.239
185.411
184.847
183.805
196.359
187.938
184.737
186.446
184.469
196.267
249.295
226.129
196.032
205.726
215.098
197.909
198.952
198.893
208.075
200.651
196.838
197.654
197.597
216.789
198.881
197.418
197.735
197.692
213.431
199.667
197.665
199.148
209.527
199.25
198.239
198.757
196.977
214.718
198.026
207.674
199.105
197.133
211.379
199.175
198.297
199.082
207.109
200.709
198.817
199.662
199.192
218.576
226.228
175.878
159.765
161.267
172.243
158.68
159.501
156.527
157.005
157.743
182.809
162.463
169.807
162.638
161.115
161.745
177.275
162.139
197.104
203.663
201.967
190.671
182.259
181.527
181.375
185.835
186.965
185.2
182.49
182.532
184.554
197.986
183.485
184.371
183.158
184.285
199.633
185.203
183.736
184.117
184.12
199.002
183.892
185.347
183.231
184.972
198.048
184.593
180.843
181.397
182.529
192.891
187.086
182.835
181.33
181.426
199.923
182.499
181.673
184.735
184.599
201.956
184.325
184.941
184.043
185.848
201.483
185.006
184.094
185.119
184.227
195.383
185.27
187.028
184.762
186.04
194.175
184.449
184.953
184.503
184.731
194.217
182.987
294.213
190.085
195.104
179.275
175.474
182.529
198.444
220.27
248.495
201.44
194.633
203.446
194.501
190.856
193.34
192.88
215.123
186.007
179.647
219.897
187.616
203.196
182.102
181.985
179.79
180.581
200.988
182.175
180.09
179.961
179.703
189.71
181.774
179.676
178.677
179.629
189.917
182.626
181.838
180.659
182.064
178.89
191.646
180.033
175.612
176.011
177.455
205.955
185.69
209.093
183.893
181.039
223.88
209.132
207.308
208.594
218.804
208.673
208.434
207.445
221.496
210.656
209.528
209.149
183.324
217.433
182.933
208.469
184.689
182.082
204.241
181.766
180.247
180.836
198.858
200.334
183.017
184.084
182.269
180.32
193.468
180.848
182.954
183.514
181.404
211.546
197.885
185.253
183.804
195.335
215.61
185.413
184.774
183.997
182.944
347.721
190
182.73
179.387
196.587
178.711
180.139
180.002
178.68
197.065
179.333
177.432
178.274
177.682
193.907
193.427
184.773
183.955
183.601
190.934
189.19
181.626
182.685
185.232
191.873
183.181
184.702
183.784
193.456
200.831
238.174
235.811
235.266
189.372
228.289
251.056
243.381
192.773
200.045
191.575
188.195
188.229
189.723
207.558
189.322
242.729
242.253
254.963
191.928
189.923
190.123
190.016
203.705
190.087
186.89
190.602
186.575
206.752
190.093
187.513
241.867
259.116
193.336
190.341
188.319
188.366
202.424
189.054
188.082
188.193
187.279
201.269
190.02
189.823
188.042
189.041
205.05
191.891
216.635
205.257
220.896
205.873
202.763
203.903
202.21
216.69
204.08
202.149
202.296
201.803
216.205
201.773
201.945
200.453
214.32
204.736
203.205
200.952
207.59
215.707
212.411
203.191
203.244
208.853
203.629
202.678
201.859
204.72
221.147
207.779
207.963
203.414
211.59
204.382
202.239
202.625
201.963
219.232
204.134
203.75
202.862
202.814
218.357
203.978
201.836
201.274
219.139
203.074
202.429
201.852
203.931
218.13
203.128
202.091
201.134
209.977
203.09
203.112
203.275
202.234
210.971
201.565
202.6
203.727
202.763
210.413
204.658
201.178
207.338
219.162
204.786
214.781
214.612
198.116
195.349
190.256
188.549
188.562
198.255
192.282
189.548
189.842
188.892
205.285
192.195
190.102
190.556
190.658
203.514
191.37
188.925
189.204
187.803
201.293
189.86
190.251
188.27
188.886
203.81
191.476
189.956
187.951
189.463
204.68
190.474
190.861
190.206
188.63
194.367
190.532
189.625
201.572
188.673
204.994
189.639
189.454
188.793
188.201
202.856
190.317
188.665
190.494
188.606
191.151
188.853
189.196
188.698
197.942
190.356
190.477
188.399
191.186
201.211
192.233
189.157
189.929
189.061
204.017
191.944
190.705
188.559
190.944
199.579
191.924
189.624
191.126
189.214
203.52
189.768
189.234
187.479
203.483
216.369
190.889
186.007
186.879
186.006
198.18
174.547
182.743
172.976
171.182
185.04
172.564
170.841
170.841
170.831
180.539
171.948
173.345
171.088
170.931
169.231
183.683
170.511
171.8
169.111
170.86
174.233
172.024
170.955
171.088
169.872
172.128
191.673
172.891
172.071
172.469
171.265
176.303
172.429
171.599
171.079
171.073
171.001
173.761
170.832
169.933
171.469
169.839
183.367
182.44
171.499
171.277
170.543
185.304
172.759
171.62
171.403
172.379
171.536
192.867
170.181
171.123
171.509
172.843
185.052
172.694
170.396
170.989
172.682
181.346
173.736
173.22
170.363
172.416
171.496
184.753
172.211
170.002
171.935
171.599
185.064
174.543
171.143
171.837
170.796
169.731
224.7
181.331
173.906
182.727
186.212
176.837
172.334
172.082
173.704
172.949
187.617
192.456
187.012
186.101
185.789
208.631
217.217
212.589
206.996
208.81
193.067
189.975
191.883
190.447
203.403
193.945
189.44
191.349
190.912
207.223
191.891
191.263
190.519
190.967
208.322
192.297
190.757
191.405
190.527
200.685
190.183
190.411
190.341
201.111
191.984
191.373
189.352
190.597
203.575
194.346
189.739
189.992
189.488
202.695
194.363
191.085
188.75
190.998
216.887
215.102
190.55
190.293
188.561
203.761
189.882
190.361
187.9
189.731
196.39
191.245
188.381
188.008
188.766
198.409
189.556
191.186
189.237
200.659
189.346
208.014
219.176
201.294
200.865
190.159
231.226
191.711
220.342
211.249
212.576
216.744
211.085
235.306
198.437
195.71
228.119
207.419
194.153
190.835
188.062
188.549
198.938
192.763
190.841
188.038
189.929
199.53
187.286
185.686
184.302
184.669
196.128
191.793
189.361
189.872
188.768
200.476
192.06
189.755
190.182
188.774
201.169
192.492
189.178
189.926
189.496
199.132
195.38
191.891
190.308
193.795
207.975
197.556
193.936
195.767
196.197
208.781
194.771
195.267
193.442
196.177
201.825
193.078
191.587
189.292
205.106
197.732
195.696
194.757
192.839
210.019
196.94
194.789
204.956
202.128
215.46
199.639
197.32
236.407
244.125
212.462
220.455
208.64
256.092
256.899
213.137
201.052
202.19
218.544
204.492
201.606
200.072
211.407
229.263
223.797
222.612
207.876
217.137
206.404
206.821
209.815
216.876
208.491
205.013
201.715
206.499
228.255
208.287
206.584
209.219
256.337
200.143
186.878
185.038
188.508
199.916
189.311
186.129
187.568
186.34
206.253
201.396
189.197
188.201
187.031
190.948
187.708
196.616
187.372
197.019
188.987
186.48
188.177
186.295
202.569
190.018
188.331
187.962
189.898
198.159
188.625
188.204
188.963
187.69
201.633
188.631
189.548
188.716
187.9
204.812
190.65
188.518
188.401
188.624
204.782
188.712
188.569
187.622
188.809
193.411
188.583
188.745
189.745
187.801
202.838
182.416
180.036
178.945
178.416
183.369
179.95
178.493
179.642
178.927
201.827
181.774
178.509
179.054
179.901
188.138
181.576
177.945
178.335
178.746
190.155
181.172
180.057
177.871
178.559
178.716
183.97
179.218
179.465
177.249
179.229
196.559
179.465
178.904
180.424
177.985
190.47
198.46
185.326
182.343
185.319
194.47
182.562
181.202
179.248
180.043
197.627
181.915
181.467
181.804
180.455
192.598
184.038
180.545
182.095
180.682
191.209
182.259
183.556
182.312
181.453
189.212
183.696
181.532
182.191
180.912
202.452
185.086
181.946
181.233
182.232
194.082
183.487
182.753
183.774
181.326
192.662
182.487
183.068
182.699
186.62
194.449
187.047
182.054
181.263
182.86
194.256
184.674
183.348
189.216
184.292
195.778
185.12
181.067
183.482
181.223
195.284
184.759
184.993
181.684
183.626
196.056
185.993
182.436
183.351
183.476
203.399
184.614
183.068
183.055
186.239
198.544
186.443
182.319
184.063
182.343
198.03
186.042
184.178
182.53
183.549
193.944
186.183
183.729
183.759
182.758
196.148
184.379
183.874
181.703
183.183
200.605
193.2
184.003
185.056
181.51
196.748
185.095
183.736
183.305
181.941
195.023
186.249
183.916
184.806
182.663
196.016
186.602
183.79
183.092
184.712
202.713
186.403
183.983
182.957
183.177
196.626
184.604
185.397
184.632
183.161
195.299
185.845
184.774
183.993
183.823
197.339
184.978
186.84
184.73
185.705
189.286
185.35
185.116
187.063
184.885
196.063
185.159
185.516
185.702
183.91
225.705
206.392
200.949
201.306
207.071
201.684
198.753
198.728
197.774
215.485
199.56
199.409
199.489
198.854
211.742
199.085
198.39
198.386
196.985
203.382
197.708
199.033
197.655
209.667
198.51
199.005
197.306
198.625
213.648
201.73
198.009
198.533
199.068
212.586
198.352
199.312
196.795
211.041
200.351
199.318
198.253
199.685
211.726
200.07
198.487
199.161
198.788
210.731
199.191
198.824
197.922
225.745
202.091
199.234
199.372
197.69
212.763
203.326
198.335
200.972
197.571
210.253
200.557
197.534
197.838
199.014
199.601
200.163
198.596
200.224
209.979
198.283
197.852
200.027
198.013
211.799
215.489
201.862
194.873
194.218
208.28
194.761
193.531
192.685
208.25
196.948
192.924
193.835
193.929
203.907
195.299
204.266
195.123
194.606
208.174
194.628
194.232
194.897
190.996
204.905
193.034
194.44
194.661
206.707
196.178
194.723
194.432
194.606
208.632
196.311
193.501
192.843
194.337
210.52
193.417
193.993
193.032
194.857
210.186
194.151
194.163
196.519
202.884
196.19
193.969
194.936
193.949
208.763
194.966
196.023
194.327
196.499
210.109
193.384
192.642
192.195
194.153
209.909
191.023
190.172
191.976
192.706
216.524
229.111
201.297
190.364
204.836
193.135
189.579
190.617
189.531
200.365
189.695
190.404
192.938
200.866
190.727
177.622
175.746
176.751
176.432
200.06
179.075
177.261
177.785
177.589
187.118
180.345
178.229
176.76
176.372
175.984
181.628
178.47
176.853
175.767
177.412
193.016
176.847
177.373
176.712
178.108
189.587
177.292
177.268
177.064
176.005
199.009
178.862
176.883
177.264
176.065
185.385
182.043
177.214
177.301
177.518
178.323
180.696
175.957
176.466
178.718
177.502
198.888
176.85
176.702
176.522
176.147
192.128
177.952
177.887
177.418
176.485
188.44
178.417
175.48
176.864
178.368
188.546
181.583
177.657
178.073
177.087
187.289
180.799
178.778
176.481
177.074
177.328
205.692
178.598
178.577
176.814
179.94
189.668
178.82
176.893
177.47
177.094
196.682
179.025
179.189
176.894
176.516
199.364
178.064
177.828
176.883
177.003
188.228
181.247
177.334
177.592
178.23
176.679
179.995
178.501
179.49
177.418
178.038
198.928
179.63
178.163
178.582
177.07
191.974
179.19
177.893
179.302
178.064
188.893
177.902
177.572
178.751
178.092
196.149
181.99
179.322
178.714
186.846
191.005
182.48
179.968
179.539
179.199
190.83
180.381
178.252
179.503
179.343
178.543
180.696
179.149
179.596
177.962
178.42
199.332
180.502
180.044
179.192
178.313
192.239
179.328
176.541
179.096
178.848
193.079
179.714
181.472
180.234
178.059
191.714
180.432
180.077
177.939
179.093
189.708
180.188
178.996
178.019
179.884
196.275
185.003
180.044
178.05
180.974
180.661
183.1
177.514
181.715
177.978
179.59
193.478
179.088
178.847
178.22
178.152
193.586
180.444
180.949
178.54
178.747
198.039
181.177
179.156
180.736
178.648
191.884
181.391
180.449
176.107
178.219
188.991
183.218
178.624
179.999
178.531
188.475
180.898
180.092
179.44
180.784
178.867
197.575
179.996
180.557
197.695
208.005
212.702
198.597
196.095
195.789
203.464
195.978
195.921
193.872
195.19
208.175
195.854
194.518
194.724
195.216
199.488
192.526
191.566
193.141
191.717
215.179
196.161
196.161
194.871
205.341
196.612
197.317
195.396
194.24
209.377
195.493
194.233
195.068
194.699
210.429
195.934
194.932
194.856
195.217
209.01
194.314
194.25
195.606
205.194
197.13
194.748
195.145
194.474
216.204
198.65
196.419
195.166
194.356
207.867
195.406
193.464
193.427
194.162
212.802
195.671
193.8
195.483
203.189
195.761
194.706
194.874
195.224
210.657
197.537
195.457
194.83
196.008
208.53
197.214
196.682
194.584
194.674
209.377
194.604
195.165
194.525
204.115
199.242
195.362
196.067
200.092
211.111
199.186
195.243
195.904
195.908
209.638
188.334
186.567
186.877
185.836
209.376
194.764
194.13
193.715
192.597
212.868
195.151
192.729
192.102
203.643
299.066
271.449
213.344
215.565
171.645
164.899
163.452
163.959
164.43
178.557
164.775
162.65
164.381
164.073
177.257
167.768
164.885
162.539
163.637
162.98
186.289
160.936
157.657
158.433
159.151
159.087
185.801
165.287
163.594
165.981
164.581
176.766
168.117
163.953
162.854
164.699
164.096
180.556
163.348
164.225
164.679
162.987
173.635
163.449
160.728
158.96
158.069
159.73
177.384
165.01
164.622
163.839
163.402
162.934
175.944
165.347
164.153
163.712
164.061
163.312
166.205
161.64
161.59
162.131
162.935
175.693
164.204
162.289
161.981
161.847
161.584
177.159
163.296
161.778
161.765
162.908
162.676
171.311
161.778
162.232
163.896
161.052
175.753
163.877
163.449
160.905
160.364
162.448
176.959
162.142
172.614
163.517
162.583
174.536
167.161
163.88
162.989
161.729
162.069
180.054
166.129
161.91
161.387
162.082
162.25
174.373
163.422
162.16
163.759
161.745
175.048
163.693
170.346
202.085
164.15
160.657
172.22
161.136
161.019
160.999
162.85
160.039
174.549
161.188
162.057
160.241
161.119
173.948
167.348
160.551
170.881
160.732
162.145
171.91
162.161
160.494
161.971
159.762
161.322
178.94
163.772
163.187
161.794
161.009
168.326
162.759
161.336
160.257
161.273
159.964
179.418
164.926
162.622
160.28
161.401
161.13
182.401
169.022
161.673
161.247
162.694
170.307
162.316
160.19
161.42
160.042
160.688
174.656
163.684
161.293
161.998
161.547
162.352
175.829
161.594
161.849
161.736
160.692
162.009
172.463
162.292
160.899
172.511
163.199
174.893
164.963
162.535
161.79
161.724
161.513
175.767
161.013
209.029
197.868
192.934
210.291
233.912
240.362
242.279
259.118
243.232
242.498
253.439
281.955
269.827
274.209
255.673
198.28
197.379
194.202
195.056
207.568
195.876
196.358
193.995
194.249
199.107
195.363
195.6
193.64
204.966
197.531
194.045
196.849
196.146
211.725
197.849
195.405
196.199
194.62
209.176
197.898
195.772
196.024
196.187
198.683
195.455
196.901
196.402
209.88
196.467
195.477
195.452
195.96
206.452
194.457
196.815
195.561
195.414
212.248
195.642
196.169
194.726
205.761
197.823
195.813
197.013
196.527
212.661
198.055
195.018
198.043
194.667
211.254
197.565
195.832
197.136
195.321
207.733
195.558
196.022
196.521
199.525
197.517
195.789
195.401
197.333
207.682
197.563
196.529
196.38
196.581
203.192
196.415
195.953
194.914
196.846
210.547
199.636
195.493
196.133
200.595
197.11
196.556
196.181
196.51
213.925
198.366
196.917
195.796
196.271
211.296
197.187
197.694
196.935
194.84
200.897
199.041
198.18
196.882
208.741
197.624
197.285
196.421
197.859
208.915
197.907
196.689
196.526
196.966
209.441
196.987
197.167
196.496
207.038
198.797
196.595
197.064
198.519
214.355
198.34
197.369
196.673
197.017
213.425
197.644
197.417
196.739
209.381
199.185
197.742
198.693
197.898
210.076
197.337
197.52
198.172
198.978
213.314
197.769
196.312
198.599
207.707
200.487
197.108
197.7
198.302
212.28
199.268
197.966
197.411
198.472
205.327
199.723
198.045
197.007
197.721
214.299
199.451
197.406
198.771
214.915
200.481
196.525
197.823
196.882
210.794
198.752
197.01
198.118
197.151
213.101
197.823
197.952
199.185
210.752
200.163
198.841
197.741
197.026
210.329
199.766
198.845
197.404
197.029
217.133
199.462
198.733
197.624
200.404
200.08
198.533
199.188
198.757
221.14
201.792
211.735
201.642
199.465
209.326
198.63
201.189
200.776
212.518
201.094
199.27
201.381
199.979
214.101
200.048
199.576
201.892
200.179
221.817
199.57
198.87
201.667
212.545
200.328
200.151
199.254
201.293
216.515
203.044
200.601
200.497
200.515
215.032
200.931
200.572
201.006
213.624
204.133
200.404
199.645
200.448
215.392
202.511
201.14
201.069
200.214
230.661
197.186
204.441
195.376
241.768
240.943
239.267
242.404
253.988
240.711
239.085
242.769
253.903
239.916
239.186
237.992
260.569
240.582
243.196
238.778
244.285
242.431
221.518
248.234
241.895
219.269
242.923
252.345
229.74
225.471
211.287
190.318
200.015
189.458
187.515
189.47
187.501
203.273
187.631
188.268
187.591
186.524
196.737
186.915
188.385
188.015
187.523
197.271
187.131
186.325
187.69
187.249
193.215
187.379
186.839
187.745
187.838
201.688
186.957
185.886
186.976
187.398
198.164
187.721
187.604
187.534
185.853
198.744
187.052
186.821
186.144
186.853
197.604
188.262
185.272
186.337
187.833
202.912
189.336
186.925
186.154
186.912
190.81
213.008
187.738
186.424
184.009
206.138
182.934
179.356
174.764
173.993
194.936
176.612
173.791
190.627
183.636
204.623
185.364
182.835
183.981
183.851
198.447
183.93
184.098
184.345
184.893
204.025
184.001
184.86
183.556
184.94
204.171
193.184
193.01
191.544
192.949
203.566
193.662
193.982
192.508
191.774
207.247
185.274
185.551
183.827
183.691
210.409
192.409
191.439
189.873
189.434
207.025
189.708
190.263
190.359
200.81
192.122
189.239
189.749
190.438
203.497
191.807
189.173
206.01
218.844
218.029
204.555
242.539
216.89
216.535
214.09
200.706
202.038
201.063
214.393
202.801
200.372
202.283
209.644
202.63
202.488
199.965
201.68
214.858
237.13
213.903
200.541
198.501
233.285
201.271
201.082
200.167
215.457
200.606
201.067
199.804
200.245
210.817
201.304
199.361
201.522
198.904
215.057
200.002
200.703
199.611
211.69
202.495
200.332
201.931
207.407
213.388
200.522
196.625
201.372
198.431
211.238
199.406
200.419
199.874
212.519
202.43
200.354
200.757
198.216
213.094
200.372
215.654
203.62
197.653
213.421
194.902
196.944
195.325
208.177
196.207
193.765
194.517
209.671
216.651
196.075
193.525
192.499
192.594
215.438
196.073
196.826
196.494
198.586
199.067
197.503
198.014
197.031
199.127
197.62
194.923
198.562
196.878
210.66
196.504
194.652
222.823
263.369
287.003
190.002
184.113
224.666
207.379
208.899
190.828
182.858
192.655
186.938
181.251
181.888
180.817
182.09
199.533
191.292
182.018
181.138
182.293
200.309
190.704
182.512
180.773
181.223
190.754
182.748
181.142
182.399
179.659
204.793
189.689
182.733
180.684
180.843
198.684
190.014
182.444
178.183
200.045
214.159
192.572
194.52
200.459
201.141
195.705
198.126
196.923
191.226
197.852
200.827
193.698
192.455
197.358
206.832
194.637
194.497
194.117
192.051
213.19
192.101
178.63
179.68
175.6
199.783
179.175
178.534
177.402
178.056
198.067
179.15
176.681
178.56
176.566
192.559
176.399
177.04
177.283
175.301
193.285
179.24
177.187
179.449
177.819
178.284
191.713
177.238
175.973
177.171
178.078
192.783
178.264
177.746
177.445
175.788
190.075
177.492
177.451
177.334
176.553
187.604
179.161
177.714
177.186
178.941
190.154
186.463
178.673
178.456
178.002
182.352
192.879
180.442
177.454
178.296
178.27
191.091
179.063
178.062
177.304
178.233
188.742
181.165
177.321
178.711
177.701
193.574
182.675
179.109
177.347
179.292
195.767
182.11
180.054
178.523
176.673
177.294
187.285
179.677
180.215
179.499
176.894
196.522
178.729
178.654
177.581
179.536
191.101
181.823
178.6
178.129
178.7
197.271
180.468
180.425
178.341
178.384
206.182
187.883
179.081
181.706
178.516
192.95
180.729
179.202
178.109
180.097
194.801
226.31
208.967
204.445
197.762
221.093
204.212
213.521
208.837
226.113
214.516
214.657
207.9
213.148
224.084
212.168
210.531
209.729
229.759
214.048
210.14
212.047
209.508
229.716
212.285
210.944
209.806
228.131
214.785
211.42
209.632
209.377
224.79
212.483
234.98
218.24
232.777
213.885
215.266
211.978
228.505
219.365
216.176
216.979
215.386
234.447
216.116
214.528
212.66
236.299
216.128
211.322
209.482
228.465
219.341
216.669
216.065
214.306
231.854
217.916
215.971
216.693
230.982
216.722
214.359
216.308
229.087
214.579
213.15
215.178
214.432
243.814
217.244
216.185
215.875
235.845
217.735
214.754
214.447
227.818
219.931
215.121
214.808
217.859
216.736
215.87
213.755
213.722
236.685
217.828
220.216
217.855
235.686
218.951
216.576
219.551
229.95
221.037
216.666
219.68
217.719
224.272
210.559
209.866
216.86
221.578
211.686
209.965
209.612
209.461
235.277
221.596
216.596
218.955
235.69
219.797
218.393
219.121
231.319
217.851
216.886
216.281
227.128
212.048
209.778
211.704
209.436
231.553
218.257
218.245
216.823
234.567
215.943
215.466
214.751
232.154
218.116
209.135
206.932
207.198
221.959
208.527
206.434
206.421
219.323
210.37
205.602
211.384
206.23
220.435
199.268
198.547
199.646
197.033
213.708
208.892
207.385
208.165
228.195
206.98
207.918
206.062
205.131
212.332
206.901
207.091
205.641
218.089
206.063
205.181
207.1
207.935
204.839
199.653
198.43
197.061
214.844
219.316
205.98
203.81
203.571
218.154
205.662
205.683
205.468
219.536
209.061
206.841
207.899
204.625
210.13
199.543
199.476
198.072
212.068
243.728
219.965
215.166
215.402
226.087
216.558
214.075
234.09
255.574
210.444
228.699
214.561
222.206
211.169
209.897
211.065
211.061
238.992
214.784
214.053
216.201
228.095
217.277
213.605
213.632
217.795
215.034
214.059
213.656
211.557
222.667
207.776
210.435
206.016
226.721
219.335
214.341
211.724
206.541
225.295
215.094
210.616
209.521
218.284
210.667
209.097
205.944
206.844
222.635
207.175
206.249
271.002
296.213
240.779
249.508
349.829
265.478
229.166
243.416
198.327
186.14
179.67
179.5
178.673
193.001
179.936
212.58
193.969
190.862
202.524
191.759
192.164
192.155
190.741
220.949
193.903
195.105
211.374
315.644
190.544
188.095
184.556
186.412
205.192
185.782
185.415
184.775
183.022
206.98
184.747
187.214
184.997
184.233
208.907
195.984
196.348
196.823
207.614
206.338
191.44
214.929
203.804
220.758
206.3
203.061
201.909
203.271
221.876
204.182
204.759
203.603
219.927
206.08
199.272
204.421
206.142
210.798
194.317
190.204
191.048
203.242
195.62
191.43
191.672
193.861
205.679
193.114
190.788
190.447
190.609
206.375
192.453
191.286
190.781
4414.61
322.081
206.995
202.862
250.484
210.575
189.382
170.846
169.551
211.917
186.868
180.566
179.67
180.299
235.159
218.516
197.922
191.36
241.374
296.673
357.001
308.372
296.017
272.108
207.533
290.935
261.849
255.631
282.874
260.443
254.126
239.741
275.956
259.223
263.331
278.869
263.18
207.012
258.054
285.525
253.15
257.295
278.333
205.033
207.911
203.915
206.751
237.638
210.501
206.23
207.248
224.772
207.936
210.251
206.58
208.107
209.457
208.587
208.421
201.557
225.572
204.182
206.236
206.099
217.791
206.32
209.855
209.004
206.946
211.056
206.49
221.79
228.804
237.515
212.85
209.848
211.677
209.325
225.495
206.209
210.393
209.448
228.185
207.025
206.303
208.832
231.434
234.463
224.775
213.752
207.632
230.793
210.998
207.78
208.446
227.253
207.019
211.019
228.541
236.763
213.521
214.582
224.983
218.381
232.204
220.835
223.216
218.16
246.832
220.895
220.038
223.16
230.333
221.23
204.366
214.533
250.679
221.924
214.267
212.234
211.001
246.525
228.014
229.581
207.547
235.614
218.14
216.395
215.367
228.041
227.828
216.549
216.324
216.804
293.215
208.137
211.962
230.892
217.759
213.795
213.427
212.408
226.931
217.136
216.609
216.907
234.207
218.387
197.381
200.018
189.797
207.639
183.386
182.819
227.669
240.128
224.606
210.502
213.173
202.466
216.95
204.215
188.264
183.009
185.067
203.743
186.825
183.256
185.625
182.379
212.883
188.234
184.655
182.25
184.152
199.62
188.953
182.453
185.437
183.499
199.458
187.136
193.761
183.451
184.18
200.077
188.665
185.051
187.171
185.238
206.035
189.35
184.645
183.701
186.029
203.668
188.81
185.956
183.732
183.734
202.441
185.761
189.431
182.902
186.168
204.245
188.926
186.194
185.514
183.951
206.694
187.058
188.111
183.978
184.422
204.568
190.056
183.935
187.58
184.125
209.221
190.694
190.457
188.997
190.701
192.756
192.098
190.264
189.571
219.373
215.161
198.063
191.897
192.516
481.566
188.883
177.337
247.458
193.692
182.078
195.256
186.33
192.452
181.304
179.951
178.369
218.958
205.269
187.13
184.15
183.959
183.089
198.379
186.442
184.636
183.385
183.838
194.995
186.206
184.212
182.79
184.281
189.865
185.858
183.74
181.581
184.622
182.11
195.313
183.488
182.018
198.875
184.041
194.657
182.72
182.934
183.488
183.517
196.131
184.889
183.202
183.13
184.151
195.319
183.887
182.955
183.195
182.24
196.302
184.218
184.616
181.92
184.949
196.931
184.14
182.857
182.738
181.999
195.8
185.214
234.17
199.924
182.672
197.124
219.089
195.62
182.875
177.32
207.565
187.73
180.934
180.271
179.523
192.66
181.28
178.713
179.994
178.236
325.422
197.317
185.192
183.115
195.255
183.629
182.947
181.905
184.922
197.106
184.123
181.826
181.966
182.194
191.166
184.256
182.598
181.17
182.336
180.616
200.502
182.067
184.447
181.514
181.251
195.59
182.804
182.48
182.649
182.13
195.193
182.672
182.183
181.609
181.03
193.876
183.246
181.291
184.021
182.197
195.211
182.414
181.905
183.992
183.4
194.504
183.312
181.397
183.181
182.516
197.031
184.258
182.192
182.838
182.844
197.505
194.929
191.006
190.844
191.025
209.638
187.57
185.662
185.324
185.604
220.875
187.857
185.538
186.296
198.107
208.839
188.037
186.146
186.003
185.966
201.283
188.138
186.976
187.924
185.725
199.767
202.484
223.533
211.37
213.265
204.251
200.418
198.276
199.566
211.813
199.039
200.185
200.623
199.719
213.019
201.167
200.697
198.447
209.541
201.01
201.742
201.515
200.732
214.216
201.611
199.849
197.926
199.957
214.029
200.628
198.507
201.872
211.229
204.09
200.763
199.346
201.785
220.582
216.335
199.963
199.425
201.909
221.779
200.131
198.805
199.359
209.19
198.858
199.593
199.305
199
210.473
198.731
198.898
197.898
198.631
212.853
200.399
200.865
198.808
215.189
203.396
198.607
200.095
198.534
216.299
200.542
199.68
199.155
199.015
213.075
201.207
198.654
199.283
210.808
201.768
202.42
223.99
203.37
205.39
190.804
188.426
188.372
188.871
267.118
239.811
240.119
239.185
253.01
241.107
237.352
237.659
239.66
237.608
195.184
236.372
251.938
193.707
196.582
223.82
218.736
185.334
184.116
183.313
182.751
196.161
186.738
184.635
184.9
185.054
196.736
183.096
182.971
183.161
181.99
184.846
183.688
181.602
183.694
184.071
181.917
189.079
182.917
183.162
182.36
182.594
195.767
182.433
181.775
182.814
182.166
197.16
183.69
184.486
181.589
181.933
198.66
182.329
182.34
182.841
182.591
198.654
186.243
185.62
180.982
182.735
192.979
183.884
183.974
183.43
183.479
198.051
183.306
182.086
181.13
233.352
207.556
188.591
189.345
182.691
184.829
201.385
183.358
187.268
183.807
185.85
198.121
182.874
188.65
182.537
187.226
199.783
185.35
184.809
182.594
181.241
197.834
186.36
188.663
184.318
182.811
193.581
187.754
188.141
183.367
182.852
198.687
184.616
183.555
183.078
183.686
200.685
186.935
183.631
182.8
185.338
201.76
190.2
188.232
186.955
183.001
193.831
181.918
184.374
183.118
181.391
196.776
199.303
189.888
187.975
186.014
254.147
192.368
242.82
244.315
209.699
184.935
177.839
177.889
201.177
211.944
201.164
200.516
199.74
200.483
221.605
201.043
199.617
201.494
208.555
214.724
202.63
210.493
233.673
222.577
178.326
176.922
170.26
185.347
173.763
171.723
172.792
171.338
171.256
186.574
172.656
171.827
171.693
171.576
176.66
173.45
172.085
172.506
172.454
170.778
188.929
171.723
171.346
171.222
170.317
186.598
172.886
171.509
171.914
170.715
180.757
172.408
172.669
173.565
171.547
171.794
191.762
172.231
171.774
171.005
171.62
186.778
173.592
172.395
172.008
170.407
171.136
172.308
172.362
171.493
181.894
172.015
182.534
171.933
171.244
170.069
170.966
186.39
174.471
171.623
171.423
170.113
171.371
188.251
172.973
171.833
170.968
171.984
184.786
181.202
173.828
170.682
170.791
184.99
173.712
172.308
171.302
171.572
171.921
184.752
173.628
172.3
171.63
172.618
186.104
186.588
231.332
205.712
206.563
219.082
202.485
202.677
203.71
213.541
204.245
202.564
217.054
202.865
217.584
202.818
201.833
201.665
213.737
207.096
205.01
203.566
202.858
216.613
202.892
201.9
201.544
201.721
218.785
204.465
201.819
202.434
220.158
202.507
204.383
201.472
202.338
213.9
202.855
203.848
201.746
215.178
206.264
203.367
204.907
202.874
217.87
203.601
203.617
202.895
203.77
206.317
202.242
205.572
202.694
214.627
202.717
214.066
204.891
202.269
217.624
204.034
202.073
202.955
215.737
203.863
203.055
202.765
202.101
218.826
202.645
203.099
202.832
215.62
204.995
204.164
212.686
204.739
217.832
204.407
202.42
212.291
207.242
206.786
203.587
203.806
203.756
222.252
205.364
203.867
202.63
202.354
219.755
204.679
202.053
207.202
220.709
208.174
207.638
202.845
202.019
218.384
203.664
203.78
203.37
212.713
205.381
202.778
203.992
203.567
208.934
204.496
203.06
203.091
202.308
206.223
203.694
205.665
204.235
217.151
205.16
201.461
204.312
200.663
217.933
203.202
203.803
205.064
215.031
206.474
203.81
204.12
203.957
219.036
205.535
202.537
206.246
217.892
204.61
202.808
261.455
206.34
210.495
194.791
194.748
193.088
193.16
205.557
191.146
191.192
267.263
226.926
201.809
191.84
192.925
189.957
210.173
191.27
190.857
192.379
193.024
195.081
191.439
189.685
193.271
204.453
194.296
191.827
192.298
190.548
215.632
208.702
227.282
218.046
215.062
192.57
192.269
189.203
190.193
206.838
192.655
191.536
192.037
191.081
210.832
190.521
190.52
189.726
192.952
193.648
193.551
190.884
191.852
198.574
225.134
240.239
202.574
277.91
273.713
270.658
268.673
283.915
272.907
267.304
284.185
274.577
268.771
266.732
287.74
267.598
273.752
304.187
314.533
258.193
166.574
176.391
163.33
159.693
159.068
158.161
158.71
189.463
205.821
165.631
162.509
160.464
176.16
166.697
164.142
161.555
160.766
169.715
179.419
162.764
161.416
160.908
161.621
160.394
173.711
161.614
163.528
161.297
161.491
173.167
168.518
162.8
162.617
161.994
162.663
172.541
164.187
161.04
163.088
174.905
163.053
172.758
163.388
160.872
161.59
160.254
172.815
163.747
162.536
162.313
162.235
161.47
178.905
162.884
162.186
162.837
161.907
169.651
173.287
160.806
161.304
161.11
162.209
161.943
165.477
160.196
163.104
161.635
161.42
171.976
165.182
161.794
162.416
161.563
163.033
176.559
163.862
161.026
162.298
163.603
162.295
176.644
163.666
160.514
161.414
161.387
180.684
165.026
162.5
161.624
162.253
162.677
176.439
162.888
163.014
172.057
162.776
162.267
166.113
224.866
205.649
195.724
199.305
196.529
194.223
194.385
195.893
206.657
196.03
195.953
195.291
194.215
207.291
198.052
196.779
193.988
193.856
208.25
195.958
196.379
195.949
204.674
196.719
193.531
196.251
194.031
207.707
197.912
195.663
196.177
196.115
204.654
195.502
195.391
196.38
194.877
210.71
190.223
189.594
190.831
188.398
198.371
193.302
193.089
193.887
202.721
194.467
194.319
195.639
191.727
207.224
223.725
229.109
213.522
216.563
205.07
204.191
210.985
204.556
223.025
206.704
202.471
205.714
199.777
181.936
178.309
179.878
179.119
178.069
183.587
179.873
177.317
179.018
177.793
181.861
178.504
177.969
237.58
193.831
199.628
183.085
182.138
182.164
182.083
200.988
182.858
183.452
182.57
182.464
193.622
183.779
183.225
182.648
182.597
198.501
183.349
184.011
232.441
189.1
210.643
189.745
184.221
182.777
182.143
197.743
182.523
182.851
182.733
183.022
194.17
184.353
182.74
183.021
180.793
195.43
182.941
182.136
181.93
184.108
197.852
183.198
182.064
182.85
182.537
195.761
183.457
183.389
184.037
182.741
191.86
184.549
182.387
183.355
181.951
193.278
184.128
182.832
182.289
183.163
195.359
187.991
185.04
183.881
183.208
183.574
183.905
192.299
183.289
190.152
201.238
191.562
184.573
187.639
221.828
200.85
196.432
192.639
210.934
208.99
217.533
188.459
186.727
184.532
184.237
196.769
190.089
184.435
183.076
183.971
192.275
180.399
180.572
247.539
175.021
192.542
172.624
173.231
169.56
171.886
193.293
175.586
173.385
172.203
170.939
185.624
174.486
174.132
174.152
172.275
170.507
185.532
168.606
168.071
167.897
166.49
187.542
173.16
171.566
171.145
169.163
209.963
177.808
175.355
176.402
175.825
174.02
181.378
175.579
174.715
174.444
174.958
187.637
175.559
173.581
173.59
175.881
188.095
180.011
175.313
175.028
175.486
192.533
177.301
175.935
173.95
173.671
175.238
181.184
174.664
174.791
174.504
175.015
185.692
174.444
174.24
175.115
174.697
185.066
173.739
172.196
173.782
173.448
199.598
225.493
189.585
181.29
196.101
206.408
192.383
188.208
190.649
190.407
207.303
189.725
190.621
187.857
189.243
200.624
191.601
204.198
190.066
190.447
193.076
274.108
192.61
189.508
202.972
191.038
189.244
189.448
190.276
195.89
191.096
188.198
189.876
189.451
208.207
191.882
189.972
188.88
191.055
192.372
191.606
190.324
191.251
196.87
193.252
190.107
190.353
189.494
208.988
200.293
198.218
194.637
193.605
205.95
195.342
191.599
192.522
192.257
206.06
193.398
192.85
191.56
193.524
208.562
194.655
191.774
193.19
202.943
196.02
193.442
193.116
192.934
207.896
195.569
195.185
196.031
195.005
202.416
191.194
233.494
199.512
187.085
206.029
185.087
187.315
185.532
210.795
223.737
211.684
187.74
188.708
223.091
205.177
203.954
205.529
202.889
197.021
185.004
181.87
184.098
182.17
197.802
183.83
183.319
183.494
184.374
207.817
197.237
196.624
193.942
194.119
207.729
196.489
194.437
197.121
205.675
199.988
194.368
197.691
195.159
213.094
202.791
197.479
195.518
195.379
205.939
196.983
195.613
196.927
196.552
206.227
196.901
196.645
194.816
213.91
205.214
196.432
193.959
191.319
211.517
195.907
192.203
192.866
191.713
197.478
195.055
191.357
192.414
194.086
204.813
191.756
192.736
192.014
192.835
201.928
191.439
205.842
217.421
196.06
205.154
190.906
190.49
188.767
207.574
189.942
189.304
190.763
187.123
204.829
191.081
189.55
188.45
188.147
195.75
188.008
189.89
188.479
190.083
209.558
190.196
190.69
186.772
187.145
204.435
189.819
188.638
186.323
198.037
204.324
231.981
231.377
228.934
200.446
190.682
189.43
188.245
188.415
200.81
188.255
186.86
188.134
189.141
202.871
191.626
193.071
188.996
187.509
209.656
196.024
182.066
181.604
178.738
193.482
180.205
178.179
177.768
180.018
197.171
179.917
179.65
179.777
177.698
197.32
181.151
180.703
181.067
178.09
202.275
181.348
180.057
180.221
179.436
195.049
179.59
177.211
176.416
196.111
219.593
182.185
176.383
176.957
178.306
187.71
178.978
177.331
179.524
177.989
178.768
194.731
179.048
178.408
178.862
178.982
211.914
180.339
177.933
179.824
178.269
197.301
180.405
179.344
178.654
178.607
191.115
179.941
179.653
179.424
179.247
193.653
180.766
178.086
177.133
180.691
190.799
182.548
179.823
180.281
178.141
192.97
182.958
180.342
178.6
179.332
180.446
193.502
178.841
179.625
179.644
179.415
192.372
180.75
178.992
181.599
179.616
194.096
180.375
179.502
180.276
179.209
194.56
181.373
179.503
179.9
181.963
201.995
181.067
178.307
178.05
178.28
187.466
180.151
178.48
178.3
178.492
177.171
182.844
177.993
177.635
177.614
175.571
313.605
184.355
183.264
182.053
199.397
184.254
181.527
181.683
181.222
190.197
183.429
182.378
182.676
181.046
190.557
182.998
182.601
181.776
181.29
181.996
184.311
181.371
182.129
180.381
181.737
193.692
182.45
184.421
183.764
181.709
203.696
181.181
183.085
183.49
182.708
198.219
184.038
182.353
181.433
181.719
190.967
183.3
182.237
181.932
181.675
217.401
190.38
194.64
186.868
186.796
203.929
187.244
186.76
184.352
183.864
199.253
185.849
185.197
185.438
185.358
199.563
187.943
186.832
184.269
185.948
198.64
185.93
186.491
187.536
186.002
203.81
186.627
186.745
186.037
185.952
210.655
236.125
246.093
245.829
196.041
227.721
204.973
197.628
209.628
196.76
196.536
199.36
198.269
216.011
199.099
196.168
198.246
195.945
215.733
204.264
195.947
196.719
204.235
197.965
198.614
194.979
196.117
213.29
198.973
204.608
196.541
197.355
210.42
199.463
198.401
199.857
216.041
203.183
201.692
209.65
193.592
197.845
186.026
185.986
185.473
185.23
200.79
186.457
186.931
186.796
187.135
197.16
185.865
187.637
187.229
187.891
198.293
183.974
181.511
193.53
191.46
205.279
187.934
185.538
186.225
186.982
192.727
187.726
185.608
186.304
186.833
195.891
188.087
186.621
186.651
188.892
196.502
188.359
187.563
185.815
190.177
206.029
186.17
187.559
185.765
188.144
199.259
187.014
186.868
186.965
187.647
187.529
187.509
188.509
187.476
197.221
188.739
188.228
188.054
187.794
200.687
189.791
188.095
188.364
187.666
207.069
187.789
188.237
189.258
187.704
201.217
190.143
187.75
188.308
189.193
200.372
185.716
184.538
184.89
211.971
203.717
187.295
186.841
188.958
187.758
199.246
187.395
187.954
186.143
187.581
199.039
189.02
189.783
192.86
187.993
204.116
190.463
189.174
186.354
189.138
200.449
188.074
187.984
188.622
188.435
191.84
186.678
188.802
186.1
205.259
191.242
188.014
188.462
189.195
196.375
190.153
187.689
188.118
188.053
198.452
189.494
188.047
186.954
189.29
200.165
190.892
187.46
188.248
188.152
203.259
187.512
188.055
187.485
189.123
202.627
188.849
186.925
244.456
190.829
220.649
205.364
205.644
191.253
216.259
203.058
188.745
203.079
203.283
210.22
199.172
198.089
197.178
175.809
282.069
200.005
202.705
191.551
208.703
191.037
189.258
190.431
190.741
194.865
188.775
188.275
189.507
189.819
203.419
188.9
189.966
188.752
190.715
202.143
189.611
189.825
189.752
190.654
200.565
188.231
189.572
190.42
190.166
204.75
191.244
188.89
190.176
200.311
190.628
187.944
192.579
189.103
194.878
191.602
190.654
188.944
188.077
194.173
190.854
191.276
188.348
188.934
194.089
172.947
170.33
169.066
169.95
170.46
187.773
171.423
169.915
167.717
170.053
179.785
171.401
170.176
169.123
168.853
169.512
170.387
170.417
169.544
168.943
169.464
183.948
170.82
169.46
169.391
169.707
179.673
170.625
169.99
169.839
169.808
168.298
183.872
171.539
170.192
169.412
169.999
178.264
172.375
169.788
170.15
169.768
168.723
182.396
170.336
170.444
169.969
168.953
179.265
170.875
169.111
169.668
170.54
169.445
186.27
170.477
169.121
170.222
169.074
183.043
172.864
172.395
187.443
173.675
180.082
173.054
171.192
172.151
173.054
171.669
186.139
172.212
173.024
171.482
172.158
185.431
174.988
169.496
169.99
169.655
169.361
171.723
171.617
181.355
174.366
172.586
187.262
173.179
171.463
171.932
170.269
183.042
173.121
172.562
172.622
172.264
171.355
181.834
171.268
177.755
174.263
173.12
186.222
173.32
172.958
173.144
172.12
186.308
174.727
173.565
172.339
172.748
187.529
175.545
172.852
171.753
173.154
181.782
176.78
173.057
172.532
172.259
173.103
186.192
175.958
173.093
174.059
172.897
185.491
174.729
173.207
171.66
173.069
183.99
176.994
179.844
174.413
173.351
172.624
185.875
173.407
174.44
174.339
171.88
187.205
175.142
173.09
173.739
173.064
179.863
174.246
172.626
173.316
173.383
172.883
185.097
174.564
172.342
173.658
172.68
185.683
176.14
172.586
172.889
173.906
184.304
176.462
173.338
172.579
173.317
172.372
185.671
174.457
173.618
173.32
173.529
187.108
174.773
171.683
172.625
175.246
182.487
176.53
173.499
173.411
172.259
173.716
215.63
203.427
198.862
233.232
254.965
246.124
239.728
242.748
234.539
242.61
240.231
243.12
255.238
242.231
242.765
239.533
258.173
242.278
243.909
243.403
243.112
243.156
239.995
246.109
243.215
243.021
240.454
255.727
245.572
243.307
240.352
277.903
242.371
244.057
241.395
246.384
238.456
240.318
223.458
258.043
224.094
224.41
226.019
240.963
224.207
241.159
224.4
241.057
323.466
235.506
208.527
223.306
203.249
205.525
202.751
213.816
201.294
203.743
202.524
203.99
219.109
205.089
202.2
202.301
202.544
208.806
204.856
202.968
202.066
216.057
202.483
203.042
201.879
204.772
216.269
203.584
200.762
204.101
212.899
204.416
202.751
203.236
202.537
219.199
202.083
204.806
202.242
202.736
215.77
203.941
202.077
202.761
212.372
203.289
202.106
204.168
203.005
218.586
204.69
203.021
206.156
216.235
206.691
203.496
200.352
202.802
217.063
203.433
203.629
204.682
201.679
214.029
202.047
204.093
203.759
213.404
203.659
201.123
200.857
202.931
215.18
202.018
203.409
230.143
197.35
196.804
190.08
191.46
190.306
206.718
196.57
191.4
192.143
190.597
204.366
190.814
188.401
190.39
188.467
227.204
231.053
214.921
217.128
215.284
206.383
206.5
216.123
214.156
226.343
206.034
204.516
204.443
216.078
210.466
213.888
194.961
189.518
200.556
187.737
187.851
186.687
188.812
198.799
189.738
186.642
186.778
187.275
208.712
188.486
189.421
188.703
190.285
197.274
188.071
205.629
190.108
187.743
192.946
186.398
187.055
285.257
201.642
191.647
188.829
188.369
188.419
202.164
192.306
187.358
189.47
189.501
199.751
189.642
190.182
189.018
189.153
198.786
215.84
192.483
192.459
191.211
205.271
205.624
201.336
193.52
192.649
198.752
190.323
188.19
192.12
194.357
202.647
189.23
189.856
190.506
202.376
196.274
200.849
191.031
189.714
201.063
191.792
189.791
190.169
190.207
201.687
191.362
191.738
189.516
190.416
206.427
187.151
185.225
247.302
237.966
231.193
219.737
215.156
213.599
231.292
234.981
215.719
222.29
237.217
229.462
202.084
192.973
217.525
193.965
191.656
192.322
192.34
203.398
192.109
189.989
191.308
190.647
205.471
191.158
191.799
190.027
191.525
206.774
190.525
189.561
191.54
190.008
205.687
212.842
198.297
268.823
216.871
203.195
207.653
208.315
207.476
225.906
208.445
205.565
206.952
218.675
213.543
205.339
202.581
201.367
214.648
189.117
187.347
186.334
187.11
202.92
189.001
187.58
187.79
185.469
209.359
187.892
189.081
188.07
195.743
189.359
187.678
188.346
188.273
196.876
189.76
186.097
187.654
191.712
204.302
185.804
181.042
180.11
182.657
179.091
201.689
181.891
180.065
180.041
180.212
194.871
181.809
224.858
193.841
185.146
192.839
185.089
184.776
185.216
182.667
189.053
188.418
182.278
206.813
199.642
231.543
216.432
181.945
173.644
192.598
179.021
177.15
177.398
177.119
184.275
179.977
176.441
176.742
175.974
176.446
179.189
176.602
175.571
177.493
174.48
196.155
174.413
176.772
173.911
173.695
197.124
178.037
174.384
177.728
174.169
185.999
176.264
176.492
173.839
174.488
184.462
178.792
174.07
174.089
172.766
172.79
186.324
174.874
171.927
173.31
171.108
197.09
171.644
167.195
167.957
168.114
166.66
310.346
438.128
212.212
195.526
191.473
191.691
191.727
201.2
191.498
190.164
190.103
191.052
203.55
189.767
191.211
210.118
205.164
198.565
181.688
178.584
181.355
180.831
199.375
182.316
180.479
178.394
179.684
191.721
181.724
178.358
191.53
187.089
199.985
188.731
185.499
186.053
185.595
196.659
187.882
185.932
198.221
237.187
238.682
236.042
235.025
235.151
239.061
236.836
236.228
233.742
240.413
239.081
236.06
235.015
238.688
233.946
236.878
235.326
252.997
233.873
237.279
234.374
241.088
236.209
237.903
235.473
251.845
242.82
236.224
236.896
242.534
237.863
236.758
236.234
239.309
191.855
184.937
184.813
185.653
202.342
186.41
186.046
186.377
185.187
249.635
233.888
192.375
207.806
215.292
177.016
173.562
169.843
172.498
181.324
173.19
174.195
173.575
171.607
173.292
182.961
174.035
173.067
173.451
171.479
190.741
173.955
175.587
173.37
173.352
180.294
175.012
172.486
175.021
172.269
172.359
183.292
173.305
173.331
173.063
173.08
189.317
173.361
173.198
173.017
171.981
185.902
175.623
172.275
173.805
173.328
172.658
183.609
173.962
172.777
174.998
172.323
188.311
174.108
173.743
172.889
173.702
172.139
177.521
172.994
173.345
172.386
216.75
210.872
174.967
172.823
175.078
173.552
197.929
177.909
175.31
172.038
173.298
185.103
175.446
172.927
174.029
171.664
186.598
175.172
171.663
172.465
174.263
171.545
189.12
174.537
173.238
171.898
172.062
205.073
233.19
205.285
202.514
201.925
205.915
200.354
199.951
200.131
217.107
201.926
201.892
199.249
202.546
215.256
202.555
199.512
200.062
199.171
203.8
202.319
201.454
199.187
231.777
201.792
200.922
199.571
200.515
206.26
201.731
202.751
201.451
201.698
206.026
202.754
202.971
199.974
218.232
204.552
202.591
202.153
203.145
214.574
203.59
202.844
202.336
212.236
204.841
203.634
204.053
201.719
216.79
200.543
201.031
200.507
199.904
217.457
202.534
199.699
200.679
211.811
202.507
201.749
200.875
200.873
213.498
200.353
201.342
210.563
203.164
214.45
199.867
200.693
201.133
213.587
226.511
220.631
206.132
203.373
219.843
203.639
203.737
202.614
217.079
203.316
202.965
202.991
202.343
216.255
205.294
202.654
203.425
215.713
205.031
202.717
202.186
201.777
218.3
201.434
214.104
203.085
203.82
216.014
201.681
238.059
243.072
274.357
241.19
246.149
239.623
254.013
241.428
218.631
238.495
258.427
241.648
246.537
251.77
219.584
242.945
235.594
250.463
242.374
243.096
245.942
242.363
240.409
238.94
240.057
239.365
219.586
246.936
218.672
250.624
249.253
236.964
217.892
251.727
230.093
243.283
242.655
240.208
234.173
209.864
251.34
236.929
194.18
180.285
176.638
177.595
188.382
208.642
201.733
174.163
169.575
184.856
197.581
177.344
175.776
175.737
180.345
219.74
193.676
192.041
190.216
207.236
226.978
198.116
193.241
192.492
202.311
192.98
191.042
190.611
191.521
203.207
192.079
191.987
191.972
190.988
207.022
190.021
193.019
191.21
202.976
194.7
190.422
192.42
190.961
203.881
194.546
191.025
190.313
192.329
205.307
193.113
191.325
192.634
193.361
196.071
191.809
190.952
192.327
191.92
208.76
192.541
193.254
190.814
199.199
193.955
191.718
191.191
190.134
202.944
194.871
192.647
190.895
190.968
201.892
190.484
189.247
187.623
1484.15
239.867
213.055
207.46
234.775
209.518
206.187
212.549
216.753
206.383
209.307
218.227
203.422
220.95
202.86
188.415
187.808
187.085
209.695
187.67
185.439
186.915
184.221
201.314
183.386
183.18
181.034
183.807
198.186
183.665
182.707
182.116
181.427
215.443
228.628
193.98
182.077
181.428
210.865
212.687
220.566
206.436
255.169
270.685
241.803
203.286
209.392
199.183
198.58
241.505
221.939
197.06
198.363
241.086
199.764
219.256
196.796
197.328
196.929
197.014
217.662
202.26
185.124
181.227
197.184
180.252
176.476
177.398
179.488
211.954
220.859
200.418
192.347
191.68
206.241
195.544
191.887
192.703
191.633
202.393
191.082
187.064
187.178
188.053
204.53
193.946
191.292
190.64
191.79
205.852
193.104
193.842
189.595
198.477
211.583
192.577
191.697
193.151
193.638
204.883
190.718
192.067
245.655
264.191
254.363
200.952
197.355
196.095
202.487
197.091
196.228
195.267
212.119
194.391
191.038
189.68
188.976
225.034
205.578
192.431
188.092
186.516
201.06
190.556
188.218
189.729
186.578
212.595
192.116
187.341
187.118
187.243
199.165
190.129
186.197
186.561
186.591
238.279
203.242
191.305
195.506
203.003
192.586
192.7
191.067
191.842
201.918
217.702
222.961
202.826
192.321
238.892
206.959
195.897
191.122
213.563
243.971
249.867
238.321
255.456
243.817
242.796
225.01
207.695
239.346
242.399
227.747
235.526
215.694
205.364
219.632
241.822
252.361
244.442
243.735
233.445
232.462
233.132
244.622
234.156
230.092
230.798
234.135
233.591
232.011
230.466
233.755
230.441
231.557
230.126
243.18
238.583
232.875
235.443
245.732
233.123
231.109
231.121
218.29
237.83
231.302
230.14
231.416
238.252
230.808
238.992
230.245
244.387
234.915
234.664
244.091
269.116
272.723
256.492
281.828
264.158
263.713
233.986
250.763
262.398
206.086
196.91
269.443
257.311
232.087
196.978
227.268
207.088
196.538
194.764
194.471
208.179
193.497
195.446
195.349
209.241
198.227
196.025
196.117
193.602
209.991
197.051
194.681
196.843
195.598
205.93
195.731
192.91
197.776
194.868
209.698
195.676
194.077
195.767
194.756
196.474
196.917
201.25
197.05
207.463
197.529
195.389
195.977
195.536
209.189
195.413
195.506
194.784
195.797
215.136
196.057
196.044
196.051
196.446
206.267
196.285
196.682
196.226
211.938
196.506
196.462
196.732
195.075
210.522
195.001
194.064
194.08
229.298
209.578
182.778
181.424
179.877
179.019
195.088
179.476
177.135
179.367
179.208
195.94
180.318
179.13
178.311
179.292
191.57
186.835
195.657
191.289
189.986
204.08
192.63
190.197
189.358
190.077
204.363
190.928
190.164
189.951
191.129
247.508
219.532
214.804
217.394
238.88
205.073
202.581
199.607
205.338
337.873
218.368
187.629
190.309
680.256
186.032
197.542
179.76
176.937
177.214
175.77
190.338
180.904
176.351
176.82
176.85
175.636
194.92
176.883
175.316
175.272
178.27
193.818
177.826
173.196
173.163
172.085
187.686
179.71
176.477
176.877
176.469
186.845
187.433
182.775
184.161
184.538
194.17
216.883
180.646
170.961
170.423
182.868
169.963
171.082
170.463
173.28
170.317
187.064
170.786
169.782
170.545
180.402
190.303
177.376
176.365
176.829
182.052
218.712
184.472
176.453
177.198
181.732
235.311
197.344
195.816
196.903
196.422
202.492
196.111
195.912
195.599
195.256
209.18
194.759
194.34
197.842
218.273
200.119
195.27
195.215
196.573
214.501
195.475
197.265
196.485
196.682
208.301
196.441
196.18
195.48
195.951
201.395
194.884
197.53
196.057
208.786
197.985
195.473
196.089
197.064
207.729
197.86
195.62
195.579
196.477
217.319
197.173
199.253
195.948
205.939
200.131
194.798
194.45
195.199
209.858
198.868
229.078
210.493
198.22
220.995
198.791
196.575
194.705
209.972
225.707
236.823
235.918
280.08
211.099
199.202
196.957
208.692
197.451
223.94
233.599
223.242
242.868
236.242
234.674
246.076
235.948
236.422
234.426
237.575
235.86
238.425
272.149
240.288
232.608
253.081
237.884
235.897
209.188
210.104
239.234
237.928
233.415
249.979
233.811
234.204
237.849
241.088
234.207
237.274
246.098
234.621
234.408
233.146
244.06
233.254
238.357
248.522
236.844
237.845
237.563
249.174
208.393
215.293
240.665
203.568
182.428
183.191
182.146
182.908
193.804
183.942
182.113
183.211
181.298
196.369
182.51
180.326
182.952
182.61
194.026
183.75
182.227
182.496
182.48
198.487
182.567
181.871
181.902
182.515
204.076
184.603
182.254
181.15
181.718
196.092
182.921
182.221
181.515
183.506
192.742
183.406
181.746
182.624
180.222
195.43
186.477
182.645
182.333
181.926
191.105
184.202
182.251
183.71
193.651
196.252
188.726
186.503
222.585
189.655
201.458
189.409
185.518
186.122
185.448
204.639
187.626
185.835
184.282
186.097
205.1
188.913
186.507
185.427
184.666
199.514
186.159
186.657
185.674
186.233
215.235
186.56
185.046
183.53
221.178
219.653
193.5
194.894
195.099
194.002
206.664
195.239
192.907
192.198
203.313
196.811
194.159
193.031
194.46
209.581
194.936
191.707
192.171
192.017
207.121
191.503
192.517
190.761
190.416
212.752
195.654
192.812
191.62
192.212
210.387
192.571
192.973
191.042
192.657
194.157
192.224
190.637
188.571
199.545
194.053
192.389
191.536
190.998
201.32
191.583
191.479
190.346
190.504
209.265
193.782
193.193
190.564
191.506
206.411
191.961
191.346
192.619
189.665
206.447
192.188
191.52
190.795
190.542
207.867
192.228
191.346
193.411
190.246
202.146
190.691
192.495
192.952
202.646
195.039
193.46
190.022
190.318
233.831
225.051
198.279
183.034
181.472
195.52
181.551
180.586
180.609
177.079
193.621
177.9
181.073
180.185
180.797
191.446
177.966
177.06
177.117
180.321
225.252
182.698
176.293
178.905
193.154
204.82
190.73
186.979
186.04
187.078
204.642
186.641
184.886
184.57
184.059
206.802
183.536
183.043
181.575
181.357
201.699
186.67
183.87
185.836
184.568
204.859
184.773
183.944
183.77
184.979
204.5
187.095
183.427
184.234
183.5
201.228
182.885
182.886
183.006
183.359
197.698
187.193
184.058
184.412
184.308
204.576
186.012
185.763
183.242
185.524
201.746
195.781
196.876
192.901
193.983
206.097
194.482
195.578
193.101
194.868
215.056
223.202
209.725
202.771
221.166
209.817
188.401
185.581
183.981
203.418
225.689
199.493
192.457
201.198
192.163
189.891
189.402
188.971
202.207
204.292
196.065
196.148
193.412
210.498
195.777
192.597
191.339
193.223
211.626
194.865
193.151
192.774
192.552
203.339
192.695
193.521
193.491
204.709
194.049
189.358
187.596
188.383
218.504
194.326
191.643
191.249
191.089
210.794
192.923
191.394
190.217
192.726
207.064
193.361
211.752
233.517
250.563
235.968
198.259
194.844
194.206
202.14
193.161
193.104
193.773
192.643
214.52
195.841
195.162
195.661
202.237
194.483
193.084
196.476
195.843
211.893
230.757
236.85
229.638
218.361
204.118
203.099
199.698
202.434
210.654
201.381
202.127
199.842
219.299
217.945
198.257
201.987
210.039
214.888
204.071
200.025
200.934
199.49
213.39
200.125
198.8
213.217
202.571
226.204
201.635
199.523
228.806
258.786
246.559
246.321
256.932
265.656
256.504
216.679
215.266
207.096
200.946
202.544
202.879
214.534
203.858
201.655
201.821
211.857
204.107
203.526
203.153
202.712
217.682
204.847
202.718
203.12
202.483
221.638
202.877
202.567
202.856
220.498
204.502
201.888
201.851
205.061
214.941
202.528
202.605
202.095
253.935
218.22
258.659
258.452
303.092
182.472
179.756
179.001
178.897
193.3
180.127
179.135
177.938
179.082
192.006
178.954
179.285
180.31
178.597
192.779
178.878
178.406
178.914
180.174
196.142
181.139
179.628
179.579
180.535
191.779
180.323
179.762
179.378
179.916
189.23
183.023
179.323
180.105
180.397
179.652
182.43
180.153
178.472
181.438
179.482
191.655
182.221
