416.091
299.197
283.181
252.203
247.597
245.539
244.357
265.698
202.643
195.434
196.029
207.036
196.787
192.791
194.616
191.758
207.258
194.631
193.439
192.26
193.68
203.082
193.311
193.094
194.162
192.817
216.078
194.321
192.117
192.08
192.108
205.377
327.512
202.217
188.158
199.623
185.505
184.231
190.66
183.921
195.456
183.259
183.51
183.062
214.738
205.596
179.539
180.234
196.178
196.892
202.189
196.21
192.436
196.279
202.894
220.812
259.6
266.528
269.061
245.124
253.825
236.302
278.428
245.985
256.78
281.616
224.332
247.329
250.577
263.122
247.75
245.345
222.684
259.418
251.096
247.692
248.937
269.632
246.799
279.132
298.851
309.729
307.613
308.412
320.329
297.909
248.489
227.239
229.079
230.898
223.439
242.784
223.205
216.229
219.845
222.849
222.165
217.716
217.983
214.29
232.522
221.407
220.271
216.588
232.784
218.859
218.015
217.335
229.027
232.522
246.077
211.34
202.694
216.98
212.315
202.637
204.757
217.532
204.519
211.334
203.557
204.756
217.632
202.887
204.763
201.737
229.301
203.44
203.747
203.487
205.623
214.116
204.095
204.074
202.371
216.182
204.335
205.726
212.031
240.411
240.823
225.656
225.103
225.772
240.596
229.902
224.284
220.386
256.848
239.556
241.004
232.886
251.371
235.039
232.195
233.12
249.214
233.62
232.406
230.612
256.935
233.747
226.017
225.529
266.123
225.982
220.619
222.249
237.538
222.534
221.735
221.568
250.068
239.521
235.767
238.565
254.111
232.992
248.935
266.53
242.334
236.358
227.016
226.462
231.65
228.486
226.721
225.562
248.896
238.441
204.281
209.28
194.902
209.781
194.363
194.184
194.05
204.688
194.991
193.399
192.799
193.833
203.465
195.169
193.888
193.646
192.382
212.432
195.482
193.638
193.695
193.308
208.901
194.756
192.826
192.804
205.316
208.817
194.587
192.582
193.167
193.476
195.479
194.477
194.584
194.327
207.894
195.093
193.852
194.281
192.338
213.545
195.596
195.683
193.488
194.021
203.422
193.077
194.877
192.391
193.07
205.343
193.538
199.556
194.441
192.796
207.814
194.189
193.978
193.587
205.494
193.782
192.886
194.246
193.671
202.082
194.584
194.063
194.342
193.469
206.257
194.3
193.562
193.361
193
207.707
194.815
193.339
194.507
194.895
212.699
195.807
254.556
251.344
236.861
206.117
204.977
205.063
239.716
234.964
244.895
221.67
257.589
236.569
220.127
218.397
234.582
226.698
216.265
206.916
211.901
207.408
233.842
244.126
227.457
229.815
246.661
234.685
248.158
238.188
244.578
256.307
246.305
245.255
243.195
269.731
254.924
223.581
259.073
252.173
249.07
238.7
261.828
236.85
238.52
246.309
250.514
246.669
249.551
246.204
265.512
248.88
246.795
251.842
254.637
250.022
246.494
254.679
246.614
249.892
250.227
236.94
250.92
250.678
245.996
265.124
252.174
252.045
263.119
250.97
247.935
246.59
263.001
250.139
260.597
252.381
259.46
237.948
236.796
235.56
239.415
250.928
236.284
235.681
239.283
238.772
236.036
248.311
238.59
238.453
236.93
247.414
237.762
238.968
235.647
251.457
237.96
242.634
252.967
269.455
238.139
249.973
236.456
267.938
237.557
239.332
260.312
239.012
238.287
234.561
249.335
239.392
236.267
247.293
250.507
251.278
251.698
237.939
252.928
251.012
248.382
250.466
254.026
238.227
235.563
251.093
264.064
250.673
254.943
258.886
249.358
240.155
247.489
264.467
249.349
250.781
247.686
247.995
237.116
235.376
239.262
264.233
232.117
236.364
227.345
235.329
199.387
193.684
193.037
219.248
203.437
201.741
201.054
201.86
218.203
203.463
203.77
201.662
211.656
207.066
203.726
202.367
202.126
219.609
203.237
201.466
201.963
200.301
217.996
202.164
201.443
201.965
211.439
202.874
202.607
201.148
201.969
220.219
203.023
202.292
204.18
211.138
204.853
202.511
201.885
202.016
220.964
202.789
201.802
203.226
207.039
214.124
202.979
201.865
202.287
213.262
203.954
201.625
202.792
202.113
215.66
203.496
202.048
201.572
203.093
220.324
201.645
201.13
201.834
212.817
203.278
201.563
202.167
201.765
208.048
203.054
202.338
202.531
212.639
202.397
201.973
206.634
203.971
217.187
203.253
204.12
201.875
201.695
215.503
203.672
202.273
202.11
212.144
202.624
203.29
200.711
202.106
211.469
203.466
202.3
202.39
203.085
203.807
202.543
204.098
202.074
219.597
200.497
199.545
271.323
188.559
181.859
185.989
181.86
179.879
178.729
197.175
179.202
180.385
180.112
179.647
194.043
182.186
180.095
180.576
180.648
204.82
195.096
195.667
192.859
193.181
204.715
192.122
190.907
193.1
203.776
192.733
193.187
193.008
191.557
203.089
191.903
192.001
195.887
194.826
210.628
193.536
191.562
190.664
192.065
202.251
191.003
191.427
189.761
191.066
220.83
224.352
204.421
200.816
215.666
195.593
192.508
192.025
191.153
204.288
193.334
193.278
191.938
193.746
204.595
193.06
190.249
193.442
205.115
200.837
194.547
194.309
192.142
212.02
195.927
193.993
191.46
195.918
204.97
194.98
192.647
195.514
192.038
209.184
193.711
193.361
191.821
202.808
193.094
192.91
190.966
191.458
201.575
192.384
191.583
195.278
192.234
203.139
193.19
195.804
196.703
192.696
211.813
192.218
192.864
191.744
190.282
208.706
192.829
194.949
195.064
203.914
192.708
195.535
191.349
191.693
203.74
193.861
192.573
191.996
192.259
207.422
192.482
194.13
190.026
193.334
203.536
196.188
192.131
194.498
190.662
198.306
195.921
193.705
191.4
209.428
194.7
192.998
194.056
192.588
204.812
193.619
192.035
193.199
192.331
207.088
192.897
191.767
190.052
194.347
205.658
193.655
196.148
192.513
202.162
193.484
193.26
194.143
193.706
207.602
195.566
216.174
213.55
205.908
209.802
196.348
191.476
194.977
204.665
195.386
194.396
192.237
193.136
206.176
192.672
195.337
192.031
194.91
200.483
192.814
191.546
192.402
191.668
201.545
191.987
193.266
190.098
192.198
201.923
192.246
190.765
193.013
204.529
201.247
193.966
192.231
191.182
203.406
192.191
194.745
192.555
193.798
233.662
201.097
192.081
190.471
188.853
224.844
217.176
205.789
204.041
225.172
203.801
204.959
201.857
203.629
205.014
209.737
210.586
210.003
229.577
213.466
210.466
210.848
226.743
214.179
209.897
210.288
210.489
226.47
224.149
215.352
212.535
218.71
206.67
205.607
204.557
218.712
203.475
201.256
199.635
242.094
228.832
223.833
225.374
238.983
225.723
224.814
225.139
239.222
226.064
223.906
224.142
224.848
237.61
228.675
224.804
224.878
236.765
226.004
237.745
225.16
237.719
228.52
223.714
224.49
241.527
223.869
224.6
226.228
231.833
226.63
223.341
238.702
225.973
230.312
225.326
226.228
225.747
223.648
225.082
225.783
223.969
252.543
223.986
222.98
228.279
237.142
224.868
225.632
226.024
237.111
223.111
225.974
223.933
256.604
210.639
213.227
210.567
224.567
209.966
212.355
209.385
210.494
241.794
225.41
223.484
211.863
252.748
225.181
210.335
210.593
217.723
227.93
223.778
224.204
209.157
263.312
211.348
210.804
210.049
229.184
222.933
223.96
223.712
242.947
228.14
226.504
223.575
217.273
213.064
210.023
210.236
206.025
241.218
206.034
199.301
219.942
222.345
205.77
200.6
202.533
201.641
222.379
202.742
201.22
199.485
217.166
208.346
203.706
201.801
203.358
215.328
208.526
199.966
195.712
228.556
227.824
201.383
199.316
198.504
208.051
200.114
198.381
198.574
196.937
218.844
200.197
198.38
198.181
208.686
204.499
204.419
206.531
202.796
215.717
203.109
203.595
203.894
208.185
205.912
201.192
199.31
197.418
217.518
204.368
202.077
201.854
205.094
216.326
202.27
203.789
201.043
211.277
204.786
202.901
203.005
202.971
225.785
204.299
202.23
203.704
201.251
217.385
202.134
203.671
201.594
219.827
206.077
202.822
205.365
202.675
217.515
204.017
202.514
204.776
218.222
204.796
205.274
204.052
203.753
214.374
203.116
202.835
202.814
202.062
208.539
202.547
202.795
202.137
213.501
204.492
202.203
202.607
201.361
214.515
202.735
202.528
200.956
213.458
204.934
207.142
203.458
200.903
215.319
206.414
202.291
202.871
201.467
215.357
202.887
203.476
201.741
216.527
204.949
204.255
203.329
202.911
214.086
201.097
204.455
203.41
211.407
203.8
202.77
202.673
202.871
221.477
205.761
202.841
202.534
203.266
224.083
205.819
202.038
203.556
216.148
205.481
201.31
203.229
202.675
214.507
204.603
202.105
202.27
214.334
203.576
203.008
202.805
202.763
215.584
202.796
204.284
203.37
202.17
217.105
204.158
203.063
202.707
219.517
204.513
202.628
202.513
208.025
215.704
204.051
202.547
201.548
214.817
204.014
204.276
204.308
204.208
217.442
202.956
201.969
202.868
202.875
218.035
203.268
203.09
202.5
218.51
204.712
204.809
202.675
203.183
217.521
203.036
204.508
203.881
214.764
205.999
203.579
207.058
203.6
217.504
202.998
202.775
205.258
268.438
202.411
191.024
189.629
190.561
194.688
188.322
186.417
187.761
187.724
200.897
188.816
188.593
187.674
187.56
197.701
191.092
187.857
189.136
190.146
207.299
190.991
190.2
190.032
191.954
209.623
188.84
191.95
186.832
186.715
198.113
189.828
189.669
191.626
188.597
199.914
192.318
188.139
189.12
187.726
200.225
190.237
191.336
188.384
190.08
203.669
190.738
192.305
190.293
190.026
200.145
192.185
190.17
191.914
201.046
191.235
195.966
191.425
188.676
199.842
191.524
191.001
189.559
188.964
200.342
190.755
190.005
188.574
187.929
199.355
190.264
187.984
188.799
187.239
198.922
191.433
189.229
189.217
189.172
199.302
191.439
189.977
188.492
188.361
206.29
190.768
189.428
194.303
189.529
229.03
235.815
197.987
193.052
191.149
195.163
190.882
190.835
190.502
201.452
193.705
190.531
189.765
190.346
201.337
194.48
191.268
188.964
189.556
199.795
189.608
191.099
189.621
189.647
201.956
191.135
188.372
189.892
189.918
206.644
189.055
190.965
189.298
187.569
203.954
206.371
226.077
200.868
207.899
198.619
197.415
197.984
198.459
218.807
197.921
196.436
196.808
196.855
211.377
197.74
196.842
197.045
198.875
210.439
196.838
196.092
196.819
209.901
200.042
196.828
203.268
198.81
210.447
197.141
198.853
196.711
197.094
214.736
198.239
197.43
212.531
211.064
223.133
204.537
195.096
193.814
203.491
192.631
192.043
193.101
203.368
221.728
204.053
195.327
202.829
210.129
203.006
195.233
193.903
192.374
206.562
200.159
194.251
193.638
191.071
209.751
195.475
193.407
192.724
191.896
205.821
201.389
194.86
201.224
207.434
195.057
203.372
203.398
194.983
204.967
192.941
192.841
204.775
194.6
214.994
195.181
194.05
191.942
204.838
205.879
196.016
202.84
202.372
218.114
197.245
194.109
193.186
193.386
199.003
193.383
193.583
193.884
193.948
200.778
192.765
193.964
203.665
208.42
195.473
191.478
194.014
192.586
204.959
194.291
194.312
193.012
192.948
211.695
195.638
192.919
192.441
192.312
204.784
200.864
202.536
201.058
219.148
202.885
200.738
200.059
214.334
203.13
201.512
200.488
202.727
202.261
200.35
199.959
200.724
215.438
201.967
201.329
201.417
218.902
202.472
200.648
202.728
211.918
204.773
200.438
202.416
199.418
214.616
200.056
209.266
200.963
214.086
200.386
203.154
199.488
211.763
202.252
201.536
192.289
197.504
227.497
214.197
181.639
180.807
228.688
194.314
188.553
188.639
187.861
201.946
188.222
187.526
186.761
186.998
195.941
187.848
186.842
186.963
187.968
199.71
192.606
188.116
185.928
187.494
226.59
216.062
212.947
212.102
228.641
216.439
213.953
212.241
211.428
218.812
212.364
212.617
212.439
223.874
213.272
211.868
225.942
233.237
222.227
209.893
199.84
198.284
232.546
203.911
203.139
201.445
216.231
208.011
202.665
203.296
202.672
216.045
205.22
201.595
201.211
208.932
204.783
203.002
202.466
202.944
220.983
203.861
202.438
202.203
203.311
218.026
203.909
201.806
203.37
216.174
202.795
203.188
201.909
202.267
215.867
201.831
204.619
201.594
224.582
206.428
203.414
203.082
203.078
215.659
204.035
202.751
202.107
200.94
206.94
203.142
204.515
203.181
221.135
203.358
202.48
202.363
201.739
225.187
203.804
203.175
205.067
218.798
205.872
202.284
203.316
203.394
215.8
204.204
203.571
209.747
213.965
203.316
204.72
202.123
204.86
216.309
202.931
203.009
203.289
217.715
205.779
204.105
202.83
201.008
215.233
202.586
202.922
203.004
204.134
217.552
203.905
203.462
201.627
215.647
206.396
202.995
204.986
203.382
211.986
206.371
256.288
251.548
216.687
200.724
199.133
199.872
199.06
217.964
200.162
198.462
199.248
209.048
199.806
198.809
201.202
198.85
209.563
200.661
198.381
197.645
197.704
214.595
200.58
199.464
198.438
210.997
202.147
198.297
199.151
198.251
217.112
206.315
198.12
198.338
198.207
210.895
197.642
196.985
199.53
196.462
207.99
198.97
197.572
197.034
209.198
200.296
199.706
198.152
197.834
210.468
198.67
196.107
196.908
197.911
210.856
199.1
197.81
196.85
198.408
211.468
196.473
197.987
204.233
204.691
199.567
197.863
198.067
198.064
212.785
200.246
198.245
197.161
198.345
210.503
198.416
197.719
197.839
198.982
201.177
198.603
196.901
199.328
210.349
200.855
197.794
198.916
197.903
212.546
199.819
199.081
198.687
197.164
215.605
204.962
199.031
199.135
208.15
199.716
199.469
198.502
198.345
212.179
200.792
199.863
197.212
198.363
210.956
199.863
199.15
197.304
199.855
208.587
198.289
199.685
200.059
207.502
200.705
199.133
200.547
200.791
208.09
221.707
201.145
198.319
203.274
209.875
199.404
199.852
197.74
201.613
200.338
198.459
198.753
198.935
212.822
200.187
198.264
200.197
198.068
209.39
199.494
202.182
286.658
231.24
211.446
208.265
211.289
219.589
213.971
208.41
210.45
210.745
216.605
210.548
210.564
231.353
252.336
216.966
221.139
243.98
217.004
207.472
181.73
183.567
184.179
208.866
185.921
185.589
183.401
182.599
197.099
184.115
184.252
182.91
183.364
196.11
183.655
183.097
183.593
181.534
194.015
184.317
181.471
183.597
183.605
191.119
190.463
182.866
184.502
182.993
192.201
186.199
183.438
184.923
182.061
192.963
185.173
182.957
184.037
184.307
193.738
185.269
182.788
182.006
185.313
194.524
202.041
187.558
188.963
220.441
217.361
199.346
199.696
198.868
199.944
211.091
198.673
203.449
199.074
212.682
202.314
199.365
198.477
199.851
207.631
198.653
199.472
198.447
197.849
211.485
197.918
199.997
198.742
209.114
203.213
198.586
199.744
198.643
210.628
201.953
199.048
198.469
197.328
220.08
201.01
198.411
197.914
207.609
208.054
203.085
199.048
198.347
213.169
201.675
205.153
201.106
200.063
213.451
200.702
199.282
198.7
209.638
200.958
203.172
200.471
199.391
208.383
200.084
200.7
198.941
199.389
214.093
201.401
200.369
197.537
210.45
201.037
199.869
201.665
207.659
218.482
201.942
200.786
201.625
199.713
213.732
200.251
199.433
200.616
205.206
200.702
199.937
200.242
198.879
214.574
202.42
200.185
200.131
200.002
210.877
200.687
199.203
199.57
208.345
201.318
198.408
199.346
199.874
214.3
202.526
205.365
200.137
201.999
236.589
214.555
198.793
197.32
212.05
197.545
197.869
195.984
195.809
249.692
236.261
212.068
207.026
216.125
241.109
247.041
251.557
262.253
247.176
244.88
246.895
246.507
236.914
237.411
236.236
251.93
248.978
248.79
263.457
249.936
239.292
250.254
244.155
248.516
237.244
234.04
259.657
248.402
248.58
234.435
246.775
236.598
237.739
238.438
240.814
246.012
249.103
246.227
250.798
249.319
249.105
262.152
249.196
247.169
251.395
246.973
228.177
237.774
239.253
270.718
239.771
236.866
248.148
250.296
236.014
237.692
249.024
250.687
236.349
251.226
267.169
235.827
246.623
246.938
263.153
253.238
237.711
238.484
249.091
238.871
237.466
237.885
243.837
241.121
250.075
247.882
250.684
249.794
249.966
286.062
244.883
237.575
237.057
239.319
236.543
235.56
237.681
251.064
236.396
240.598
236.679
246.829
240.637
238.865
236.953
241.761
237.876
234.465
259.422
232.176
232.795
236.759
239.771
238.433
234.288
237.756
250.195
239.111
234.706
204.642
193.189
258.211
200.513
197.523
195.398
208.031
200.484
247.144
247.51
258.918
250.309
245.287
244.897
256.347
247.863
247.953
246.717
249.821
237.971
233.805
232.154
239.385
238.509
235.565
248.154
236.963
234.229
236.648
234.848
236.506
235.435
246.021
251.224
257.879
234.593
236.115
236.117
259.611
247.919
245.955
254.412
250.957
203.165
198.428
194.663
242.185
259.813
238.536
237.674
250.931
255.162
238.968
237.864
250.741
236.27
235.021
234.593
261.363
234.844
246.35
246.385
262.988
248.676
207.215
197.521
208.211
195.483
196.201
196.244
231.195
215.21
213.407
195.298
193.568
213.334
194.597
193.063
191.914
193.926
206.233
193.674
192.669
193.049
192.496
207.84
191.77
190.624
188.739
188.628
209.592
192.274
192.613
191.58
203.52
201.075
195.075
193.176
192.663
196.398
194.997
191.965
192.05
193.197
205.153
194.604
192.067
194.144
192.101
209.178
193.512
194.48
192.022
192.278
206.266
192.807
194.998
192.291
192.555
206.161
193.563
190.975
191.097
192.834
202.36
192.829
197.553
193.614
203.536
193.147
192.631
192.161
208.155
210.485
196.94
198.955
198.193
195.744
211.014
197.786
197.585
197.829
195.064
214.159
193.121
193.237
194.411
203.093
198.519
195.341
196.034
197.331
207.74
198.228
196.386
196.217
196.087
213.512
197.674
198.594
196.826
196.344
208.423
195.112
193.129
191.484
191.842
211.229
225.03
209.42
205.077
218.586
203.427
203.337
201.131
204.894
221.068
202.14
204.46
204.449
215.1
202.217
204.136
204.563
201.241
215.574
204.082
203.022
207.003
216.74
246.673
215.039
214.162
209.779
223.309
206.464
202.627
202.239
218.06
204.408
203.259
201.489
202.651
216.973
201.972
200.079
202.843
214.394
203.208
200.02
202.971
204.031
215.707
203.244
202.844
203.773
203.496
213.214
202.674
207.833
202.624
219.121
202.657
202.979
205.62
202.496
216.615
201.385
203.091
202.849
212.387
228.709
207.975
205.508
204.192
230.845
274.294
205.435
267.136
309.403
240.535
254.975
280.162
267.673
269.111
267.557
277.906
268.513
251.543
268.225
263.466
267.801
256.729
269.329
245.38
255.509
266.547
275.747
245.184
242.212
257.064
247.707
245.768
245.25
259.439
251.606
246.203
244.859
271.329
247.88
246.767
246.688
253.469
259.404
256.568
268.619
269.729
242.227
269.561
306.437
274.156
275.928
281.388
270.177
270.767
269.533
275.804
269.98
277.147
267.692
250.146
266.667
270.621
305.759
268.143
271.142
257.164
280.711
266.191
267.516
299.584
267.397
268.432
263.077
276.353
262.538
221.29
207.563
248.362
220.53
257.631
208.671
215.188
206.096
206.275
202.7
220.481
206.664
205.161
207.556
206.656
208.98
206.487
206.082
203.88
215.269
207.224
205.637
204.033
204.812
223.335
206.623
205.83
211.967
237.387
221.687
216.204
221.461
231.91
218.383
218.86
215.301
214.439
244.26
219.188
214.987
221.397
224.806
219.161
223.877
216.786
226.099
220.777
211.03
198.914
194.093
221.017
197.682
196.635
196.793
201.557
199.419
197.103
196.063
196.752
211.829
199.077
196.779
196.173
194.91
210.849
197.898
196.789
195.258
202.364
220.013
200.988
197.597
195.519
204.831
201.988
195.416
194.574
197.324
212.592
200.214
198.475
194.83
195.452
210.741
198.653
196.701
196.322
197.08
217.436
200.595
196.372
195.742
206.196
200.352
196.596
196.768
195.372
209.671
201.296
202.289
196.939
197.792
210.262
198.506
196.669
195.311
195.299
222.78
199.806
197.979
196.752
201.484
199.981
196.482
196.651
196.511
208.648
202.346
198.612
197.736
195.902
205.019
199.001
195.242
195.456
197.618
215.077
200.154
199.134
194.584
212.471
214.196
200.479
198.519
196.539
209.196
198.933
197.026
195.531
195.98
208.575
198.964
196.027
197.113
196.662
219.582
200.54
195.301
196.882
216.728
203.041
197.754
196.384
196.53
209.721
200.583
195.626
197.097
196.716
213.043
200.437
202.51
197.738
206.151
203.893
198.807
197.481
197.918
208.323
200.524
198.554
196.138
196.048
210.8
200.01
198.12
198.503
196.518
244.505
212.158
239.665
241.596
215.677
201.321
197.372
199.249
215.533
203.448
200.014
199.349
198.317
211.76
205.775
199.89
198.447
211.24
201.589
199.502
200.158
197.38
212.786
199.864
198.817
198.453
197.906
213.454
200.017
197.939
197.758
198.504
211.62
199.614
199.497
199.879
214.974
203.145
200.853
197.278
199.482
211.773
192.082
193.183
191.539
198.575
220.757
206.378
199.536
241.176
226.821
203.364
199.61
198.254
198.206
216.158
204.006
198.996
200.182
212.967
229.475
241.806
212.074
200.279
267.169
241.867
213.581
224.747
203.316
199.385
201.064
197.869
208.5
199.259
198.416
200.465
204.936
242.069
237.459
211.018
202.056
239.01
215.159
212.299
203.008
221.707
230.491
211.49
202.032
208.796
201.651
201.602
199.24
198.33
216.251
202.293
200.234
200.389
198.095
214.242
201.013
199.818
198.459
199.454
209.497
200.384
200.324
205.377
215.508
203.8
200.238
199.082
199.352
214.781
200.173
200.807
199.584
200.138
220.636
201.532
199.941
229.897
229.076
204.467
215.181
247.189
258.091
248.118
245.08
244.345
261.636
245.792
245.054
245.695
255.75
220.044
218.936
215.604
234.508
220.172
216.117
218.408
247.433
217.318
214.868
218.423
215.741
234.612
218.401
217.764
217.539
226.24
215.175
217.525
218.263
229.247
216.649
215.189
214.685
217.026
217.048
216.709
215.278
219.316
227.45
215.112
214.327
212.633
230.372
220.198
215.81
216.673
213.762
217.635
213.592
213.782
216.279
224.553
219.449
215.187
217.532
269.551
215.24
221.565
203.738
210.486
203.539
202.851
199.376
199.888
213.499
199.683
200.26
199.215
198.991
213.225
200.949
199.072
199.232
206.895
206.221
201.449
199.774
198.913
211.957
201.009
200.503
197.822
199.093
210.134
201.314
202.124
198.628
208.613
202.374
198.287
199.074
200.502
214.351
202.243
200.309
198.307
199.59
211.783
200.652
200.167
200.606
211.634
202.528
208.176
200.245
205.965
215.764
199.903
200.305
202.007
199.021
213.619
200.776
198.019
200.585
215.221
200.76
201.331
199.844
200.709
214.882
199.824
199.465
199.653
200.239
214.32
201.208
199.409
198.133
210.895
200.681
198.607
199.656
200.826
206.203
200.729
205.054
199.878
199.83
215.073
199.473
201.139
199.773
212.041
201.665
200.58
199.789
199.898
222.284
245.932
205.441
201.441
298.029
274.6
279.361
240.914
220.194
206.625
202.619
205.314
214.691
204.123
204.375
203.794
203.249
219.236
203.586
210.991
204.005
218.708
205.894
205.582
203.965
202.377
218.113
206.874
203.9
203.503
215.423
208.635
203.665
204.302
204.188
218.723
204.087
203.085
203.244
210.869
205.084
203.343
203.496
203.975
220.633
205.231
202.901
203.623
201.963
217.114
207.373
207.382
203.896
218.848
205.626
203.828
202.344
205.31
217.806
205.29
202.908
201.338
213.758
205.755
203.134
204.971
206.52
214.531
202.086
201.956
202.441
203.323
219.699
203.034
201.123
202.484
217.62
202.688
203.145
201.977
201.451
220.812
203.882
204.465
201.959
209.641
205.866
202.616
201.622
201.959
216.826
204.411
202.895
201.133
201.19
218.982
204.234
202.42
200.904
204.899
205.076
202.958
201.984
202.988
216.612
205.244
203.307
203.202
201.319
216.345
203.453
203.566
207.573
220.783
206.05
204.808
202.819
203.46
214.634
202.005
203.218
203.975
214.123
206.303
203.935
202.528
202.257
218.034
203.393
203.039
203.493
202.396
216.858
202.387
203.683
202.992
217.651
204.673
203.488
204.242
201.972
218.504
204.453
207.878
204.633
216.413
204.372
204.274
203.586
204.36
216.495
203.96
202.571
203.914
204.59
218.129
203.808
203.225
203.743
219.449
204.427
204.396
203.927
203.767
216.393
203.129
202.607
204.406
212.396
205.542
203.256
203.325
202.522
219.666
207.276
203.861
208.627
195.46
203.196
193.019
194.67
224.647
209.83
185.608
181.755
181.448
180.366
182.314
184.694
181.541
179.209
177.557
221.391
198.197
192.883
196.177
195.224
216.823
199.574
197.515
198.002
201.084
210.868
198.946
204.381
206.738
245.746
200.751
184.805
182.637
181.298
190.931
182.371
182.254
181.239
179.629
190.838
181.684
180.92
181.298
180.816
180.933
183.536
182.273
180.835
182.296
181.043
191.34
183.023
182.039
180.789
180.025
205.768
180.816
179.557
181.057
184.902
191.203
180.08
177.398
178.495
180.01
192.672
177.304
177.961
175.275
175.215
204.176
182.218
174.649
172.739
172.185
183.792
173.529
171.331
170.938
172.119
174.299
184.471
173.233
173.061
171.978
172.176
190.428
176.113
175.688
171.872
176.985
183.95
172.901
171.665
172.206
171.665
174
178.775
172.3
173.422
172.113
172.053
182.441
174.028
173.36
172.534
171.296
172.541
183.956
171.992
170.414
171.953
172.985
194.327
3977.08
296.745
215.212
208.279
251.096
210.01
272.055
249.978
217.241
203.249
199.888
201.775
200.826
220.741
205.19
199.47
199.65
217.458
199.974
198.796
196.802
197.217
210.071
199.848
198.79
199.402
197.091
201.193
197.37
198.939
203.256
207.223
199.56
199.463
197.686
197.678
210.319
200.235
203.92
199.025
198.772
213.004
198.667
197.641
200.342
211.536
202.775
206.146
202.2
258.36
225.752
233.586
223.354
223.836
242.554
222.27
223.875
223.935
233.635
202.601
194.828
193.138
193.041
207.602
193.16
192.341
191.383
206.262
192.845
197.614
195.095
191.623
206.928
196.876
191.217
191.533
192.483
206.173
194.293
240.004
192.137
252.215
216.805
197.35
193.884
193.722
203.847
193.196
194.64
191.984
192.634
217.377
194.487
193.1
193.575
194.76
209.292
193.542
192.73
191.854
196.606
196.999
197.589
196.022
195.677
205.875
197.014
194.35
195.436
194.639
205.804
195.026
194.564
195.402
195.132
210.11
220.375
230.153
232.463
227.473
209.812
208.649
207.259
253.592
211.666
208.756
213.056
198.741
214.216
197.632
196.195
198.745
196.498
206.721
197.704
194.661
195.323
194.261
211.407
192.044
192.339
192.841
204.559
220.841
199.598
194.083
190.878
215.476
197.074
195.349
196.352
194.166
208.185
194.949
193.972
193.31
193.522
224.616
234.072
207.662
203.634
223.944
209.086
225.083
206.411
224.107
237.375
256.729
224.846
228.338
250.117
246.765
224.091
225.852
214.964
207.784
206.651
206.714
241.738
223.539
204.435
205.034
221.307
239.56
246.981
222.032
218.734
239.349
251.567
230.132
210.366
240.726
223.058
227.486
215.553
231.142
214.276
221.076
223.878
244.502
224.582
224.138
223.667
242.283
226.341
225.391
225.954
243.066
227.094
224.947
224.057
232.369
232.751
226.53
226.726
224.799
230.82
226.14
228.665
224.511
237.38
228.062
228.457
228.483
247.656
255.945
272.08
235.103
224.068
224.373
219.404
217.577
229.764
215.819
214.056
214.92
235.688
217.931
220.133
215.592
234.64
222.149
216.323
216.435
216.729
225.096
212.109
211.13
210.432
314.739
326.46
223.792
232.067
221.973
220.793
228.053
222.456
236.246
221.27
221.322
221.024
236.461
221.539
221.505
220.644
238.519
220.832
223.458
220.301
239.661
236.712
224.63
222.812
235.159
222.621
220.11
220.556
235.858
225.773
219.91
221.512
220.412
229.721
222.643
221.419
221.106
255.306
245.024
228.312
225.353
237.205
223.452
220.565
255.318
250.244
201.143
198.645
194.994
193.763
198.985
199.599
199.3
201.996
211.025
201.936
198.374
197.743
196.245
220.703
199.905
201.06
199.664
196.528
202.974
191.724
192.91
192.542
211.587
219.28
201.704
199.349
197.785
214.146
199.371
198.026
197.734
198.471
211.965
200.402
197.915
194.852
207.554
194.701
191.484
192.612
192.288
213.081
197.547
193.635
194.35
196.582
213.915
196.389
194.474
195.978
194.694
213.481
193.186
199.536
197.187
208.498
193.83
191.109
192.378
188.408
209.103
199.306
195.807
196.608
197.4
215.355
200.796
194.862
196.979
194.315
215.312
198.992
197.31
198.534
216.829
279.529
232.879
218.194
235.096
227.921
223.235
222.961
239.169
224.03
227.229
223.009
220.664
241.208
223.397
222.134
220.378
223.432
217.067
220.077
219.843
236.627
225.385
221.468
221.177
236.285
227.838
223.154
222.865
240.914
221.645
227.432
225.056
224.943
241.425
225.615
224.874
225.472
224.743
219.128
217.458
222.444
233.769
224.348
222.901
221.897
224.075
224.06
221.371
221.34
221.063
236.298
220.831
221.605
221.719
231.643
221.223
217.21
218.37
236.495
224.836
222.949
224.098
231.273
224.732
222.229
221.993
221.171
225.144
382.315
227.046
236.121
225.064
219.962
220.371
240.112
220.612
223.66
265.325
242.856
231.144
225.464
226.125
242.967
229.764
229.713
229.397
239.638
230.877
221.658
221.599
223.298
244.438
359.196
249.945
338.538
245.1
294.177
272.059
230.432
253.17
244.372
216.102
216.994
197.377
193.745
192.983
217.534
197.437
198.636
195.857
197.124
216.82
196.631
196.41
196.746
209.314
202.39
196.582
197.491
194.552
213.791
197.935
196.135
196.15
198.36
213.134
198.43
196.296
197.708
208.211
201.553
197.354
200.157
203.172
221.013
198.01
195.232
208.878
258.601
218.774
214.179
222.875
221.822
237.425
223.212
219.31
221.531
236.399
229.943
218.69
221.656
229.554
217.894
213.776
224.236
225.214
225.776
213.83
215.379
213.394
228.682
214.45
215.955
213.165
238.252
211.409
209.881
205.56
209.373
222.572
209.824
208.23
211.23
222.522
210.797
208.633
209.397
206.358
222.191
208.12
210.682
208.477
226.462
210.375
210.066
208.016
209.846
214.282
212.925
207.866
209.563
219.311
211.388
209.8
208.254
225.834
213.46
209.352
210.109
215.015
215.054
208.672
209.948
207.431
217.951
210.114
210.095
208.898
215.226
242.127
260.807
238.796
252.784
254.827
261.99
223.289
220.369
231.371
219.547
217.528
222.214
250.356
242.143
228.929
221.357
228.408
226.372
242.929
232.563
238.64
228.541
226.423
230.838
243.372
236.361
229.92
231.933
227.869
235.855
234.714
238.669
234.488
221.476
220.633
222.371
231.042
220.595
215.921
219.416
223.921
235.092
220.025
222.901
226.474
237.09
222.938
222.46
228.045
233.554
219.277
223.87
220.866
236.362
220.699
227.487
224.99
224.159
239.713
227.209
220.622
201.357
205.879
192.044
191.189
191.055
190.12
211.768
191.658
224.718
209.502
195.316
183.422
183.624
181.202
183.099
187.707
183.878
178.022
184.989
178.781
181.181
196.261
182.117
179.179
181.822
178.742
202.014
180.572
181.602
177.358
184.636
194.798
183.208
178.371
181.184
177.529
220.598
206.794
206.697
205.34
219.756
203.303
206.955
202.928
206.442
211.352
208.405
202.272
204.91
222.978
211.773
205.96
207.067
205.339
224.282
206.06
206.27
202.681
216.181
205.168
206.628
204.733
208.469
218.166
207.487
204.796
206.047
216.89
207.747
202.801
209.548
203.382
219.286
204.543
205.588
204.958
221.086
210.08
233.62
233.242
225.96
214.662
199.988
197.521
308.535
242.721
217.043
213.144
211.286
223.286
213.036
209.966
211.736
227.572
220.796
218.803
205.259
203.695
221.449
204.982
203.114
201.906
211.5
203.575
203.184
202.394
203.99
211.698
203.097
199.626
202.414
210.736
219.896
202.85
201.691
199.475
211.903
201.18
195.502
192.083
193.336
275.608
221.139
215.661
231.051
263.49
337.331
187.386
185.951
205.774
189
185.653
187.215
186.157
203.172
186.27
187.653
186.36
206.808
189.566
187.865
185.434
193.846
199.262
188.495
187.208
186.898
184.67
198.768
188.09
188.555
186.348
186.592
201.993
188.271
184.919
185.295
185.581
240.535
215.523
195.193
191.126
192.121
204.264
189.413
190.624
191.202
278.134
197.765
191.887
191.463
189.675
204.238
193.972
192.689
190.661
189.583
206.703
192.759
188.733
190.801
191.278
202.076
190.51
188.929
187.387
190.982
201.16
188.322
188.943
191.285
189.599
193.744
189.361
189.271
189.264
202.095
191.991
191.27
193.98
190.171
201.211
192.596
191.085
195.209
190.92
202.213
191.544
191.563
190.083
190.652
203.885
189.274
189.848
191.703
187.887
206.638
191.186
190.406
190.36
190.41
203.628
191.308
190.417
191.069
191.778
203.797
191.066
190.492
189.553
191.417
195.026
190.424
189.061
191.433
206.811
197.972
236.323
198.407
189.953
206.32
192.486
190.032
190.149
190.369
200.87
193.325
198.859
188.326
193.1
206.069
188.93
190.34
188.642
201.875
190.204
187.984
299.37
203.665
217.569
200.665
200.382
203.334
215.659
200.777
199.004
203.055
199.018
212.341
198.441
198.618
198.54
197.521
216.506
199.413
197.044
198.911
209.368
201.187
197.752
197.502
197.285
213.475
198.932
197.226
197.229
201.631
214.758
198.54
197.46
197.668
211.463
200.369
197.009
199.938
196.479
209.054
203.285
199.505
197.294
196.806
215.977
200.867
198.174
198.558
209.337
199.686
197.7
196.928
196.877
213.004
197.484
195.229
324.075
222.778
200.005
198.484
198.805
199.179
212.077
199.338
200.402
198.447
210.763
201.524
198.72
198.366
198.286
215.814
199.854
198.833
197.95
198.881
214.865
200.744
198.634
198.384
210.384
201.495
198.314
198.729
197.791
212.567
197.625
198.646
198.889
198.853
212.279
198.551
197.719
200.372
209.936
216.829
203.548
207.677
193.815
215.006
192.095
190.935
194.851
190.483
202.052
191.221
189.605
190.644
189.739
203.901
192.092
188.72
189.721
190.497
204.381
189.949
190.119
191.262
189.538
202.925
189.98
190.272
188.726
190.754
193.579
193.027
189.328
188.874
204.065
191.349
190.778
189.455
214.164
238.631
195.305
190.029
189.725
190.041
203.103
189.512
187.096
190.46
188.419
202.594
187.767
193.641
189.689
189.788
203.238
191.52
188.559
188.093
187.704
206.524
189.407
189.076
187.149
190.327
201.342
211.867
221.233
198.48
196.453
196.682
196.145
196.261
193.179
207.335
194.03
192.446
191.473
192.242
206.841
195.456
190.946
193.815
192.97
206.974
193.168
191.898
192.071
195.31
216.56
198.808
195.646
195.764
204.02
197.773
195.574
196.753
193.947
217.295
196.411
197.127
193.17
200.582
213.649
198.037
193.445
195.577
209.431
203.084
195.43
199.195
198.05
208.23
194.336
195.088
193.95
194.995
218.253
233.024
210.281
221.238
219.196
208.289
206.483
208.582
206.12
228.475
208.65
209.789
204.913
219.884
208.652
207.608
210.463
207.247
218.5
210.378
205.372
207.991
218.029
209.774
201.342
201.88
199.978
223.178
208.038
243.118
241.546
257.284
240.115
241.843
238.577
259.339
230.983
222.885
219.216
210.848
206.377
206.657
204.102
222.948
207.032
207.464
205.462
212.773
226.404
208.362
204.761
209.342
217.997
208.569
205.425
208.097
207.076
222.157
206.157
209.267
205.244
221.567
207.935
209.646
206.039
206.622
220.937
242.493
226.14
210.737
217.663
249.75
200.111
191.296
198.955
193.458
189.955
190.849
193.281
201.561
189.495
190.331
190.256
191.24
208.352
191.226
188.707
190.542
188.166
201.916
187.86
191.048
187.691
189.329
201.057
190.009
188.783
189.907
189.339
208.606
189.375
189.192
189.585
189.482
199.143
189.038
186.32
190.806
188.767
213.555
188.729
189.203
188.252
198.374
189.202
190.611
188.188
188.814
200.827
193.081
188.857
187.991
188.031
210.214
191.189
188.865
187.769
189.977
195.126
190.084
188.903
191.116
189.483
207.533
188.876
186.952
186.553
187.052
204.332
193.78
191.029
190.598
188.566
204.988
191.173
189.041
187.462
190.557
201.375
188.81
242.425
199.023
204.9
192.71
189.35
191.477
188.778
210.109
192.286
192.731
189.355
190.334
195.493
191.399
214.4
190.707
185.571
204.372
187.992
188.015
185.684
192.718
205.827
188.884
187.11
188.626
184.275
208.843
188.299
190.982
186.719
185.94
202.47
187.1
183.86
185.259
182.991
209.779
188.425
190.06
188.808
188.07
192.128
190.25
188.102
191.925
200.496
204.851
186.684
188.437
186.614
201.168
194.608
194.335
190.367
191.531
201.489
192.262
190.999
191.113
190.668
205.77
188.138
188.153
188.145
188.64
204.803
191.63
189.248
192.606
189.923
209.435
190.562
191.891
188.957
191.167
204.409
293.312
216.991
210.57
196.116
177.385
175.73
182.296
176.416
195.754
181.35
181.088
178.701
180.687
197.422
182.917
178.805
182.676
180.381
195.984
181.558
181.138
178.457
180.512
194.154
184.766
182.193
180.687
178.845
189.933
179.221
179.539
176.719
179.881
175.981
196.178
178.471
179.028
181.562
199.418
207.87
185.505
181.329
180.044
180.541
203.343
180.353
182.48
179.281
189.955
196.254
182.995
180.642
181.494
179.613
194.192
181.009
183.849
180.246
181.238
196.53
181.614
180.245
181.912
179.033
195.483
180.311
180.924
181.464
187.68
204.148
182.598
177.538
180.056
178.781
185.755
179.91
180.054
178.048
180.666
188.01
182.269
177.999
179.414
177.836
178.606
262.067
191.834
183.183
186.88
207.737
206.55
192.017
192.62
189.872
207.104
191.776
191.709
189.249
191.544
216.505
192.745
189.934
189.974
190.138
204.791
189.66
191.73
189.833
188.969
208.443
193.621
188.632
193.037
189.257
201.786
197.624
201.537
197.923
218.713
206.045
202.971
189.557
192.136
199.037
193.545
191.769
190.563
190.475
214.744
191.378
198.819
192.063
190.064
204.019
192.832
189.74
192.285
190.366
203.452
191.502
192.674
189.105
191.144
200.176
193.916
190.677
192.885
191.92
206.974
192.18
190.842
190.075
192.715
203.095
192.365
190.824
191.739
200.044
192.44
194.328
202.395
196.659
204.424
198.003
223.343
216.733
217.526
233.714
216.706
214.482
213.353
227.346
215.59
212.111
211.357
221.226
215.91
212.324
213.719
213.728
219.569
213.014
210.931
210.931
229.81
212.74
212.447
211.186
213.545
227.753
213.584
211.476
217.861
228.896
214.003
211.614
213.436
228.907
244.105
220.305
229.271
232.823
233.942
219.647
217.283
214.574
229.401
214.48
216.88
213.93
240.068
216.342
217.01
213.084
224.415
264.606
223.801
193.003
192.106
240.321
222.156
216.06
215.888
241.371
205.268
194.196
193.073
204.077
195.392
191.099
192.897
189.228
208.805
193.796
203.563
225.999
215.814
223.734
232.266
231.386
220.516
228.288
215.446
212.453
215.556
225.417
219.419
215.4
218.34
211.954
230.366
213.686
213.481
212.264
232.27
211.905
219.954
217.19
229.678
219.457
216.959
216.583
217.518
221.202
220.025
215.72
217.648
231.352
219.139
217.801
216.098
228.616
216.778
212.245
215.617
230.01
221
215.671
218.04
216.746
234.273
213.568
216.839
212.478
233.581
220.335
215.247
212.595
230.282
216.218
215.473
212.596
213.983
227.249
220.055
214.667
220.155
228.489
218.396
217.106
215.973
227.68
219.043
216.422
215.637
213.043
229.01
219.701
219.638
212.432
229.536
214.694
217.04
216.91
228.983
212.592
225.331
214.396
229.267
214.544
214.45
218.04
218.768
229.977
219.259
215.219
218.454
226.157
220.603
214.044
218.851
225.929
219.824
216.402
216.904
217.922
234.561
217.773
216.927
216.844
227.245
217.181
216.6
218.39
226.61
233.729
235.242
237.107
236.142
235.119
220.326
232.282
233.277
220.633
217.442
213.511
214.56
235.824
214.892
213.646
216.856
230.39
216.011
214.554
216.182
224.453
216.662
214.071
215.395
212.783
235.828
216.745
215.8
213.548
228.637
215.52
215.834
212.783
234.097
217.211
215.151
212.53
215.386
229.429
237.544
218.814
215.41
238.895
246.837
233.33
230.45
237.475
233.101
231.516
246.545
215.989
230.501
231.03
236.539
231.238
231.953
230.754
250.217
213.761
213.084
210.461
233.831
235.157
234.522
236.285
249.6
230.211
230.661
232.696
243.658
238.564
234.263
245.305
235.375
233.572
246.005
230.026
234.186
233.715
237.538
259.133
246.337
237.082
251.966
237.831
236.008
232.518
258.968
232.766
237.287
221.067
244.893
236.164
235.777
236.826
253.981
236.305
235.861
247.744
235.974
245.445
235.99
266.453
234.871
233.612
250.487
251.234
239.652
239.817
251.649
224.378
218.842
210.589
213.554
213.657
213.826
210.46
211.631
225.928
212.776
208.915
210.085
218.38
214.536
208.024
209.908
217.814
227.411
209.938
209.222
216.255
222.961
211.154
225.699
232.068
250.183
217.545
210.439
214.732
214.437
229.181
204.786
201.488
204.351
212.591
204.69
201.251
201.899
201.571
217.681
203.162
204.756
199.84
203.315
211.858
203.093
201.141
206.567
218.123
204.194
201.226
201.802
202.879
213.691
201.809
202.3
201.448
218.366
203.022
202.303
201.408
202.113
216.522
201.698
201.999
214.224
215.605
305.448
222.513
205.397
212.002
206.468
202.164
202.935
201.828
211.737
201.755
202.724
203.81
202.314
215.804
204.035
199.934
201.95
214.003
205.815
201.114
201.196
200.839
216.867
203.225
202.773
201.249
202.895
216.418
201.557
200.937
202.754
212.522
202.033
203.475
204.318
202.979
219.59
204.435
204.594
203.355
201.681
220.228
209.151
203.436
204.589
218.631
206.684
202.741
202.525
202.465
214.123
201.044
199.917
202.176
213.522
202.531
201.534
201.584
204.038
216.299
203.25
201.725
204.027
203.085
225.559
206.05
205.889
203.59
239.098
209.852
209.414
193.464
192.227
207.599
194.908
191.055
190.344
191.93
202.365
190.338
192.492
192.359
191.406
197.524
192.943
190.666
193.686
203.235
194.757
192.35
191.68
190.55
202.891
193.698
193.722
191.177
191.954
201.655
194.688
191.247
191.601
189.624
203.731
219.319
223.533
228.414
219.298
211.574
191.977
217.03
199.406
205.81
196.111
195.7
196.896
195.951
214.955
201.358
199.13
193.739
212.204
197.221
196.362
193.969
198.174
206.971
199.413
194.654
197.714
197.231
211.066
194.096
198.119
196.335
196.649
213.983
197.695
196.295
197.442
206.056
196.488
194.416
198.868
194.447
213.589
197.294
196.792
195.995
197.085
208.703
200.579
193.411
196.204
214.274
198.751
186.323
187.765
185.673
198.845
188.182
186.544
185.094
188.75
200.829
189.481
185.428
196.348
187.729
190.933
190.868
188.101
185.542
185.776
198.367
193.706
185.803
186.243
187.138
195.867
188.114
187.503
183.607
186.878
187.924
189.238
186.066
186.925
183.659
199.77
189.267
186.703
183.483
185.802
200.327
191.533
186.02
184.979
187.887
202.721
204.225
195.858
194.23
191.731
212.609
199.4
197.505
195.596
193.085
213
195.883
198.895
194.829
210.22
201.024
199.237
201.978
198.673
208.538
189.355
189.367
187.657
186.344
210.52
195.456
196.326
197.692
195.022
198.952
201.32
197.388
200.416
197.722
202.917
198.622
200.089
198.971
208.856
192.173
190.482
188.67
190.07
213.054
202.006
199.743
198.669
198.046
213.405
196.982
196.793
197.782
214.711
199.502
197.286
193.184
197.3
210.17
198.437
195.978
196.583
198.162
209.268
197.689
198.287
194.378
196.493
209.238
196.005
194.456
195.62
209.447
202.371
195.901
196.326
195.961
213.128
197.434
196.593
194.751
196.278
211.542
197.254
196.295
196.188
193.5
212.85
196.923
197.274
194.643
205.017
198.872
201.986
196.591
194.688
210.675
201.029
195.797
196.663
196.05
210.236
194.2
198.39
194.889
197.039
209.091
196.741
196.552
195.437
196.85
196.562
196.38
198.279
193.407
211.627
196.586
197.644
195.789
196.72
208.387
198.456
195.256
196.27
199.791
213.024
195.015
196.699
195.132
207.436
197.252
194.871
195.091
197.235
211.984
197.221
194.917
197.591
196.322
210.279
198.292
195.615
196.124
196.805
210.41
198.577
195.099
196.66
206.597
200.276
195.015
196.02
196.162
212.826
197.361
200.78
196.143
199.157
208.838
197.559
196.479
196.883
195.707
210.417
195.436
196.625
195.616
208.934
198.02
198.661
193.601
194.895
207.106
198.971
194.932
197.345
194.851
215.058
197.511
197.269
195.756
196.462
208.204
196.956
197.043
197.615
215.626
202.156
197.868
197.875
196.004
206.02
196.877
199.031
194.761
196.927
211.356
200.332
195.804
197.13
209.067
201.021
196.366
197.668
196.445
209.365
194.772
197.714
196.543
198.742
207.994
197.187
196.228
197.1
196.355
209.701
195.042
203.753
197.013
207.072
198.767
196.225
195.503
197.962
209.972
199.199
195.596
197.377
196.612
209.735
196.218
195.096
198.342
211.429
229.1
209.532
196.071
194.454
207.607
196.008
192.536
194.082
193.154
204.502
226.854
205.421
192.465
208.084
213.344
237.335
225.901
205.1
227.202
206.702
202.811
201.738
206.284
208.726
202.917
202.955
202.339
215.761
203.337
202.48
200.549
215.628
203.166
201.99
201.557
202.01
221.488
203.957
203.229
202.493
200.083
218.651
200.784
204.505
201.094
216.147
204.484
204.809
202.3
201.364
213.208
204.206
201.803
202.737
201.087
205.963
201.963
226.488
205.09
217.391
201.311
200.543
201.648
203.768
218.496
202.951
202.417
204.492
220.968
204.589
202.69
204.562
201.054
214.086
202.434
203.912
205.812
215.355
202.35
204.896
203.262
202.517
218.474
204.481
200.258
203.104
202.79
210.236
202.217
202.317
229.795
227.235
203.063
204.746
203.4
206.113
217.897
213.624
208.399
214.655
231.176
214.047
217.28
216.008
230.453
217.508
215.118
220.279
214.153
218.868
214.524
218.444
216.964
229.735
219.653
216.171
215.514
235.356
209.762
210.912
220.144
239.002
226.324
214.351
210.878
209.783
241.073
506.677
222.621
218.551
197.241
194.794
191.326
193.802
205.047
195.339
192.916
194.429
214.276
189.325
182.594
180.792
179.296
181.579
208.773
214.097
196.561
193.084
193.958
184.294
178.995
179.917
177.512
178.469
193.825
179.439
175.524
177.685
178.463
191.106
178.66
178.296
177.758
178.492
191.153
178.406
178.297
191.647
178.321
209.872
181.945
180.937
178.069
178.477
192.922
182.243
178.426
179.134
178.728
199.827
218.588
232.66
229.438
242.977
200.579
194.365
189.342
195.877
217.388
192.246
204.992
210.016
205.271
209.381
205.558
205.31
203.006
218.727
206.857
205.659
219.623
201.538
201.404
198.751
196.569
214.387
225.448
196.689
170.82
169.886
167.075
182.073
170.383
170.267
168.709
169.22
166.049
183.35
165.19
164.378
163.039
162.548
193.569
189.076
181.13
180.745
180.135
194.969
181.902
179.787
179.071
185.803
191.732
183.855
180.122
180.452
178.507
181.58
195.166
182.54
178.395
180.089
178.459
197.345
179.58
181.564
179.245
180.814
200.964
182.766
181.26
181.94
180.175
191.984
180.992
182.158
181.592
180.231
190.161
181.993
179.773
180.916
183.634
195.984
182.053
181.601
180.817
180.568
192.709
183.756
178.942
182.324
179.413
194.805
185.728
181.765
178.037
179.615
179.121
197.679
180.961
181.19
180.879
181.956
204.251
182.68
181.692
182.55
179.022
270.691
191.523
181.605
180.766
196.718
182.898
182.955
180.609
180.432
195.129
187.286
180.308
182.107
179.636
182.036
184.364
183.126
179.178
181.304
179.826
199.265
181.277
183.328
178.942
180.571
196.579
183.403
182.559
181.878
180.335
200.278
182.527
181.559
181.328
180.84
195.312
185.889
182.91
181.858
178.31
194.047
183.243
183.275
179.594
181.906
197.996
185.509
181
184.109
181.054
196.137
181.912
184.475
180.745
183.052
196.152
184.799
183.557
183.406
179.081
193.112
182.336
182.526
180.87
182.029
194.767
191.024
183.3
183.162
181.434
196.017
185.104
182.744
182.941
180.679
177.999
191.743
178.107
182.162
179.512
179.44
198.748
278.14
190.77
183.707
185.896
181.785
178.176
181.16
178.795
193.173
180.627
180.112
179.756
180.921
178.591
194.376
185.277
181.923
178.796
180.004
201.054
182.276
179.524
179.56
180.87
193.662
179.405
180.772
179.389
182.933
191.629
182.233
179.517
181.045
178.513
197.034
182.583
184.128
181.046
180.294
204.449
183.375
179.022
180.03
178.819
192.702
181.184
184.398
181.434
180.9
186.681
184.392
181.25
182.05
177.885
187.863
179.864
182.267
179.639
181.31
179.73
193.05
181.241
181.695
182.857
182.559
194.744
183.944
180.509
183.27
180.652
211.887
209.668
193.208
183.603
194.012
218.598
181.951
179.884
174.871
174.179
191.286
174.329
204.479
212.318
203.472
191.371
205.504
196.157
195.759
210.266
199.425
195.665
197.011
194.567
211.238
194.593
197.279
193.68
194.322
209.702
198.08
194.935
194.657
204.872
197.786
194.931
194.697
192.497
216.654
194.354
193.742
194.395
198.062
235.985
233.651
198.941
219.343
248.64
210.613
208.164
209.679
206.958
224.74
206.284
208.961
205.921
225.479
214.731
239.656
260.663
267.894
259.94
261.491
256.702
276.873
261.625
261.602
271.283
261.395
262.772
272.135
271.824
256.625
256.733
257.759
265.772
259.47
275.698
267.41
256.175
257.641
248.723
262.023
211.462
202.577
201.515
217.172
203.224
202.329
203.179
204.03
217.708
206.452
202.263
203.478
205.267
207.558
206.206
202.199
200.95
227.111
204.252
205.015
200.207
200.993
214.849
204.267
202.513
202.128
213.487
207.232
201.453
201.717
203.926
216.422
204.244
203.989
200.575
204.923
217.778
202.56
203.128
203.294
213.861
209.027
204.105
205.037
202.447
217.587
203.729
202.717
208.91
203.413
217.388
204.603
201.441
202.2
219.737
205.445
202.895
203.255
199.661
214.2
201.729
205.558
203.509
212.793
202.808
204.778
202.284
204.625
214.308
205.963
202.588
203.59
202.42
225.187
217.742
197.21
190.208
216.268
193.336
200.966
192.574
190.707
203.94
192.816
189.708
198.587
209.448
204.256
218.411
205.957
199.719
206.856
202.394
200.621
200.558
201.01
205.06
201.642
199.044
201.948
199.271
212.709
228.653
209.726
199.748
205.085
187.927
205.845
185.274
187.433
205.916
187.256
186.908
186.964
184.587
200.922
186.398
185.105
187.726
185.334
197
188.05
185.328
185.71
185.141
191.79
186.188
186.203
185.992
185.798
199.386
187.126
182.808
186.269
186.296
203.376
188.592
186.023
185.178
187.217
200.908
190.855
188.32
187.088
185.186
205.833
187.406
187.87
187.946
186.784
196.833
188.071
227.829
198.596
207.499
194.179
191.839
192.003
193.105
197.129
194.984
191.891
190.743
194.907
208.918
192.457
193.336
191.613
189.998
207.339
191.799
192.342
196.163
194.474
203.105
191.252
253.535
233.393
220.268
200.331
196.863
200.13
198.604
214.707
200.478
197.273
197.795
196.638
231.569
198.872
197.356
195.652
201.989
197.787
200.14
196.962
194.006
206.131
198.156
198.078
196.037
195.655
207.495
204.316
193.73
197.811
197.039
203.595
197.674
195.88
196.32
197.08
209.213
200.595
197.968
199.142
195.359
191.954
187.321
187.536
186.521
186.727
209.444
203.545
199.293
217.54
219.601
204.296
202.476
221.385
195.155
203.119
176.185
172.455
177.224
175.47
183.633
173.812
172.715
171.988
171.648
183.531
172.507
173.451
172.187
172.311
171.187
184.702
172.55
173.72
171.219
172.237
194.896
175.949
171.66
173.409
173.275
182.448
173.76
175.131
170.374
172.9
173.563
187.032
170.949
180.108
171.835
173.337
186.476
173.257
173.008
173.62
169.652
186.731
173.766
172.412
171.88
174.009
170.38
188.207
172.292
173.947
171.712
173.218
183.207
173.766
172.199
172.55
171.089
189.699
175.67
174.719
171.179
173.218
172.295
186.709
177.064
173.564
172.392
173.693
184.62
174.034
171.832
173.281
172.756
188.526
174.046
174.238
172.539
173.789
172.8
184.112
171.935
173.134
171.624
193.126
228.237
180.687
174.07
176.217
172.854
187.443
174.996
174.214
171.91
173.561
183.038
181.471
174.782
174.06
172.151
173.533
188.981
176.281
173.131
172.24
171.577
189.612
174.174
173.396
178.27
201.397
238.113
195.59
190.164
190.703
192.164
202.91
234.294
232.529
233.284
249.906
225.437
236.558
236.273
249.94
233.752
235.894
211.704
253.957
204.348
193.942
191.937
191.842
219.737
234.122
231.32
207.343
219.088
207.66
206.026
206.847
204.119
217.738
205.866
205.924
205.094
217.872
205.936
207.746
203.539
206.198
219.425
192.642
188.766
207.674
205.859
208.685
206.153
210.113
206.882
216.182
215.392
194.106
190.306
191.055
201.896
189.993
188.606
189.031
195.067
208.478
189.958
191.289
189.889
190.407
203.41
190.495
187.172
190.39
189.732
193.569
189.144
190.499
189.049
199.286
189.789
190.44
189.13
188.89
203.74
193.475
189.352
189.554
189.204
205.027
192.122
191.653
187.789
190.678
203.653
190.778
190.11
190.758
190.309
204.492
191.372
190.377
189.502
191.181
206.775
197.608
203.018
192.801
191.89
204.746
190.132
189.487
202.239
192.933
206.127
197.164
190.147
189.004
189.897
192.472
189.09
192.555
189.5
199.467
190.952
191.019
189.585
190.534
198.74
191.484
190.684
189.815
189.431
201.703
190.136
237.321
214.524
194.854
203.92
196.301
191.424
194.752
194.268
206.995
194.941
195.946
199.832
204.622
196.717
194.192
193.149
194.566
207.302
198.061
194.412
194.229
193.278
210.643
194.277
195.395
196.755
195.481
207.125
196.345
194.539
195.174
195.014
206.563
195.051
196.849
193.827
195.171
210.061
196.401
193.108
195.014
205.79
202.398
195.225
194.93
192.728
211.657
195.041
194.942
195.131
194.723
207.504
196.802
194.851
195.539
193.805
197.517
194.222
196.521
193.096
195.619
209.233
194.395
193.725
195.753
206.954
199.777
195.72
194.978
192.803
200.924
194.601
194.085
200.003
194.835
206.196
195.489
192.701
330.256
210.329
196.464
193.735
197.925
194.409
210.012
195.757
194.871
192.418
194.89
208.338
194.905
194.49
195.341
194.376
212.187
194.858
194.841
195.358
208.157
197.56
196.547
193.705
195.24
206.566
200.876
195.116
195.359
193.276
205.887
193.744
193.697
192.689
193.868
211.714
207.372
239.416
211.776
208.802
214.782
207.669
200.736
201.809
204.452
187.597
190.474
185.499
188.094
201.866
187.44
187.485
188.582
186.814
211.142
186.966
188.194
192.739
187.991
202.558
189.034
187.861
189.154
187.005
193.863
185.928
187.188
187.624
187.749
190.296
189.103
186.804
188.008
199.882
188.891
186.122
186.441
218.907
227.612
183.475
179.932
179.373
182.2
190.936
184.745
191.587
183.653
179.785
199.948
182.859
182.892
179.609
180.642
183.199
183.089
181.503
181.766
179.283
181.283
182.903
183.631
179.686
181.728
181.193
198.008
181.237
182.574
180.312
181.923
204.459
183.273
180.065
183.626
180.661
196.323
181.118
183.467
181.825
182.273
198.47
183.685
182.162
181.812
180.468
192.958
181.448
191.499
181.067
182.717
193.732
184.393
181.804
181.253
180.609
195.112
180.806
181.06
179.851
182.39
202.82
185.19
181.753
182.347
179.529
197.93
182.267
181.19
180.201
181.969
188.068
188.081
181.828
183.165
178.988
192.67
181.786
182.277
178.561
180.475
184.649
242.081
206.922
203.073
201.34
214.344
234.846
214.095
203.762
214.433
229.98
222.702
223.239
228.258
226.768
215.223
211.497
212.903
230.176
215.801
212.267
214.688
231.833
215.28
210.967
210.874
221.295
215.96
211.456
213.758
211.349
225.588
209.752
211.28
211.756
227.746
211.842
213.777
211.006
212.3
224.598
212.128
211.115
211.94
229.458
213.119
211.286
212.991
224.963
215.095
213.565
212.772
211.89
231.292
213.003
213.932
210.344
228.964
213.364
210.581
223.33
319.66
227.718
238.163
215.603
221.405
278.507
209.702
200.164
245.491
233.649
231.873
231.994
240.258
234.492
230.241
230.081
245.646
235.133
234.781
243.776
254.561
255.092
250.618
209.893
214.792
201.815
200.588
201.388
203.573
215.219
204.098
201.385
198.581
204.272
212.807
200.459
205.265
225.338
264.138
214.567
213.166
209.097
224.907
208.164
207.828
207.724
208.499
225.548
209.635
208.529
209.63
233.541
212.746
209.865
213.026
207.71
213.657
211.403
208.506
206.848
226.036
209.761
211.984
211.135
222.086
243.614
243.747
239.683
245.01
238.067
239.78
238.604
232.302
210.923
211.156
211.276
210.996
224.867
214.243
210.66
210.733
229.931
214.046
210.023
212.513
225.54
213.936
212.505
239.427
243.312
258.019
222.618
214.372
212.466
221.16
213.705
215.165
213.945
228.192
213.238
209.889
207.533
210.968
211.422
208.669
211.163
209.965
222.26
211.891
208.976
208.733
223.036
210.287
208.552
211.163
208.375
229.434
213.061
209.641
208.471
221.578
209.114
211.25
209.509
208.444
219.77
211.192
210.004
208.429
226.561
213.771
209.036
211.844
208.937
225.021
210.217
218.41
212.826
224.51
209.274
212.321
209.908
222.291
210.007
210.58
210.598
210.276
228.412
211.55
208.426
210.309
224.99
211.92
212.519
210.432
207.845
224.659
215.413
210.682
214.7
225.813
209.719
212.773
222.841
225.645
202.328
199.258
198.224
199.757
213.471
199.414
200.349
198.665
196.861
212.563
196.924
198.532
197.862
206.837
197.94
195.758
198.466
197.074
209.509
196.007
195.925
196.61
194.596
207.994
198.478
195.591
194.932
196.921
200.404
198.266
195.704
195.929
209.666
197.128
196.525
195.447
197.537
213.444
197.117
199.116
195.998
197.943
211.871
198.638
200.235
201.219
214.193
200.527
199.549
195.932
196.842
212.196
198.928
196.389
199.466
197.375
211.444
200.307
195.541
199.789
211.521
201.645
199.477
197.609
197.248
211.447
201.228
198.684
195.894
199.998
212.697
198.231
198.268
194.525
239.807
213.647
201.214
199.69
197.98
213.13
198.581
199.425
197.908
198.893
203.536
200.272
197.818
198.685
211.118
199.595
198.397
198.086
198.342
207.726
197.992
200.303
198.215
199.433
208.087
199.169
199.012
197.565
214.321
199.015
199.289
200.453
203.208
208.041
200.736
199.677
197.823
211.707
197.428
223.224
209.75
210.594
243.883
199.546
192.737
193.539
206.27
197.925
191.603
191.691
193.221
204.222
193.973
193.308
191.862
193.703
205.907
194.876
193.793
193.628
191.989
221.356
193.918
197.579
194.009
191.55
199.303
194.334
190.518
192.433
203.276
194.804
191.721
191.994
190.739
219.874
228.803
198.874
201.692
187.21
210.744
185.623
188.526
186.36
182.847
196.523
183.612
185.285
184.57
195.091
186.321
184.689
182.854
184.87
208.899
206.382
190.906
189.332
188.975
206.268
191.36
188.958
188.68
188.951
200.608
189.254
189.837
188.661
185.88
211.871
189.055
188.686
188.382
186.806
202.142
190.09
186.774
189.341
188.316
206.559
189.003
188.719
188.758
188.22
201.984
194.166
189.171
189.747
187.457
204.153
189.255
188.412
186.839
189.39
199.564
189.829
187.557
187.804
188.988
202.458
186.996
188.35
188.634
188.049
193.318
189.356
189.546
190.039
198.31
189.709
188.701
188.331
187.246
206.567
244.626
355.058
220.623
226.202
203.064
201.477
202.834
200.223
208.908
204.512
202.055
203.234
214.394
205.705
202.75
203.612
202.449
224.454
203.456
202.984
202.188
212.687
203.354
203.673
202.303
203.285
205.451
204.674
201.827
201.493
227.812
218.816
218.6
219.036
225.811
218.79
216.481
207.622
202.539
214.018
202.852
203.405
200.946
212.121
202.343
204.146
201.571
201.109
214.19
202.383
201.023
203.402
213.374
205.186
202.842
202.325
201.877
212.545
201.466
200.659
202.617
201.05
214.183
203.272
207.891
203.134
215.272
203.709
201.52
205.117
214.704
212.127
204.459
215.387
233.358
230.206
215.158
212.775
211.733
227.272
216.175
212.141
211.987
212.784
233.23
215.47
214.047
216.783
224.51
215.123
212.877
209.982
211.479
216.207
212.546
219.004
213.682
233.162
219.34
215.824
214.093
225.77
214.499
216.065
218.443
217.654
231.806
218.232
225.415
237.749
208.553
194.255
194.2
194.998
191.77
213.605
193.865
192.027
192.966
209.611
194.483
205.534
199.913
194.762
204.371
195.874
200.966
193.078
195.141
206.972
193.985
194.431
193.135
193.011
225.494
195.041
195.496
195.83
194.199
198.163
194.146
194.545
192.321
203.481
196.982
194.412
193.767
193.775
205.12
196.26
195.81
193.846
194.757
204.562
192.618
195.459
195.483
198.786
209.203
193.754
194.845
195.381
193.898
214.368
268.13
212.659
201.675
215.188
201.083
200.277
199.237
200.95
211.697
200.92
200.852
198.958
210.841
213.732
202.316
200.77
199.536
217.745
199.05
199.777
198.951
201.717
207.977
200.26
203.544
201.497
214.46
202.704
201.049
200.344
200.189
205.306
198.44
200.339
199.983
212.367
205.553
202.256
199.266
201.39
214.555
201.189
202.332
198.811
198.436
239.563
207.312
202.889
200.706
213.074
201.557
201.461
200.685
200.252
212.001
196.876
191.9
190.494
189.695
718.746
215.023
224.225
199.349
191.459
190.303
188.508
202.985
191.026
189.825
192.057
189.836
204.688
189.736
189.815
188.486
190.029
202.336
190.341
187.479
189.157
185.999
203.015
188.144
187.253
187.976
189.638
193.698
192.64
189.145
189.148
200.709
190.832
187.319
187.027
185.601
198.15
191.824
192.42
188.709
190.056
204.058
192.862
191.502
192.702
187.68
205.103
191.626
189.692
189.432
191.519
206.681
193.454
190.156
189.779
190.266
201.614
190.477
195.718
191.51
189.551
202.54
205.177
197.766
194.427
203.861
210.574
191.683
191.821
188.766
199.536
194.447
189.973
188.883
193.304
199.848
192.082
191.316
189.531
189.981
199.545
189.912
215.454
208.162
211.908
202.784
192.381
188.836
191.614
196.055
202.383
190.219
192.028
188.853
192.049
201.722
190.948
191.864
192.42
191.312
204.91
189.217
189.291
189.912
189.705
201.961
205.736
199.62
190.311
209.04
210.871
211.331
213.625
201.947
204.599
191.485
192.125
203.51
226.267
215.737
204.392
191.282
206.528
213.067
206.703
212.943
213.03
212.673
191.319
232.06
193.287
220.849
221.422
208.195
209.428
234.49
272.471
259.995
262.857
257.12
275.039
255.575
247.15
265.225
233.634
218.106
215.258
212.896
228.986
211.212
211.146
214.463
226.617
211.265
210.873
212.377
219.315
214.933
213.871
211.994
211.59
217.246
214.856
212.619
213.185
223.775
214.43
213.438
212
212.89
225.278
209.724
209.436
211.429
224.95
212.665
212.097
211.125
214.459
215.836
212.221
212.439
218.71
225.941
211.311
213.604
214.536
226.392
219.098
211.124
206.523
250.524
256.015
251.824
253.402
265.489
249.513
252.063
253.522
252.911
251.824
254.083
234.83
249.219
251.507
253.368
257.302
249.88
251.952
267.487
253.044
252.819
267.27
245.652
249.055
252.212
252.253
250.879
255.454
271.063
253.97
251.707
263.062
244.136
251.819
252.587
255.144
252.978
238.318
268.557
244.924
241.639
240.954
245.749
251.658
252.421
279.4
257.187
252.508
255.48
252.954
251.18
256.075
263.699
228.941
220.071
231.578
215.709
217.158
216.668
217.255
229.114
216.362
215.592
217.081
224.897
216.199
216.175
194.464
228.349
196.668
214.736
216.911
215.862
231.197
216.891
217.191
215.609
228.464
193.585
215.558
214.506
229.721
217.148
217.173
219.976
216.47
204.947
218.428
214.851
215.661
229.291
219.083
214.388
215.369
219.387
243.183
194.752
191.182
193.255
206.605
190.819
191.42
215.369
191.6
204.362
231.694
222.619
223.937
253.756
238.567
233.45
237.05
272.37
248.422
249.634
268.612
251.526
249.961
249.949
255.224
248.658
246.389
249.929
264.374
246.106
251.405
246.713
287.441
247.833
246.392
262.433
250.148
246.93
247.462
264.914
249.938
226.579
250.223
240.784
252.314
245.938
250.453
286.236
249.721
250.726
247.451
269.637
248.842
233.799
261.256
248.909
249.603
249.824
258.948
252.013
251.97
247.111
287.931
253.036
245.985
246.106
238.55
250.549
250.22
245.986
247.706
248.06
256.649
247.092
249.544
227.883
250.323
254.669
248.365
249.187
247.215
259.715
255.299
246.148
250.343
258.547
235.622
257.17
246.605
246.67
249.149
238.34
257.654
227.169
256.605
227.058
252.758
250.881
249.83
247.255
258.502
249.063
251.032
248.648
287.393
247.919
257.406
256.681
242.049
245.634
244.545
260.31
246.887
254.578
245.321
230.403
211.75
207.278
228.979
249.249
251.416
245.437
246.109
250.409
250.119
246.788
247.352
287.961
247.479
245.501
247.76
262.391
249.835
247.011
248.83
267.552
248.898
226.961
227.433
239.451
224.789
221.906
277.891
228.806
231.935
221.148
194.847
209.04
194.437
191.589
193.418
191.753
206.411
191.392
192.623
192.384
202.648
192.893
191.851
190.92
193.311
203.503
192.97
193.921
193.849
192.963
228.508
277.21
195.595
188.291
201.579
190.93
189.389
186.751
189.841
203.021
191.474
188.226
188.027
189.44
201.45
187.88
188.712
187.667
192.057
199.66
192.38
188.358
191.67
188.873
199.756
196.832
191.582
187.54
190.46
204.205
191.014
187.861
190.09
188.832
202.659
188.946
188.622
188.331
191.188
198.824
194.754
188.738
190.658
201.136
194.126
188.374
189.724
188.514
193.327
189.026
190.281
186.747
188.863
197.838
192.264
189.745
190.331
188.079
203.988
189.959
189.232
189.075
191.094
200.18
191.652
188.618
190.386
187.718
202.63
189.945
190.259
192.983
202.154
230.819
201.725
199.48
198.655
215.176
202.847
197.683
198.251
195.346
211.683
198.937
197.087
198.186
199.289
207.957
188.525
196.444
193.722
192.389
190.697
189.865
188.633
186.937
196.539
188.179
189.672
186.384
186.854
195.87
195.029
187.496
187.045
186.346
193.928
195.633
187.365
188.988
186.4
199.659
191.985
188.905
187.858
188.608
200.545
192.411
222.821
202.316
214.289
226.403
200.691
200.264
200.368
218.66
202.304
201.195
199.583
198.767
233.884
202.773
203.311
207.964
214.238
204.649
202.352
201.978
202.653
219.447
201.267
200.842
200.024
198.436
222.076
201.985
201.901
201.045
216.866
203.495
201.43
202.166
201.26
214.984
204.007
200.662
202.108
211.984
205.177
200.835
201.553
202.195
219.678
202.177
205.498
202.312
204.467
209.456
202.994
201.311
200.885
214.764
202.523
202.827
202.283
201.038
207.875
202.09
202.641
201.014
213.765
206.236
203.291
202.082
200.662
216.986
201.682
202.376
201.36
201.979
222.978
202.59
203.101
202.902
214.319
206.416
202.136
203.02
203.392
218.44
203.078
200.987
202.009
213.988
204.713
201.547
202.636
202.316
215.733
204.124
202.039
200.671
201.925
205.775
203.556
202.623
202.094
216.53
203.974
203.781
203.091
203.021
220.077
202.172
203.872
201.363
221.348
203.856
203.569
203.562
203.713
215.519
204.581
202.883
203.687
222.59
204.121
203.6
205.162
202.669
222.972
205.229
203.29
203.267
212.35
207.185
204.608
204.17
203.927
222.188
205.767
202.68
203.125
203.289
217.919
203.893
203.973
208.398
216.238
206.175
203.395
203.935
204.92
219.921
205.125
203.473
204.518
219.867
205.861
205.007
205.105
205.353
218.844
204.211
204.334
203.394
216.659
204.748
204.287
203.451
203.703
211.672
204.999
204.037
204.311
217.932
209.932
204.743
211.263
205.119
219.008
204.558
205.334
204.541
217.107
207.364
205.791
204.012
206.091
214.924
205.889
205.053
207.121
213.827
211.381
205.524
205.366
205.173
218.854
207.098
207.112
205.083
206.045
208.024
208.202
204.8
203.974
221.487
206.165
211.044
205.621
217.429
209.527
205.914
206.299
206.692
220.588
205.447
206.908
205.08
204.572
208.816
206.239
206.286
206.549
218.366
206.36
206.036
206.102
204.806
211.538
205.843
206.683
206.443
221.651
205.711
206.039
205.373
206.837
219.476
212.551
207.015
206.973
220.845
205.282
206.53
205.844
206.208
221.109
204.408
207.024
205.574
219.308
205.338
207.572
206.204
206.707
217.909
204.301
206.34
205.362
223.97
206.493
208.124
205.962
206.055
216.963
205.233
206.367
205.342
222.674
213.067
207.571
204.665
206.664
218.373
206.313
206.132
205.351
221.817
208.174
207.388
205.197
206.356
217.042
206.085
206.235
207.525
222.271
205.925
206.323
204.401
207.098
220.397
206.749
206.169
206.142
218.239
205.698
204.097
203.702
226.775
258.699
235.425
239.557
262.596
218.132
208.942
203.937
216.635
209.08
206.208
203.75
203.531
245.523
199.849
198.09
196.988
209.053
201.795
198.222
197.327
196.43
211.33
209.518
201.751
194.75
194.747
213.855
197.165
197.832
199.231
213.664
207.206
199.759
202.806
200.192
222.77
200.625
199.453
198.878
200.38
218.734
204.356
200.211
196.461
218.027
199.384
199.844
199.078
198.596
222.567
207.682
205.484
203.85
216.622
208.801
202.394
202.238
205.851
216.714
205.179
204.993
201.922
223.438
205.27
202.593
204.629
204.653
217.507
204.733
205.183
203.958
217.203
205.998
203.649
205.183
205.991
214.039
205.249
204.315
204.257
205.128
210.92
206.335
203.796
204.996
216.395
207.321
204.07
203.883
204.785
217.537
207.396
206.181
209.194
219.829
205.351
206.275
204.218
206.532
211.251
205.314
205.321
205.273
217.122
205.38
205.543
204.638
204.443
208.572
202.637
207.372
205.008
219.766
207.251
198.433
192.74
194.482
211.462
192.881
193.348
193.368
193.592
196.714
191.897
198.256
192.445
205.989
195.147
192.879
194.06
194.875
201.745
191.964
352.002
198.61
216.928
189.445
198.393
211.471
191.44
195.42
189.092
191.053
191.697
190.665
204.918
190.22
188.746
192.148
191.748
210.451
193.225
188.78
193.065
204.272
198.437
190.016
190.98
190.254
200.163
194.009
190.124
189.258
190.725
203.313
197.642
194.659
191.738
191.621
209.857
195.853
192.668
190.824
206.966
208.544
203.832
193.114
191.647
192.193
200.726
190.973
193.588
192.703
193.245
202.662
192.824
199.163
193.609
203.464
193.067
193.492
191.086
190.298
206.788
194.437
193.118
192.743
191.501
207.998
193.896
191.096
193.341
192.94
206.93
193.813
192.132
191.651
191.463
204.32
193.03
191.2
191.135
189.706
201.85
192.674
190.996
190.024
197.074
206.972
192.307
190.796
190.087
190.734
213.356
191.64
191.168
192.172
200.57
193.324
189.973
189.633
191.249
201.893
193.658
191.246
190.23
189.837
208.412
194.776
191.154
189.807
191.874
204.153
193.712
190.82
189.02
189.453
206.304
198.016
192.136
192.767
189.005
205.646
194.274
190.536
191.379
190.073
205.292
193.635
190.909
189.191
191.083
205.503
192.563
189.338
191.11
189.935
204.954
192.722
190.996
190.448
189.943
203.056
193.465
191.955
191.317
191.762
205.194
190.688
195.767
190.414
206.183
225.512
199.878
190.246
190.293
204.808
192.782
193.193
194.504
190.876
215.987
196.815
192.862
193.239
191.397
202.705
193.971
194.531
192.697
192.672
203.545
191.267
193.004
192.799
205.375
197.515
193.673
192.119
191.86
208.116
195.28
188.973
191.365
191.051
200.476
190.417
189.201
188.978
189.987
204.311
191.821
189.509
188.977
189.654
203.329
189.602
189.282
189.266
189.823
202.51
189.613
188.411
189.545
189.628
201.234
189.383
190.496
190.602
189.051
204.588
195.631
190.77
188.405
187.8
205.398
190.026
190.48
189.187
189.958
205.168
189.632
187.935
190.658
189.972
203.062
188.739
189.108
189.906
188.245
195.43
191.045
189.077
189.015
198.68
190.649
190.399
189.138
189.163
201.027
192.89
189.872
193.096
191.241
200.835
192.693
190.251
191.914
190.102
202.182
190.159
190.799
190.246
188.75
200.234
191.848
190.624
190.012
190.113
207.229
191.19
189.748
188.967
190.195
203.335
189.195
187.12
189.585
189.244
204.329
189.084
190.003
191.307
195.015
204.835
191.156
189.428
189.322
190.766
206.966
191.999
189.775
189.722
189.247
205.233
189.699
188.883
190.491
198.898
194.15
190.474
189.92
189.478
198.898
190.386
190.504
190.658
189.8
200.288
193.448
190.772
188.929
190.273
201.337
196.116
191.71
189.627
190.507
203.338
191.656
188.39
191.563
191.598
202.778
189.585
189.749
189.415
189.32
203.131
191.587
192.014
189.836
189.101
205.896
190.835
189.196
189.405
190.094
203.079
189.632
190.822
189.293
189.361
204.083
189.562
196.004
192.586
189.084
200.392
191.39
190.06
190.116
189.54
196.122
191.373
190.808
189.514
202.179
209.135
220.913
236.208
194.317
212.035
204.375
204.927
203.156
220.917
204.499
204.516
202.822
201.944
216.84
202.58
202.454
201.929
211.691
207.65
203.093
204.913
206.467
213.421
201.432
201.795
201.037
214.203
205.4
204.867
202.795
202.254
220.111
201.866
202.757
202.857
201.112
213.171
202.046
201.788
202.661
210.908
201.919
202.898
219.436
203.554
217.876
203.997
202.035
199.963
216.623
204.011
202.901
203.748
202.27
220.535
202.598
201.521
200.72
202.941
214.471
204.024
202.526
201.872
213.331
202.483
202.801
202.2
202.202
215.756
204.619
202.763
200.736
214.699
205.262
203.583
202.314
202.034
219.386
207.118
202.817
206.348
205.942
212.543
202.742
203.349
202.594
213.143
203.513
214.949
202.868
202.441
206.765
203.482
203.544
204.072
212.535
203.921
198.778
198.764
198.718
221.221
204.281
202.156
200.595
201.34
215.824
202.152
201.957
202.103
213.431
202.624
205.13
202.621
201.01
214.63
202.107
200.956
203.552
200.862
217.571
203.212
200.422
201.279
229.812
203.306
202.465
203.677
201.262
213.545
201.905
201.86
202.565
215.646
203.55
219.813
203.933
198.598
213.122
194.848
194.282
191.603
192.999
214.313
191.358
189.196
190.094
187.609
194.159
191.302
189.008
190.805
194.539
191.504
191.519
190.939
191.094
200.893
191.85
189.705
191.643
191.658
207.625
193.297
191.829
190.824
191.305
206.162
192.35
190.319
190.77
194.313
204.648
191.846
192.211
191.264
236.69
223.653
218.911
219.661
217.571
241.732
220.956
215.187
215.476
238.044
221.367
219.797
227.494
230.66
220.342
219.07
218.439
215.052
220.002
210.673
212.377
210.631
223.758
209.818
210.153
209.357
234.403
214.406
214.003
218.999
214.499
219.99
209.913
213.563
210.62
218.219
234.561
261.451
194.955
198.314
198.441
192.027
200.449
201.267
222.879
205.744
203.587
201.5
201.558
214.63
203.704
201.532
202.588
215.028
209.071
202.881
212.89
195.22
217.706
193.568
198.55
193.62
193.385
208.195
194.171
192.793
193.234
194.132
211.376
193.932
194.146
191.918
202.384
199.305
198.838
193.652
194.981
212.239
197.046
193.659
192.633
193.201
212.442
192.874
193.316
193.144
191.584
212.502
195.059
194.794
194.431
199.695
208.128
196.285
194.037
191.462
192.314
212.94
191.473
189.812
191.617
189.834
206.144
197.562
195.296
195.051
228.105
204.141
197.066
196.618
196.344
213.12
203.716
200.101
196.874
196.482
245.624
198.794
192.091
189.609
203.251
201.276
198.981
197.598
195.625
216.328
206.379
200.954
195.224
195.91
248.054
200.779
196.861
196.992
209.221
204.592
200.524
194.563
196.179
242.81
262.486
232.413
200.151
210.918
199.168
197.607
197.682
197.213
219.823
198.264
196.796
199.242
208.081
211.649
207.068
201.638
195.709
210.46
199.676
199.011
196.999
197.934
212.463
198.323
198.368
199.003
212.676
201.29
198.128
197.622
195.586
210.286
200.021
196.535
198.048
194.951
222.34
202.976
199.491
197.909
197.324
217.993
198.765
196.179
204.789
213.931
193.661
188.537
189.257
189.579
204.412
190.356
188.26
189.219
188.695
200.124
186.615
184.611
184.367
183.839
201.3
191.137
188.466
188.22
189.14
205.038
189.808
189.131
188.59
188.785
203.204
191.907
190.075
190.858
188.816
207.703
189.307
189.269
187.533
188.668
204.425
190.999
188.942
189.343
188.397
205.103
191.808
189.72
189.2
192.555
201.236
190.896
192.869
189.868
188.719
205.94
213.905
214.707
213.953
206.033
193.204
189.813
188.888
190.349
203.568
191.97
193.718
192.238
190.764
201.713
191.438
191.296
191.125
190.974
206.289
191.441
191.101
190.548
189.48
198.625
186.917
185.18
184.597
185.379
229.029
189.886
187.696
187.168
187.84
202.791
187.716
188.659
186.891
186.737
204.247
188.743
187.853
192.878
190.165
202.427
187.697
186.429
188.304
195.967
192.313
189.667
189.56
188.145
197.808
188.809
187.363
190.042
188.726
200.855
188.664
205.32
220.883
204.756
214.9
201.651
201.531
200.643
201.501
213.64
199.492
201.089
200.337
201.54
208.006
202.58
200.049
198.921
215.925
201.219
200.882
199.7
200.244
211.907
200.648
201.792
200.226
210.626
202.89
200.898
202.349
200.618
231.573
213.256
210.572
210.43
224.855
208.768
201.912
202.042
200.415
217.338
201.891
199.578
201.865
213.197
203.342
202.252
201.257
200.28
212.452
200.909
200.632
199.598
200.38
211.416
199.934
201.98
200.036
212.304
201.495
200.542
200.629
201.52
215.191
201.327
200.819
200.211
199.114
216.038
202.012
200.799
203.465
214.166
212.193
208.226
209.131
200.121
235.385
201.68
220.999
200.956
212.175
200.227
196.788
195.595
195.773
211.465
196.408
196.645
194.656
203.245
212.418
197.074
196.942
195.801
205.306
198.035
195.272
196.662
194.894
205.79
197.603
195.402
194.831
195.339
208.632
201.229
196.613
196.133
195.342
209.117
195.379
197.015
194.995
194.827
198.182
196.527
195.666
196.374
205.045
196.639
194.335
196.251
195.121
210.31
199.004
196.898
195.336
197.162
198.915
198.256
194.53
194.676
197.859
211.155
196.144
214.611
197.164
230.933
196.929
192.027
193.37
192.863
203.782
193.781
190.833
193.073
192.04
204.565
191.177
192.327
192.094
191.155
204.912
194.088
191.844
191.498
209.708
195.574
191.91
194.022
191.372
205.134
193.907
191.285
193.267
193.341
203.309
198.632
191.478
192.665
192.285
205.801
192.41
193.206
190.61
192.33
209.096
194.68
190.67
191.741
192.482
197.294
192.354
192.097
190.47
202.566
193.263
194.049
193.791
192.779
202.368
193.564
192.471
191.091
191.174
201.431
192.356
192.591
197.021
192.057
203.746
192.926
192.17
191.837
193.149
209.651
192.767
194.005
190.632
192.421
194.948
191.765
193.774
192.421
196.214
210.074
195.859
196.608
194.509
208.646
196.999
194.68
194.259
194.376
198.413
196.151
192.38
195.992
193.43
216.683
195.285
195.472
194.485
204.557
194.616
195.098
194.051
196.074
207.582
195.272
194.943
194.106
192.879
211.542
195.498
194.425
193.564
195.743
214.159
195.432
193.943
195.131
195.332
198.599
195.323
196.04
194.534
207.616
195.866
194.566
200.149
198.962
212.322
197.089
202.773
195.561
193.541
214.27
194.881
195.672
195.424
205.813
198.042
197.582
196.043
197.773
210.099
198.569
195.348
195.576
195.02
208.56
196.25
195.308
194.924
196.222
211.128
196.203
193.952
195.089
205.039
200.368
195.753
196.434
193.762
210.186
194.991
197.519
193.882
194.637
208.828
194.948
194.992
195.853
193.524
213.246
195.358
196.211
202.296
199.878
190.102
185.688
186.209
187.59
195.112
189.728
187.029
188.763
185.728
323.743
206.324
195.795
195.336
191.818
201.297
193.471
191.805
192.139
201.09
192.634
193.536
192.42
192.049
203.921
191.832
192.824
191.38
191.938
202.501
196.519
193.82
193.428
190.918
208.136
193.368
194.046
192.379
192.014
205.896
192.609
193.235
192.58
191.244
209.92
193.892
193.573
193.517
203.591
194.361
193.055
193.512
192.519
205.001
193.152
193.017
194.076
193.754
205.573
193.997
194.03
192.443
192.714
206.769
194.809
193.88
193.85
192.577
209.325
191.753
202.682
224.466
208.617
195.507
194.659
197.108
195.36
205.381
195.907
195.21
192.781
192.878
210.638
193.15
195.416
193.715
194.282
237.395
235.97
245.304
245.774
259.31
198.333
194.967
194.938
205.948
197.464
193.698
194.59
193.13
206.826
194.811
195.611
194.848
194.377
208.829
200.037
194.023
193.726
193.673
200.489
194.891
195.587
193.594
209.175
196.598
196.386
193.828
194.865
205.776
196.284
195.54
195.737
193.632
203.704
193.982
195.957
195.209
194.801
207.349
194.995
192.309
195.093
204.207
196.693
194.8
194.976
199.917
209.765
194.173
194.727
194.958
195.4
206.321
196.052
193.304
195.846
194.249
205.709
195.346
194.423
195.118
194.23
212.91
196.309
194.281
197.763
206.567
196.929
193.842
195.395
194.222
207.478
195.356
194.772
203.551
225.208
209.16
200.736
191.169
194.031
190.636
192.005
191.105
190.769
190.634
200.67
191.485
190.594
190.279
191.128
202.497
190.748
191.828
190.972
190.361
200.939
190.257
191.12
190.299
188.686
209.521
192.925
187.931
190.039
190.697
210.029
191.096
190.7
194.607
191.46
203.115
190.944
190.685
190.095
188.839
203.001
189.651
191.098
190.317
190.985
203.042
190.673
188.822
190.366
189.688
199.957
189.394
189.512
191.61
189.431
190.991
190.23
189.712
190.751
199.436
191.091
200.684
194.063
191.389
208.679
210.831
194.212
192.352
194.485
204.202
193.187
192.456
192.402
194.193
209.558
192.119
191.945
191.991
192.549
206.146
193.503
193.051
192.022
191.873
198.688
192.73
193.013
190.768
202.349
195.78
194.135
191.628
193.19
205.833
194.784
198.585
192.799
193.659
209.675
191.376
191.023
190.935
191.935
207.034
195.248
194.728
192.369
191.45
207.332
194.257
193.632
190.805
203.721
193.848
209.855
192.165
195.557
208.299
194.041
192.837
193.1
192.747
205.335
191.159
193.14
192.555
197.121
207.095
193.157
191.924
195.415
195.253
193.839
189.698
191.996
192.389
203.901
193.063
192.498
215.863
203.346
222.713
207.232
238.327
249.12
287.514
249.701
248.002
247.752
262.14
237.887
235.867
238.287
260.787
235.809
246.814
247.729
257.633
253.584
246.165
286.514
251.082
250.447
246.273
263.401
245.461
247.948
254.628
252.944
248.767
235.875
235.231
251.567
247.499
248.195
282.607
249.67
246.552
246.771
262.877
248.085
247.921
247.623
252.158
251.079
238.737
262.58
249.563
251.524
238.06
255.834
247.593
237.491
245.569
260.781
236.362
237.404
237.736
318.146
283.458
290.08
293.661
282.273
280.706
280.481
277.695
278.932
262.967
267.657
278.756
280.206
260.353
258.336
256.691
281.779
283.78
280.035
280.068
289.372
285.027
280.213
278.856
295.06
279.112
278.802
291.339
284.375
278.915
279.166
277.794
279.156
277.167
283.593
266.186
278.21
292.803
282.507
274.853
278.494
299.821
276.152
278.567
267.957
264.898
219.169
255.54
267.226
251.119
265.801
218.219
297.672
281.102
254.768
250.446
258.854
250.983
235.465
245.889
248.017
236.67
212.811
259.653
210.799
208.943
208.085
209.839
214.934
246.58
211.28
208.231
249.506
209.994
241.114
244.89
230.215
248.89
212.892
208.128
257.875
209.258
209.17
215.637
262.718
249.875
213.253
207.908
208.805
213.461
208.005
210.929
211.235
247.755
236.804
211.642
249.966
228.673
251.662
235.854
213.195
249.827
237.177
236.83
236.736
228.904
238.279
213.652
210.317
225.455
212.469
208.332
209.671
209.605
231.935
211.259
210.838
207.211
214.501
210.455
210.789
207.265
210.57
213.834
209.592
207.605
207.433
222.651
210.113
206.14
206.263
208.77
222.267
207.271
208.025
207.658
221.836
209.915
208.257
209.43
208.585
219.609
210.739
209.006
207.623
225.801
212.443
209.397
210.784
206.6
221.928
208.588
210.487
206.868
223.422
210.005
211.247
208.579
208.455
218.531
278.561
189.07
171.177
179.791
169.605
167.181
167.443
166.137
167.707
181.217
170.183
169.479
169.978
169.604
177.151
173.935
174.12
169.08
167.223
168.165
183.941
177.692
179.33
178.364
178.411
191.743
202.029
204.326
204.212
200.916
182.042
179.042
178.631
176.238
179.172
197.849
178.721
178.616
177.885
177.351
190.825
177.862
178.002
178.798
176.587
186.274
179.315
181.836
178.849
178.681
185.146
178.791
178.727
177.752
178.086
188.817
180.056
176.743
177.846
178.964
190.257
179.022
177.595
177.945
178.751
177.187
185.755
180.465
178.413
177.735
180.871
193.475
179.048
178.64
177.581
179.058
192.947
177.298
182.187
178.48
219.632
244.011
207.366
200.526
198.831
213.01
212.726
208.636
210.31
221.986
209.803
211.118
210.715
225.525
212.029
209.906
209.431
226.646
210.996
211.647
211.259
225.344
210.371
210.281
211.236
220.574
211.719
210.985
211.37
262.112
249.656
242.3
243.851
272.299
250.102
246.31
249.806
244.388
248.165
245.168
256.423
243.437
246.255
246.195
260.379
243.785
245.249
244.261
258.163
242.908
247.857
245.596
248.122
244.495
246.637
244.88
244.327
243.506
265.612
279.484
253.19
243.356
243.711
254.911
246.757
246.757
243.68
257.238
247.209
243.72
249.755
244.094
246.759
243.861
254.787
243.249
247.516
244.917
258.567
245.059
247.729
244.212
255.998
246.023
246.775
244.519
247.344
242.708
245.301
245.924
246.989
247.617
219.68
215.52
207.189
236.558
213.659
195.58
206.504
233.31
258.216
259.055
232.76
213.274
212.111
209.469
221.586
213.405
212.041
207.476
211.577
217.203
210.113
222.948
