295.434
165.344
156.508
163.317
154.126
151.486
151.056
181.403
180.179
190.836
181.821
180.275
180.651
179.915
191.939
179.374
182.903
180.206
181.124
199.773
183.896
179.728
182.456
179.688
193.186
180.582
182.12
180.862
182.522
190.919
181.064
180.627
180.691
181.013
191.344
184.754
182.269
180.192
180.907
197.473
182.775
179.494
180.894
179.905
192.928
182.796
180.093
181.009
183.196
195.06
214.678
197.661
190.759
186.607
210.076
195.945
217.481
256.291
288.98
255.417
243.509
264.272
263.584
200.452
238.346
263.933
231.106
226.059
224.048
246.131
221.666
200.783
216.113
223.416
256.748
227.423
220.378
219.259
228.272
225.198
200.498
210.962
253.467
222.845
226.153
214.726
245.347
222.354
215.087
207.218
195.674
211.259
195.253
194.186
193.478
203.422
195.322
194.067
192.657
192.454
208.826
196.396
193.661
194.628
196.802
216.82
200.278
194.318
193.37
193.842
205.31
196.245
194.333
191.523
195.599
211.957
193.918
193.902
192.271
203.037
192.335
195.079
194.952
192.188
207.109
193.704
192.917
197.004
193.096
207.48
195.415
193.599
193.658
196.685
207.274
193.83
193.689
192.492
193.324
195.276
197.591
193.692
196.465
215.918
198.487
195.565
197.404
195.395
206.414
244.676
215.333
214.575
218.958
213.373
238.257
225.808
225.343
223.315
293.088
253.996
279.67
248.463
245.734
234.269
259.114
232.788
232.257
229.66
246.247
218.011
226.087
214.912
233.698
213.334
209.903
212.45
225.735
211.486
215.204
213.076
214.018
224.967
214.522
213.168
211.74
226.123
214.904
213.401
213.908
239.716
225.93
217.423
209.697
210.553
231.326
208.408
209.158
187.862
202.665
182.973
182.275
180.189
180.922
189.968
181.526
180.741
180.624
180.755
179.973
193.971
181.322
180.684
182.171
180.164
184.42
180.431
179.889
179.832
181.362
194.462
182.87
179.836
179.482
179.966
192.2
181.8
182.11
180.461
180.28
193.319
182.207
186.99
182.167
178.94
178.071
194.017
178.727
177.28
178.088
177.583
192.529
180.375
180.124
184.132
182.706
187.13
180.54
179.689
177.61
178.111
187.136
185.704
184.94
184.864
182.851
199.687
186.875
183.251
184.153
183.58
197.355
185.088
186.8
185.484
183.601
195.957
184.832
184.361
184.88
183.491
182.553
188.559
183.9
183.352
183.837
183.527
200.034
184.112
182.387
201.936
212.041
207.533
195.008
217.355
213.616
278.271
212.607
195.828
188.455
204.102
192.5
189.726
191.681
188.138
199.01
188.075
187.591
236.001
223.419
203.71
187.014
198.474
209.482
211.148
197.207
195.333
195.734
195.259
217.828
196.96
194.384
194.159
195.025
205.581
198.452
195.944
194.409
195.81
209.714
194.778
195.309
195.142
203.409
196.082
195.362
193.89
194.622
205.842
196.892
194.354
194.58
193.92
219.169
196.342
194.346
194.146
193.892
206.738
196.685
194.363
193.987
195.25
197.097
195.151
194.748
193.178
213.485
198.8
197.014
196.949
194.359
213.615
195.834
194.767
196.035
194.724
207.957
195.109
241.35
185.581
186.692
179.041
179.824
177.184
179.417
176.606
199.43
176.733
178.79
178.003
177.658
202.23
191.696
188.722
187.47
188.469
208.782
188.552
190.267
187.022
189.384
201.312
188.472
186.851
188.304
187.783
201.364
196.91
192.547
200.086
243.484
256.713
241.206
224.023
279.422
240.415
196.926
224.817
224.299
202.66
199.634
199.022
226.737
223.989
199.132
193.936
193.081
192.285
206.099
193.067
193.547
191.392
207.626
194.688
192.5
192.579
190.29
209.157
196.88
190.594
193.177
192.636
204.79
193.839
192.312
192.438
193.454
205.859
194.367
193.291
194.095
192.084
212.182
195.503
195.789
191.887
194.884
210.029
195.199
193.644
194.578
209.986
197.566
194.784
195.41
193.974
211.74
195.028
193.601
192.542
195.653
207.122
195.515
192.62
192.926
193.79
210.665
193.818
200.041
194.707
214.577
196.787
194.57
192.44
195.145
218.104
207.049
194.273
223.088
210.591
218.975
215.086
210.804
202.327
214.548
200.067
200.459
197.822
198.705
214.135
202.46
197.263
198.925
199.382
206.044
201.966
198.895
200.348
213.537
199.798
199.744
198.454
200.529
216.257
202.577
200.493
200.633
208.973
202.848
201.367
202.925
201.551
216.612
203.255
202.327
199.15
201.618
210.548
201.908
200.732
200.572
208.205
199.815
205.584
201.117
201.452
214.333
199.376
200.672
199.686
200.481
217.298
200.365
200.225
203.62
213.081
201.885
199.88
200.327
198.798
216.63
200.225
201.432
199.593
199.152
214.643
201.619
198.677
200.282
212.557
203.723
199.53
199.837
199.431
215.223
199.214
201.175
198.103
201.796
214.108
201.118
200.619
200.804
210.095
201.915
201.279
201.106
199.272
213.086
198.095
201.662
197.688
200.007
219.843
202.324
198.708
200.106
213.308
203.776
201.127
199.903
199.319
217.952
201.127
199.77
199.614
200.122
212.395
201.725
199.945
199.289
210.754
203.346
201.183
201.187
200.399
212.869
202.261
202.591
199.331
199.84
210.023
200.212
199.199
200.72
211.406
203.283
200.497
200.134
200.366
206.2
200.062
201.11
199.971
200.902
215.148
200.98
199.358
227.637
247.404
334.18
205.024
194.227
206.761
195.667
194.162
194.688
193.268
214.853
194.55
197.578
193.544
194.182
209.223
195.53
194.236
194.641
204.94
195.332
191.232
192.149
199.69
226.468
201.782
199.295
199.086
202.778
212.716
199.153
198.155
200.243
213.905
203.232
199.927
200.522
198.285
215.776
199.783
200.098
198.567
199.894
209.746
200.692
199.207
198.402
212.325
207.22
201.064
202.399
200.549
213.297
196.99
195.851
216.442
216.845
212.312
204.736
203.632
204.637
222.941
203.852
203.847
203.69
203.818
223.837
203.403
204.288
202.819
217.103
203.316
203.573
203.223
202.433
216.329
205.532
202.825
204.413
221.776
207.215
204.136
202.835
203.987
219.767
204.529
202.257
203.021
216.041
205.945
203.522
203.786
204.084
221.839
205.024
203.687
205.198
204.331
207.948
205.308
204.837
202.197
210.534
194.121
195.177
194.42
193.449
241.768
202.42
200.673
200.218
214.784
203.693
202.166
201.124
202.414
211.397
200.381
200.416
199.042
202.053
218.32
201.194
202.628
201.562
211.249
202.018
200.372
201.933
201.446
213.291
201.19
201.557
202.333
199.998
203.807
201.828
201.013
201.913
218.363
201.749
202.294
200.101
201.184
215.392
201.588
200.955
201.478
217.422
203.557
200.782
199.777
200.883
213.223
201.084
200.793
201.355
201.248
216.902
201.675
202.067
200.445
213.394
203.389
201.776
201.818
200.627
212.472
203.263
202.357
200.718
201.545
203.691
201.539
201.592
201.978
219.277
202.937
201.902
201.703
201.96
216.319
199.256
203.924
200.806
211.854
203.861
202.645
201.863
201.508
214.618
201.551
201.414
201.802
199.86
216.215
202.19
200.459
202.701
217.304
203.109
202.059
202.677
204.278
214.592
202.51
199.836
201.154
216.595
202.804
204.173
202.861
201.722
215.746
202.613
201.261
201.647
200.481
213.078
203.202
202.242
200.693
218.507
203.868
201.749
202.267
202.903
214.692
202.387
201.287
201.646
208.979
202.94
202.964
202.551
203.427
216.081
201.949
201.992
200.766
202.808
216.953
201.326
201.665
201.882
212.652
207.639
201.224
204.916
204.312
220.934
204.384
202.651
202.29
213.98
204.251
203.268
201.499
202.995
220.683
203.088
202.373
202.123
202.384
216.666
203.845
202.099
203.126
219.398
203.333
204.331
203.232
202.77
216.298
203.818
204.058
202.484
214.447
205.845
203.259
208.18
204.17
217.441
205.712
203.207
203.213
200.964
203.632
203.891
202.263
204.117
216.619
204.405
202.918
202.745
203.547
221.016
204.06
202.252
201.951
217.978
205.391
201.692
203.226
203.509
215.848
204.274
203.978
201.534
211.891
203.042
203.728
203.124
203.24
219.412
205.297
205.166
201.291
201.749
217.137
203.048
203.148
202.748
218.414
202.076
214.28
230.651
197.358
213.55
194.985
194.447
195.8
208.745
199.049
193.779
193.464
195.392
209.521
195.133
193.604
193.927
195.599
200.498
194.41
194.922
193.442
194.072
219.848
196.552
195.109
192.716
210.333
197.5
195.202
193.689
193.918
211.941
195.987
194.26
193.97
194.61
210.627
193.422
195.175
194.193
192.627
207.853
195.791
195.276
195.607
194.556
204.255
196.212
194.642
193.798
205.768
198.734
194.936
195.503
196.453
209.434
198.224
194.517
196.396
196.712
201.662
196.943
206.613
198.006
195.202
198.755
196.441
195.132
196.654
199.707
197.35
197.986
195.168
194.738
209.283
195.172
196.275
195.112
196.726
214.087
199.608
196.139
196.391
196.684
212.158
195.449
197.972
194.971
198.535
197.996
195.412
195.592
196.235
207.31
196.294
195.754
195.806
193.548
211.575
195.389
194.798
196.841
194.58
208.633
194.888
194.163
194.708
208.703
200.194
194.412
196.76
196.191
212.697
197.135
195.005
194.551
196.251
209.743
197.351
199.754
196.452
198.08
213.027
196.718
195.814
194.42
208.863
203.783
196.14
193.407
194.687
213.873
197.608
195.743
197.232
196.077
201.051
196.91
195.296
195.924
196.763
210.48
195.71
198.034
195.359
208.131
201.284
195.675
195.654
195.081
210.111
197.858
195.93
195.693
196.783
211.825
197.901
192.957
195.349
193.818
208.639
195.517
194.571
194.975
221.584
251.476
236.282
238.911
239.506
236.489
234.959
236.406
240.239
211.514
210.453
205.43
206.279
228.782
207.627
206.474
203.962
220.437
207.647
205.527
203.169
202.97
215.978
204.098
204.721
203.587
214.38
205.879
203.49
203.275
203.884
219.175
206.192
203.881
205.361
218.468
207.353
204.519
203.132
204.96
214.296
204.462
204.78
203.9
203.533
231.658
214.225
196.347
208.885
223.054
206.109
188.508
184.695
184.879
205.812
185.932
184.491
186.202
185.075
202.937
184.899
183.315
184.458
184.608
201.523
184.592
185.841
184.895
184.288
199.924
183.402
184.244
198.392
184.335
195.425
186.166
184.806
183.128
184.514
203.916
183.994
184.749
184.677
184.75
200.067
183.675
198.292
184.394
185.592
200.704
184.759
186.125
183.606
184.729
199.405
184.565
184.061
185.32
186.481
201.601
184.264
183.725
233.498
231.185
213.571
199.272
190.099
188.766
201.675
188.733
189.35
190.145
188.986
199.017
190.479
189.748
188.291
188.555
202.681
190.193
189.942
189.42
189.971
191.363
188.977
188.779
189.423
196.828
190.238
189.795
189.2
189.305
202.931
191.364
214.41
201.182
197.507
213.493
199.325
198.193
196.395
198.425
210.239
198.238
198.312
198.722
209.834
201.296
197.272
204.887
200.097
217.131
200.19
202.731
198.423
201.166
216.592
198.917
198.774
199.207
205.077
201.27
197.97
197.44
195.489
210.617
200.468
200.133
198.797
197.841
209.762
200.208
199.176
198.019
212.238
204.411
201.227
199.261
199.977
216.552
201.019
199.712
198.707
196.521
209.25
199.402
195.591
197.426
195.026
206.637
199.483
198.728
197.828
209.858
198.656
197.784
196.794
196.785
208.807
200.135
198.49
197.833
196.38
216.936
196.643
198.957
195.887
212.07
201.758
198.33
196.929
198.673
210.241
195.633
196.589
194.65
194.32
211.73
201.387
202.003
200.689
216.679
207.684
208.308
192.639
191.139
204.689
192.532
188.923
190.336
191.316
199.936
192.195
190.288
189.06
192.537
216.177
190.223
188.369
192.402
190.86
205.545
189.903
191.794
191.493
203.607
190.179
192.696
191.401
191.699
202.039
193.492
190.52
190.486
189.304
208.025
191.938
191.346
188.505
193.027
202.823
189.545
190.658
190.267
190.299
201.898
191.53
192.321
190.157
190.588
199.743
192.935
191.524
192.297
190.467
207.109
190.795
190.522
191.234
200.057
192.019
192.883
188.737
193.416
200.86
193.02
189.742
192.689
191.028
206.559
192.588
192.382
189.812
191.028
202.366
193.645
191.644
191.846
189.722
190.042
177.298
176.017
175.774
176.796
192.943
176.756
176.483
178.103
177.03
203.395
176.971
202.257
204.371
193.494
198.749
186.824
184.388
184.425
183.787
200.277
185.01
185.51
185.651
185.146
197.922
185.29
184.2
184.969
191.887
201.013
178.828
191.718
176.943
175.037
189.969
182.203
178.377
179.028
178.43
189.839
179.838
177.195
176.213
177.801
192.118
181.705
178.601
178.554
177.394
178.425
188.752
183.015
177.972
179.724
179.779
189.464
178.411
175.905
177.32
178.004
190.607
181.071
176.299
177.853
176.231
189.208
2002.45
318.508
223.724
197.127
203.039
198.797
184.525
184.038
184.802
194.751
185.802
185.761
182.249
183.691
192.988
183.512
183.74
184.107
183.073
199.519
186.613
184.559
183.626
182.771
192.72
185.364
183.139
182.754
181.35
192.12
184.041
181.879
182.74
182.441
182.493
196.003
181.774
185.759
182.167
182.255
201.575
188.248
185.921
183.704
181.668
195.22
183.243
183.42
182.36
183.557
195.567
184.865
182.258
184.612
181.888
196.059
182.768
182.89
183.156
185.909
194.941
184.294
182.137
181.605
183.686
204.443
188.044
184.877
183.412
186.339
196.354
185.549
184.646
185.104
183.636
195.574
183.794
183.626
181.249
182.738
193.794
185.064
183.479
184.368
183.579
195.604
183.65
182.153
183.984
184.194
195.12
192.541
216.861
216.221
204.904
218.477
204.128
204.368
204.238
204.458
229.503
216.415
204.601
203.164
220.584
223.3
205.498
204.81
217.266
221.6
208.524
206.263
234.255
218.113
214.677
208.864
206.8
237.829
213.242
239.246
237.695
217.999
200.91
209.463
198.129
196.205
209.297
194.699
194.568
195.932
196.416
214.898
226.56
235.777
204.201
238.14
238.899
239.278
239.302
276.308
242.199
239.25
238.815
251.364
237.662
239.206
242.789
254.515
240.579
240.008
253.235
241.145
238.633
239.299
238.48
252.385
241.704
218.812
250.545
245.753
239.609
243.749
255.35
246.376
241.972
239.179
251.01
238.053
239.497
242.955
255.506
244.829
242.17
219.163
258.559
242.593
239.587
222.431
256.394
247.218
241.863
232.962
238.53
223.459
240.318
246.267
243.052
239.205
218.593
241.438
239.943
219.613
219.867
252.232
242.04
239.129
218.253
242.188
239.032
238.844
219.447
242.965
240.168
240.63
237.837
250.603
241.905
238.905
240.722
255.322
240.88
239.816
243.898
252.067
240.94
235.858
239.593
256.251
239.951
240.117
244.172
252.448
236.706
239.082
239.62
244.56
238.372
239.901
232.897
244.509
243.085
242.487
241.094
238.991
240.445
239.193
250.385
241.818
238.678
241.199
255.036
219.423
206.31
205.087
215.229
207.002
202.915
200.962
200.409
214.789
204.368
203.453
204.016
202.374
215.499
205.071
204.419
203.471
214.382
206.298
202.394
203.637
200.139
214.027
200.299
200.253
204.126
202.448
215.935
204.058
202.602
215.738
229.69
217.329
205.963
218.07
228.196
209.596
201.209
202.247
204.308
219.339
204.093
201.455
201.72
202.361
219.998
202.731
200.884
200.634
204.63
206.472
201.408
204.028
201.812
211.949
201.516
202.977
201.219
200.684
224.252
206.28
200.235
199.811
212.259
204.877
202.274
200.927
198.822
206.491
198.09
197.035
211.865
236.144
269.682
214.417
197.459
186.992
196.245
185.052
184.252
187.68
185.949
196.375
186.052
187.409
186.778
186.013
193.711
188.677
187.128
187.655
185.89
219.133
205.909
197.38
195.085
215.924
200.897
195.133
199.46
203.554
209.205
203.719
199.626
199.075
196.7
221.2
201.173
195.49
200.782
206.011
199.52
202.016
190.639
187.931
199.186
189.025
188.561
186.405
188.736
205.154
190.431
189.725
188.7
189.688
201.699
188.669
188.293
188.342
189.019
199.021
187.547
189.889
187.61
186.808
200.853
189.312
189.021
189.798
188.387
202.273
189.331
190.637
188.628
201.714
190.991
188.304
189.106
190.616
202.727
188.515
187.362
234.701
198.255
250.541
268.355
268.361
278.794
270.153
271.734
267.042
257.367
265.04
268.052
263.59
269.222
270.597
267.055
239.333
269.858
267.417
269.813
266.29
249.474
267.32
208.211
270.297
269.167
271.155
226.832
263.297
263.609
261.379
229.322
189.539
180.194
176.084
175.53
188.786
174.585
174.756
174.906
175.033
192.171
179.801
181.648
177.503
175.936
185.09
177.779
176.548
175.716
174.4
174.113
181.522
177.193
175.398
173.524
174.463
187.212
176.148
174.213
177.517
175.564
197.565
176.867
176.462
177.893
175.267
187.108
179.582
176.291
174.018
176.746
195.373
181.704
178.867
178.217
177.673
177.327
190.687
178.336
181.521
179.162
178.658
187.824
178.721
178.921
178.737
176.973
190.488
172.859
171.614
172.486
171.085
196.304
189.949
180.215
177.825
177.692
194.563
180.633
179.972
177.701
179.737
178.059
187.183
181.933
180.564
179.436
180.179
190.437
177.467
176.297
173.731
178.253
206.162
195.316
195.282
193.865
192.084
202.914
194.39
192.916
192.48
205.911
194.944
191.8
191.854
190.913
207.101
191.883
189.505
187.9
190.42
205.138
195.517
192.192
192.807
194.149
209.374
192.422
193.791
193.882
190.075
206.296
194.885
195.124
192.234
193.599
201.052
193.28
193.264
189.269
208.832
197.255
192.195
191.419
193.108
202.037
194.426
193.043
195.727
193.596
203.713
191.744
193.866
192.318
230.009
205.291
189.184
187.025
187.702
200.804
191.136
186.3
186.594
184.841
200.381
190.068
186.336
186.685
187.818
196.388
189.23
185.299
186.576
187.082
198.356
190.483
190.462
209.716
190.991
204.332
191.124
189.434
189.866
189.738
203.824
192.633
189.203
188.479
191.026
204.008
190.343
189.24
189.174
188.673
192.402
189.966
189.157
190.805
189.748
200.789
191.172
188.842
186.555
189.063
206.468
192.812
189.614
190.146
188.557
193.999
189.638
187.395
190.072
202.335
192.038
189.418
189.334
187.943
202.964
190.881
189.899
189.488
189.5
201.858
191.701
190.138
186.172
186.991
203.368
190.583
189.892
188.93
188.295
201.247
189.623
189.091
191.573
190.002
201.04
189.35
191.788
186.333
187.199
198.515
190.958
189.197
187.354
186.603
201.007
188.841
185.785
186.269
188.215
201.488
190.721
190.882
189.304
187.866
190.989
188.345
190.825
191.569
201.337
189.485
191.536
188.757
188.221
203.574
191.821
189.544
190.236
188.899
203.77
191.407
187.199
189.389
189.066
202.147
191.527
187.536
188.519
187.335
200.569
187.458
189.541
192.405
189.749
201.097
190.303
187.316
188.519
186.734
202.919
188.967
187.343
185.752
185.848
232.518
199.262
194.561
194.364
193.493
193.431
192.489
192.449
189.953
202.877
193.32
192.79
191.701
191.792
205.25
193.214
189.922
190.072
191.63
206.471
192.037
193.782
191.837
191.437
207.325
192.556
191.385
192.165
191.285
207.512
191.105
193.222
190.001
190.586
209.734
192.645
193.24
190.758
200.652
193.197
191.006
190.854
191.102
198.042
193.356
193.249
191.53
193.25
219.126
189.755
185.283
186.147
185.382
197.605
185.885
185.147
183.879
183.867
197.084
186.705
186.351
184.9
184.065
200.065
184.145
183.961
183.215
185.442
206.64
187.981
185.414
184.937
182.928
206.359
185.07
186.443
180.361
179.958
190.961
181.98
179.175
178.844
177.891
179.115
194.287
180.118
180.095
180.352
179.555
194.384
179.957
180.609
181.472
179.861
197.681
183.581
178.991
179.445
179.917
190.531
182.657
179.352
179.091
180.906
179.583
193.668
179.84
179.987
181.057
179.184
192.492
181.208
179.571
179.406
179.533
201.991
184.667
179.95
179.465
180.886
197.326
188.301
186.738
191.79
188.011
198.339
187.957
185.962
184.442
185.618
196.595
187.713
187.569
186.851
186.808
201.589
188.051
187.551
185.054
187.951
199.282
188.733
186.69
187.286
184.826
198.556
187.476
187.915
187.112
186.353
188.467
190.2
186.083
186.2
185.214
199.552
189.798
186.631
186.907
187.774
196.489
188.239
186.711
187.028
187.734
198.574
187.617
187.163
185.537
185.34
197.054
190.362
188.17
187.519
186.921
201.16
185.464
185.899
217.674
223.133
208.94
186.032
181.479
183.003
180.585
193.338
182.942
181.788
181.879
180.87
199.509
184.648
180.586
181.819
180.228
194.056
184.558
182.272
180.342
181.141
192.579
184.068
181.529
183.359
184.372
191.119
182.195
182.882
180.902
181.32
193.421
186.384
182.398
182.781
180.224
182.764
185.735
182.401
181.053
202.212
228.773
231.943
213.2
204.777
200.657
211.22
198.998
198.123
199.487
214.444
200.772
200.516
197.082
199.412
215.226
202.504
200.234
198.865
199.095
249.241
245.983
246.675
260.237
247.987
279.847
371.965
238.775
200.191
189.698
190.538
202.16
194.217
192.503
192.789
240.21
242.331
239.634
237.35
241.202
208.006
195.882
194.471
192.772
211.271
193.598
192.134
191.533
193.22
205.208
194.236
192.84
194.57
192.231
206.651
192.119
195.911
194.179
206.29
193.873
193.809
191.9
192.363
208.311
196.281
192.967
193.227
192.673
210.784
195.332
194.056
191.927
194.501
205.114
193.651
192.986
194.113
193.201
194.5
192.522
195.006
190.493
213.44
229.708
207.451
208.8
206.83
220.803
209.285
207.047
208.138
203.779
222.008
196.187
192.13
189.974
205.838
193.067
192.574
190.536
191.669
205.618
190.563
190.646
193.722
190.241
205.324
191.084
191.176
190.192
201.718
220.073
203.279
199.813
202.78
209.908
204.782
199.6
200.154
203.194
219.231
198.623
198.536
199.278
199.237
205.672
193.393
192.067
211.294
179.784
212.586
173.962
171.91
171.346
171.773
185.338
175.409
170.669
172.055
170.83
185.629
172.603
170.48
170.137
172.011
171.289
186.512
170.567
172.877
170.217
170.798
186.013
172.766
171.665
172.244
168.78
184.826
172.194
170.74
169.815
172.212
168.896
185.564
170.537
171.36
171.349
170.113
184.281
176.532
171.159
172.432
171.055
170.768
188.339
171.514
170.326
171.515
170.784
185.863
170.603
171.53
170.744
170.594
180.488
175.307
170.798
171.512
170.198
171.278
185.996
172.007
170.425
172.923
171.406
193.437
173.109
172.745
170.105
171.821
178.377
174.884
171.615
172.92
170.751
170.885
184.615
171.824
170.444
171.857
169.825
179.087
172.756
172.008
171.018
171.202
170.455
194.95
172.465
172.334
170.805
171.62
184.492
173.899
171.115
172.305
171.734
181.776
171.55
172.602
171.034
170.733
172.112
185.399
172.532
171.927
171.596
172.633
190.844
174.931
171.148
173.23
171.688
172.402
175.896
173.728
172.603
172.02
170.237
184.549
173.082
174.735
171.526
177.448
182.895
174.917
173.331
172.272
171.563
172.378
187.548
172.061
172.38
170.376
172.294
193.429
173.345
168.142
164.867
163.871
179.072
168.098
161.327
165.225
161.793
164.272
172.075
165.71
163.57
163.771
162.728
164.669
185.035
167.876
163.123
165.753
165.526
175.645
166.284
165.937
163.571
166.117
200.447
217.245
202.105
191.488
197.404
214.333
193.391
208.977
227.235
252.325
256.711
238.961
236.572
249.759
239.321
242.701
238.52
250.54
240.296
237.978
238.465
259.687
238.253
241.193
237.444
250.617
239.101
236.581
237.759
260.016
237.751
240.852
238.738
252.229
237.973
238.5
238.623
255.095
237.003
236.806
237.402
252.045
238.293
235.468
235.221
252.575
237.119
240.923
239.288
243.74
239.967
235.211
238.019
240.948
237.434
237.577
237.483
207.301
186.265
186.208
186.997
187.899
202.764
188.771
186.009
187.792
185.537
200.927
204.949
222.754
244.187
288.262
266.687
270.162
269.099
253.527
240.505
205.248
202.172
219.532
201.376
201.818
199.479
220.381
202.957
202.767
201.29
206.409
229.822
206.902
200.448
203.269
203.278
215.773
202.768
205.872
200.796
215.229
204.582
202.466
201.488
204.038
206.036
207.801
202.949
203.788
202.417
218.795
205
203.102
203.436
222.717
204.027
204.068
202.707
204.673
213.938
205.231
202.612
204.956
207.791
207.981
204.179
203.661
201.672
210.881
203.195
206.069
202.183
203.55
208.549
203.549
203.428
207.837
217.594
207.126
200.59
204.067
202.774
223.486
203.782
204.396
202.754
215.637
201.364
202.615
259.524
199.481
209.967
194.623
190.353
191.059
204.822
197.36
189.823
191.194
191.06
206.123
192.47
197.149
191.806
197.239
206.737
190.797
193.53
192.595
191.703
200.813
191.696
192.849
189.999
190.316
210.385
194.569
189.381
192.093
190.413
211.609
192.263
191.837
191.986
201.447
195.669
193.528
191.104
192.836
201.453
192.932
191.989
192.645
191.145
207.652
193.273
192.908
189.714
190.689
216.108
205.896
195.198
233.546
203.596
197.096
191.583
193.206
190.967
203.248
193.462
194.362
192.839
191.418
205.544
192.665
191.88
192.638
190.048
206.927
189.564
191.215
191.859
189.008
211.722
193.113
189.61
192.918
190.563
210.054
190.223
191.549
190.574
190.515
194.68
192.608
189.761
192.933
203.787
194.623
190.77
192.665
190.406
206.899
192.695
192.221
191.108
190.951
203.663
194.316
190.473
207.145
192.274
208.046
191.629
191.706
191.442
194.011
209.333
193.083
190.139
191.195
191.57
206.87
190.154
192.133
188.369
204.472
195.592
191.847
191.553
191.173
203.931
196.678
189.702
191.167
191.21
209.528
190.808
193.344
190.731
191.525
205.037
192.737
190.323
191.934
190.517
212.351
213.867
206.746
200.775
206.143
193.281
192.667
191.811
191.319
201.755
192.672
190.778
192.827
191.973
201.548
191.856
191.054
191.099
192.309
201.183
192.696
192.291
192.092
191.927
210.33
193.12
192.111
190.48
204.134
192.673
192.128
190.228
191.476
200.867
192.362
189.981
227.957
206.486
203.667
189.402
187.762
247.503
227.479
205.465
192.356
177.473
175.013
175.366
175.743
175.8
175.987
174.109
176.051
186.881
176.345
175.611
173.641
174.69
187.462
175.336
176.014
176.788
174.814
191.944
177.237
176.201
176.088
176.315
175.46
189.936
176.696
175.702
175.51
175.452
190.835
177.551
181.069
175.114
176.495
190.137
176.91
175.362
177.373
176.558
180.233
177.647
176.198
175.722
176.655
177.29
189.739
177.394
175.914
175.164
177.25
188.422
176.35
176.937
174.781
176.767
192.401
175.402
178.309
176.688
175.265
192.071
179.229
176.399
177.658
176.03
184.321
180.15
176.782
177.37
176.372
176.913
193.361
177.283
178.757
175.211
175.957
189.939
177.378
176.088
177.714
174.796
191.319
178.033
174.1
177.104
177.477
188.065
179.614
176.679
176.906
176.489
176.541
198.564
179.186
179.187
178.36
175.897
191.519
176.812
176.465
178.213
177.882
189.749
178.329
177.395
176.327
177.725
186.874
178.639
178.206
176.81
179.069
188.091
179.328
177.923
178.065
177.587
180.048
197.815
178.422
177.705
176.973
177.07
185.959
199.337
200.168
202.704
206.453
206.841
198.193
182.828
178.651
190.17
192.85
180.586
181.895
181.1
178.982
202.946
192.989
189.442
188.73
201.256
251.272
190.748
191.226
187.861
204.636
185.767
183.55
182.766
184.351
198.781
185.44
183.532
183.39
183.563
205.18
190.083
189.876
186.925
187.867
203.97
188.823
187.99
186.019
189.027
204.575
186.928
188.468
187.803
186.821
200.819
188.869
188.031
188.845
185.905
204.753
188.052
187.436
187.636
187.527
200.315
190.33
188.605
187.831
186.393
201.521
188.218
187.587
188.786
188.964
199.189
188.586
188.742
187.904
187.466
199.55
187.906
189.023
187.302
188.359
201.07
188.663
188.285
190.016
189.013
206.216
189.66
189.785
186.761
190.583
200.667
188.913
189.581
189.243
188.275
205.788
191.887
189.217
189.388
189.385
202.296
191.33
188.252
189.02
189.028
204.626
189.021
192.357
188.264
188.332
194.94
189.584
187.686
189.001
200.372
191.786
189.923
189.702
186.657
201.515
190.149
188.651
189.337
188.278
198.775
191.887
188.713
190.003
189.993
201.073
189.638
190.047
189.5
190.444
200.603
190.615
188.819
190.17
189.611
197.993
190.387
188.735
186.468
204.222
208.388
192.957
192.321
192.451
190.674
209.963
190.564
191.981
189.869
191.126
212.676
192.877
191.499
192.669
200.883
194.3
191.025
193.113
191.689
196.234
195.237
193.141
190.016
192.973
203.957
193.284
191.629
191.367
190.423
205.562
190.754
192.338
190.439
190.786
204.875
192.823
191.169
191.049
191.256
194.403
191.68
192.982
190.384
214.438
193.102
191.61
263.487
201.051
207.704
188.42
188.329
186.209
186.934
197.412
184.324
187.6
186.931
184.603
197.972
187.049
183.779
186.601
186.349
191.112
185.716
188.06
184.983
200.141
188.639
187.545
186.273
184.15
194.424
185.184
186.547
184.339
182.518
196.775
184.936
187.677
183.527
184.88
197.985
186.534
183.938
186.771
184.796
198.801
186.734
184.673
181.187
183.226
200.409
188.199
182.507
184.419
181.18
196.792
188.029
182.7
184.459
185.714
191.897
187.92
187.975
186.278
185.842
197.434
187.547
187.604
184.323
185.31
196.943
189.06
184.739
187.655
185.334
198.922
188.562
188.832
182.098
184.101
198.179
186.523
184.338
186.401
182.658
199.674
188.348
185.686
184.81
186.131
198.857
188.951
185.059
184.472
185.518
198.832
184.907
185.641
185.237
185.855
199.454
187.51
184.508
185.774
184.747
198.01
185.822
188.332
184.532
184.552
211.664
237.079
228.426
212.429
199.464
207.787
197.815
190.484
185.454
205.722
200.723
191.396
190.759
189.247
204.261
192.155
189.241
189.966
189.496
210.514
200.451
192.008
188.67
187.343
207.256
192.15
188.679
190.79
189.635
205.23
192.432
191.158
191.078
192.536
204.723
192.416
191.479
193.042
191.253
201.999
190.159
190.414
193.57
191.055
207.917
193.993
192.171
193.648
200.476
191.102
189.966
190.035
188.441
204.684
193.397
189.969
188.191
191.737
209.196
192.144
190.414
191.613
190.612
210.561
189.866
190.979
191.239
190.992
212.448
194.216
188.194
201.909
238.059
198.691
191.796
191.113
189.491
202.85
193.054
189.284
187.83
190.034
199.916
190.501
189.462
189.073
188.715
205.554
189.552
189.2
189.04
191.025
202.745
192.298
187.49
190.152
189.628
201.686
189.621
191.021
187.075
189.972
201.722
190.105
188.864
189.815
188.536
204.116
189.016
190.871
188.544
190.077
201.528
189.499
189.629
188.543
186.821
199.884
187.677
189.237
189.765
188.335
193.977
190.606
187.235
190.423
201.44
191.693
187.46
188.517
187.849
203.719
191.349
190.844
187.139
190.439
202.017
192.663
191.477
189.411
189.141
204.165
200.89
199.042
191.025
190.526
203.539
192.423
190.778
191.706
190.634
206.282
190.4
191.106
191.172
192.107
208.128
191.343
189.851
191.993
188.285
192.973
191.843
191.944
190.938
199.788
191.173
191.045
189.858
189.719
202.126
195.076
189.833
190.588
190.71
204.592
192.208
191.72
189.457
192.272
206.688
193.931
189.436
192.098
189.775
204.613
193.424
195.987
204.967
288.489
211.5
192.994
190.942
188.512
194.151
189.822
187.893
189.758
199.596
192.777
188.88
190.667
189.774
203.139
193.653
196.252
179.753
194.675
191.827
185.292
182.45
180.355
179.691
197.635
183.717
180.982
179.57
181.798
176.89
184.943
178.823
180.215
179.757
178.705
196.221
181.776
178.577
180.326
177.89
194.585
181.771
179.995
179.848
177.74
192.245
181.939
181.151
187.502
180.12
195.589
186.233
184.319
181.771
184.702
185.958
186.573
184.144
184.82
183.77
200.471
184.812
182.046
183.226
183.266
195.65
190.625
187.028
187.446
185.385
196.432
189.641
187.553
185.448
184.991
196.269
186.819
183.46
185.872
183.557
195.112
186.096
184.802
184.639
184.028
182.101
189.063
184.531
186.533
182.855
185.144
200.534
184.739
185.184
184.297
183.963
205.474
190.204
188.853
187.335
187.824
190.264
187.978
186.284
189.575
198.18
192.459
188.769
189.461
186.785
197.488
189.644
187.503
184.476
185.671
194.266
184.555
199.238
186.55
184.348
206.889
190.61
188.409
190.447
189.382
204.5
191.609
188.765
188.955
188.347
199.914
189.267
190.23
188.556
188.786
202.167
189.405
188.338
188.03
188.627
200.793
187.464
187.575
185.572
186.655
198.233
190.176
187.665
188.198
215.261
235.609
202.372
196.443
187.559
186.721
198.918
185.945
182.009
184.769
180.992
209.602
186.013
184.492
185.551
185.108
198.314
192.035
186.014
187.093
185.048
197.043
185.939
186.129
184.656
187.69
196.886
187.313
184.887
185.853
185.251
206.95
186.827
187.776
184.489
187.905
196.453
185.903
185.488
187.172
184.907
207.169
188.254
188.91
186.968
188.842
197.869
186.981
193.247
216.506
197.412
196.36
194.223
209.875
208.359
223.954
195.497
193.545
191.268
193.157
197.717
192.732
192.104
192.636
188.364
211.169
190.906
191.891
190.443
191.409
201.097
189.624
189.114
189.26
188.489
192.706
186.894
189.274
186.728
208.505
192.899
191.801
187.927
190.263
200.027
192.148
189.801
189.619
185.394
198.005
194.254
192.505
191.113
192.892
203.078
194.333
190.892
191.643
190.524
205.05
190.815
192.519
192.278
190.868
203.587
192.706
190.316
192.371
191.566
203.544
192.409
191.069
189.856
192.242
210.29
192.816
190.443
192.209
190.43
194.808
193.472
191.906
191.129
213.812
190.969
201.785
191.292
191.042
204.969
193.37
190.6
190.441
189.599
202.14
191.56
190.586
189.863
189.799
206.14
192.456
190.911
191.09
189.043
202.774
191.048
189.604
190.648
197.151
202.54
192.355
189.445
189.996
189.518
193.643
189.765
189.305
189.768
201.382
190.661
190.183
189.168
190.504
198.324
191.109
190.371
189.902
188.76
201.796
189.203
190.655
190.303
190.341
208.923
190.795
190.559
189.207
189.992
204.331
188.904
191.383
188.482
189.093
200.989
190.207
188.976
191.212
188.291
195.195
189.067
191.243
189.503
190.63
201.094
189.575
188.568
190.442
192.35
208.357
188.639
189.903
188.921
190.887
191.134
189.946
189.104
188.977
197.494
189.665
189.498
211.056
186.303
200.125
186.684
184.182
181.866
183.581
200.633
184.959
182.907
183.68
182.735
200.883
185.768
183.308
183.65
198.002
232.652
179.984
159.183
158.752
157.385
157.852
200.325
185.939
181.587
184.899
181.512
200.185
185.18
182.51
186.832
183.139
194.624
187.043
183.44
183.346
181.755
198.909
183.299
182.042
180.639
182.116
200.322
185.668
186.037
184.369
184.706
198.747
185.839
186.657
184.603
186.796
197.367
188.378
184.79
187.272
185.254
199.715
185.339
185.465
185.139
185.18
198.632
186.049
182.681
195.945
184.954
201.033
186.516
184.973
185.311
185.53
199.196
187.367
183.683
185.388
183.815
201.171
186.381
185.355
183.962
186.73
191.632
187.161
184.008
184.174
185.437
195.316
186.257
185.021
183.571
184.803
197.857
186.216
184.074
185.751
183.857
199.328
185.127
185.939
183.256
184.663
196.504
187.082
184.536
185.209
182.434
196.225
185.722
185.27
183.079
186.213
198.514
188.555
183.941
183.691
183.511
201.127
185.963
183.56
185.087
185
195.741
187.957
184.384
185.234
183.834
195.727
185.197
185.668
183.445
185.334
197.475
195.232
187.446
185.328
184.889
209.946
192.902
193.833
191.858
193.29
201.879
193.088
192.242
192.869
190.738
214.838
191.62
193.397
192.053
192.514
206.035
196.411
191.734
192.366
204.763
196.485
190.912
193.816
191.916
204.299
193.558
191.243
192.065
192.745
205.739
194.727
190.725
193.865
189.866
207.67
190.732
192.769
192.435
193.123
209.782
195.355
190.45
193.114
192.579
205.638
192.875
193.113
191.703
206.74
193.594
192.995
191.486
192.877
204.785
195.097
192.573
191.745
190.769
208.383
192.309
194.146
191.243
190.765
206.14
194.889
191.653
191.99
190.852
199.164
193.945
193.036
190.834
193.176
207.383
193.668
192.074
192.849
190.787
197.181
190.22
193.004
191.821
209.508
195.871
192.329
192.177
191.362
205.383
195.289
190.877
193.177
191.492
205.09
193.057
193.089
192.353
239.612
238.817
208.231
195.58
189.213
201.628
189.087
187.482
189.301
187.803
199.753
187.373
187.433
187.976
188.42
200.806
189.936
187.514
192.088
189.347
203.483
188.943
188.215
187.824
188.745
204.331
188.579
188.061
187.479
186.925
212.17
199.022
198.39
196.572
196.819
212.38
196.053
196.502
197.821
210.817
202.311
195.777
197.752
198.827
212.117
199.194
198.507
196.616
197.65
211.121
200.303
199.596
196.152
206.046
200.021
197.527
195.941
197.397
212.155
199.721
198.26
197.344
198.775
233.064
188.369
176.065
173.918
199.259
211.753
198.601
200.326
197.888
209.211
197.541
202.925
199.211
198.318
212.914
199.926
198.065
198.564
208.722
202.09
198.618
196.99
197.87
203.266
197.976
199.633
199.333
197.986
195.872
195.222
218.311
231.175
249.173
190.914
243.005
235.579
204.722
185.778
183.531
187.88
184.146
196.565
184.658
186.045
186.577
185.367
194.614
188.081
183.392
184.681
184.157
197.501
187.522
182.97
184.956
185.348
199.294
193.894
189.953
188.669
188.312
199.821
188.876
189.445
189.506
188.676
205.722
190.795
189.618
187.332
187.726
204.559
189.765
190.423
187.266
189.018
202.149
205.629
214.624
200.541
190.007
199.321
181.458
181.29
181.988
180.35
192.211
181.056
177.738
179.444
176.918
204.559
184.923
181.439
181.073
179.816
196.367
183.546
180.655
181.173
180.301
193.39
180.437
183.118
180.258
183.147
190.493
181.382
182.62
179.98
179.178
186.645
186.621
183.048
182.524
183.036
190.407
184.51
200.443
196.555
220.709
213.224
197.398
196.456
196.964
196.632
209.738
193.195
190.735
192.739
191.881
218.225
196.221
194.039
193.457
206.561
197.719
193.752
192.829
194.733
203.575
195.572
192.645
192.221
192.382
204.839
196.498
194.033
192.438
190.675
202.715
195.102
191.867
197.079
194.122
211.251
195.159
191.625
190.997
192.609
205.858
192.177
201.541
192.805
200.459
193.548
193.839
191.456
197.177
209.036
195.611
192.91
193.454
190.521
206.07
196.291
192.846
193.421
196.576
206.798
195.693
195.081
192.709
195.368
204.676
194.053
191.506
192.907
192.148
204.251
193.371
190.931
191.188
202.644
195.129
193.89
194.635
190.931
201.351
194.236
192.06
194.331
192.599
201.318
194.504
193.614
192.035
193.106
199.867
223.885
179.529
173.326
170.95
186.381
174.051
172.636
173.983
175.616
185.259
176.365
173.996
171.993
172.254
173.807
189.291
175.854
172.182
172.116
190.092
184.579
172.79
174.099
173.139
173.578
177.154
176.61
173.234
173.364
174.549
172.95
186.948
174.496
172.345
174.467
173.054
182.674
173.117
173.437
171.971
173.505
183.998
174.273
173.945
172.967
171.642
174.688
189.646
172.822
172.519
173.771
172.468
188.389
173.771
172.233
172.234
173.652
182.239
175.265
173.44
171.65
173.297
173.936
189.07
175.935
172.402
172.508
174.531
184.185
173.611
174.46
173.713
173.755
184.549
176.96
173.027
173.223
172.78
173.334
190.738
175.541
172.831
173.157
173.583
184.759
174.315
174.531
172.405
174.534
182.21
174.585
175.646
173.803
171.373
172.779
189.51
174.824
173.358
174.126
173.545
185.806
173.337
174.29
173.358
174.067
183.329
175.667
173.294
173.07
173.349
174.45
189.037
175.295
174.06
172.933
173.343
186.58
173.544
173.936
175.051
173.832
175.371
177.437
172.832
172.7
172.796
172.258
190.42
175.331
172.005
175.398
173.849
184.296
173.49
175.154
172.843
174.163
185.798
175.029
174.45
172.739
174.213
178.106
190.631
175.931
175.722
172.937
173.039
185.977
172.913
172.642
174.161
174.379
183.426
177.765
174.264
171.685
172.535
174.163
186.266
174.029
173.228
174.447
173.493
185.191
175.199
173.481
173.204
173.698
187.334
177.933
173.075
173.023
171.957
172.342
187.666
175.449
171.989
173.436
173.545
184.242
175.316
174.094
172.861
176.818
183.687
177.081
175.776
172.308
171.924
174.467
185.222
174.552
173.496
174.521
172.582
184.883
174.423
172.185
173.325
174.303
187.088
175.725
174.459
172.423
172.525
173
188.445
174.837
173.111
172.519
173.775
185.198
172.655
174.805
173.171
173.373
185.03
177.184
172.729
174.757
173.203
171.21
185.897
173.611
171.157
173.377
175.341
184.531
173.22
172.525
173.157
173.668
182.965
175.49
173.878
172.913
172.456
172.94
191.274
174.578
171.976
173.701
174.564
183.995
173.058
174.982
173.083
175.691
183.497
176.86
174.357
170.966
172.366
173.274
187.356
174.424
173.042
172.234
174.047
189.379
173.828
173.809
172.395
174.002
182.346
176.813
172.658
172.135
172.962
172.956
187.713
173.417
173.616
174.58
173.345
184.071
173.51
174.428
171.93
174.771
176.332
186.726
180.82
179.935
177.99
179.867
184.59
179.873
179.634
179.018
178.667
191.64
180.285
177.803
181.657
179.752
191.092
181.617
180.438
177.097
181.852
196.325
181.267
181.277
179.929
177.929
194.825
180.384
180.221
181.849
180.675
191.479
182.339
180.267
179.96
181.3
188.037
180.729
180.001
180.378
179.863
180.562
195.787
178.815
179.466
181.714
185.969
200.934
182.88
183.649
182.69
181.882
195.443
182.92
181.198
218.56
206.764
264.714
197.386
205.999
198.67
203.794
186.949
187.993
184.378
186.681
195.631
184.953
184.473
185.831
185.108
204.582
196.634
188.158
185.281
183.878
201.889
195.878
186.443
186.801
183.202
208.197
194.511
183.007
185.135
183.55
199.302
185.699
183.358
185.117
182.219
201.845
199.22
193.187
185
191.743
184.522
185.598
183.138
181.341
182.742
186.508
184.953
183.61
182.865
184.686
195.149
184.065
181.839
183.545
181.505
199.579
183.794
183.243
182.243
182.94
195.789
184.684
184.766
182.176
182.441
195.088
182.761
183.251
183.29
183.662
203.713
185.277
182.901
184.606
182.894
195.238
183.16
183.519
183.824
183.313
196.96
183.77
184.956
184.182
181.939
196.027
184.057
183.431
185.704
186.423
202.076
184.162
183.166
182.477
186.664
198.426
184.652
185.992
217.352
190.129
194.102
197.01
186.603
185.144
185.959
198.369
184.327
185.454
182.344
185.822
194.069
183.526
184.312
185.691
184.465
203.516
185.586
183.319
184.204
183.994
196.916
184.957
184.376
183.362
182.942
198.651
184.351
182.781
184.394
184.471
194.835
186.441
183.584
185.873
185.944
199.843
184.176
187.279
182.664
184.208
195.362
185.676
183.473
184.806
184.212
198.417
185.365
182.684
182.959
185.96
206.664
187.222
184.669
184.195
183.177
197.231
186.469
187.74
184.264
185.443
196.898
185.975
185.518
182.624
184.148
196.935
184.454
185.368
182.876
184.769
204.766
183.449
185.34
186.575
183.446
197.004
184.513
184.479
185.049
183.89
196.264
187.076
211.45
192.96
189.068
201.448
191.423
189.06
189.573
189.636
210.124
189.94
189.104
191.999
188.403
192.975
190.418
189.379
190.024
200.494
189.792
193.743
191.079
190.84
199.61
191.534
189.083
188.58
189.847
204.054
189.257
187.444
187.904
188.727
209.806
190.809
190.398
190.355
188.807
205.465
191.464
189.394
190.348
189.566
204.262
192.831
189.068
189.636
189.287
209.673
190.615
190.175
189.496
189.856
200.056
186.692
185.771
187.884
187.414
225.318
203.902
194.812
193.353
201.756
194.049
192.302
191.611
192.59
208.684
197.008
192.8
190.812
192.19
206.03
193.913
192.737
190.575
192.911
204.085
191.738
192.86
192.202
192.821
205.742
192.557
194.081
192.212
193.359
196.221
193.173
192.5
193.285
204.223
197.111
193.194
191.018
191.601
206.591
194.318
192.857
191.631
192.118
203.799
194.665
192.233
192.791
192.428
208.363
194.006
194.422
191.917
193.15
207.27
194.144
191.949
193.026
191.534
198.537
194.424
190.535
193.508
206.514
194.311
193.977
192.927
194.394
210.836
195.998
192.268
193.946
191.435
205.378
193.578
195.266
193.401
192.131
198.12
193.212
192.467
194.266
191.465
206.368
191.528
191.36
191.594
192.066
204.623
192.593
192.797
194.132
203.365
196.71
190.873
193.078
192.369
203.095
194.689
194.096
192.35
193.512
202.599
194.354
191.784
192.938
193.032
205.872
193.947
190.665
191.23
193.45
205.109
193.699
193.058
193.692
193.943
210.916
193.328
193.489
194.499
205.292
197.115
195.259
193.64
191.504
208.096
194.093
192.974
193.499
192.81
208.544
194.706
191.116
192.418
194.003
207.035
194.257
192.784
194.295
193.341
208.235
193.509
193.82
192.921
192.509
199.01
195.929
192.704
193.702
207.081
197.419
193.294
195.3
192.705
214.29
197.336
193.057
193.389
194.507
197.306
198.928
194.377
197.588
194.963
207.651
193.154
193.204
208.058
201.237
194.227
191.111
189.816
188.736
204.837
191.489
189.932
190.119
189.003
206.46
191.292
189.621
188.937
189.01
205.268
191.512
189.301
190.386
188.096
207.195
189.043
188.955
189.019
189.15
208.081
244.1
228.093
212.344
229.622
223.997
210.84
214.406
232.762
212.28
211.612
214.159
208.085
227.552
217.444
215.568
206.484
223.54
219.492
212.681
207.85
211.733
217.026
197.092
193.433
196.053
206.094
198.613
193.093
193.179
193.429
204.756
193.52
195.246
193.724
193.146
205.537
196.828
194.83
195.726
192.346
205.025
198.124
193.117
193.17
194.079
211.832
198.84
194.362
195.895
192.013
204.932
190.226
188.891
220.073
215.155
183.507
180.926
179.365
177.253
190.911
183.365
178.935
180.378
178.109
179.296
190.109
179.613
179.332
178.37
188.138
202.322
179.997
178.939
179.215
175.308
193.019
179.052
178.86
179.41
177.21
193.664
179.353
177.727
178.577
177.721
188.616
182.205
177.825
179.211
178.39
187.047
182.497
178.325
178.46
178.857
177.384
201.44
179.497
179.237
178.58
176.806
205.886
183.405
179.003
179.519
176.795
185.156
179.438
177.237
180.559
187.829
210.095
188.095
182.814
181.793
182.022
196.573
184.082
184.051
182.02
184.361
195.243
181.845
182.046
181.651
182.059
194.339
182.741
184.239
182.243
181.482
191.246
184.175
181.271
183.466
182.131
200.868
185.084
181.315
182.498
183.199
198.39
256.212
197.127
252.947
196.056
191.868
190.904
191.757
191.319
202.752
191.987
192.225
192.992
189.995
209.575
193.919
192.533
192.923
192.857
203.603
191.331
191.082
193.348
195.689
211.264
197.233
200.82
195.256
205.466
192.674
186.327
185.416
183.669
195.568
186.977
182.864
182.917
183.723
182.73
199.961
182.68
183.065
183.168
185.107
201.323
184.211
182.269
182.794
182.901
199.282
185.089
184.313
183.367
182.409
195.194
185.069
184.206
185.012
183.501
199.6
184.656
183.853
183.342
183.456
199.341
184.487
184.259
183.576
182.472
203.597
186.189
184.344
182.97
182.797
197.042
186.984
189.777
184.875
182.316
196.936
185.189
186.743
183.606
184.404
201.86
187.568
184.537
183.799
184.642
200.914
185.805
186.681
182.635
183.273
194.821
183.676
184.803
224.934
211.08
211.243
198.205
195.876
195.287
197.101
214.762
199.059
195.678
196.116
205.691
196.295
193.728
197.092
196.69
207.976
196.848
195.534
195.858
194.124
212.731
196.15
196.163
196.072
194.969
225.938
232.681
191.646
186.042
198.324
184.23
184.783
184.12
183.22
197.081
186.037
182.047
183.584
183.43
183.536
188.022
184.667
183.68
182.303
182.675
184.374
183.877
184.847
184.104
183.909
197.285
180.715
183.133
184.161
184.132
203.729
183.694
183.494
185.019
182.063
196.055
184.057
183.314
183.371
183.757
199.686
184.341
181.815
182.877
182.681
187.746
184.631
183.349
183.051
184.11
194.986
184.255
184.204
181.252
182.964
196.625
184.419
184.468
182.58
181.692
195.93
186.63
184.33
185.07
183.319
192.236
183.9
183.863
182.859
183.995
195.854
185.612
185.081
184.173
182.98
197.116
184.967
182.895
185.434
183.699
186.744
185.305
182.928
182.007
184.108
196.41
185.425
184.645
184.853
183.743
194.39
184.788
184.726
183.322
183.196
198.42
186.917
184.311
185.006
184.098
201.361
189.076
184.117
184.859
184.72
195.92
183.77
183.783
185.677
185.172
184.122
187.488
184.922
184.116
183.018
184.057
188.08
184.353
184.646
183.644
188.339
188.496
183.654
183.263
184.635
182.733
199.837
183.947
183.506
185.485
184.896
194.931
185.593
183.012
184.68
184.368
205.731
186.29
184.392
183.96
182.417
202.681
185.231
185.249
185.233
184.883
197.368
184.603
184.943
184.814
184.168
198.881
185.718
185.969
183.4
182.768
203.714
184.679
184.416
183.527
185.126
198.842
183.791
184.837
183.513
184.946
196.456
181.728
182.538
181.472
178.594
191.018
186.852
184.525
185.905
184.818
196.18
189.307
183.275
184.807
187.064
194.895
187.175
185.889
185.668
184.449
194.571
185.839
184.891
184.675
185.745
198.664
186.641
184.874
183.094
184.11
199.756
186.528
185.744
186.523
184.567
196.952
183.383
186.324
184.729
185.705
196.883
184.7
185.902
186.793
185.464
197.741
187.466
184.352
185.295
185.825
199.431
186.371
182.624
183.614
185.923
197.855
187.156
185.282
186.792
185.568
197.725
187.754
186.853
186.086
186.374
198.38
188.197
186.393
183.87
183.036
197.553
185.054
183.07
183.006
187.746
201.505
187.346
186.055
185.629
184.513
198.294
185.786
187.44
187.827
184.959
197.09
184.919
186.817
188.297
186.091
198.12
187.686
185.057
184.681
186.431
198.357
188.104
186.366
187.098
187.674
201.011
185.752
187.56
185.586
186.384
200.7
186.037
185.358
185.872
184.204
203.118
186.958
186.43
188.537
186.693
196.874
185.247
184.108
187.162
186.507
196.09
185.719
184.342
225.652
236.211
209.515
209.036
207.283
208.666
223.667
212.95
210.865
209.561
223.236
208.027
208.333
207.246
209.214
218.477
208.084
207.081
207.332
212.284
209.77
207.139
207.349
207.253
225.919
206.929
206.838
207.533
213.331
207.487
208.528
208.538
208.564
223.713
208.977
206.705
208.79
212.425
209.14
206.745
205.558
204.609
224.141
207.166
206.882
206.935
219.597
208.364
206.831
206.604
206.344
222.513
210.912
207.353
209.819
219.463
208.038
205.532
205.335
207.786
220.626
207.999
207.385
206.678
210.828
208.38
206.425
206.949
206.697
221.698
207.874
207.96
206.618
218.398
207.945
207.022
207.211
207.419
220.697
207.473
206.583
205.431
218.407
207.226
213.124
206.548
206.992
221.464
207.359
205.475
207.626
215.737
207.226
208.192
206.914
207.547
217.916
205.601
206.23
206.444
218.984
209.854
206.404
208.353
206.005
214.922
210.318
208.237
207.503
219.524
210.428
210.39
206.257
206.929
217.785
206.36
207.462
206.273
221.226
211.543
208.829
204.895
207.031
219.988
207.443
208.386
206.146
218.48
226.52
206.928
206.423
209.043
225.358
208.125
207.248
207.986
213.172
208.805
207.273
206.921
209.301
226.162
209.311
207.52
206.097
217.765
210.51
208.008
208.335
208.769
224.712
208.147
207.866
206.036
219.256
208.835
208.041
208.222
206.923
219.039
207.068
207.726
207.149
210.157
208.905
205.656
222.162
216.649
248.895
197.936
197.033
196.592
257.927
196.96
252.445
195.821
218.765
192.779
191.52
189.854
189.794
200.793
193.631
191.163
190.518
190.124
201.711
192.426
188.866
191.788
191.015
201.996
192.087
189.548
190.219
190.68
202.64
193.098
191.443
191.443
190.805
205.298
191.22
191.082
190.38
194.127
205.355
194.685
191.249
191.65
195.387
194.868
190.681
192.498
189.812
203.322
192.119
190.706
205.051
185.448
195.819
186.791
183.012
184.245
198.958
214.338
200.037
208.198
201.064
202.407
221.504
202.744
202.687
209.28
218.778
205.1
203.292
206.128
204.921
215.493
205.434
203.055
202.713
209.548
205.313
208.656
207.443
208.168
221.872
208.627
207.841
234.071
243.099
236.576
240.231
234.899
243.241
239.208
235.269
234.218
246.531
238.854
235.4
207.858
210.852
209.542
205.351
203.822
204.864
219.834
213.018
204.299
205.174
217.013
207.639
205.527
204.421
207.016
218.463
205.04
205.388
205.247
205.016
207.76
204.699
206.775
202.661
216.42
204.177
206.041
205.341
231.984
224.444
207.425
206.742
213.601
226.793
218.063
227.858
199.753
204.843
196.049
193.314
240.891
239.217
249.758
235.978
236.931
237.436
241.357
242.163
239.367
251.306
239.306
239.954
238.401
239.463
243.036
237.918
239.186
249.923
238.848
241.036
238.318
275.798
243.298
239.223
240.072
254.685
239.389
236.165
237.424
256.509
241.996
239.64
240.131
247.981
240.161
240.495
253.318
242.962
241.163
239.16
243.036
239.698
240.888
238.634
254.281
240.423
236.058
237.679
248.176
241.053
240.63
238.547
228.66
197.287
194.341
178.645
184.922
203.391
165.838
175.887
213.993
170.263
180.401
162.992
177.549
202.192
185.876
197.595
193.949
186.784
189.458
186.386
198.583
186.675
186.701
187.352
185.055
198.695
191.406
185.044
236.829
252.396
241.825
238.303
238.637
256.999
245.07
238.955
240.219
250.429
241.28
237.942
235.851
247.567
240.958
239.683
235.707
259.36
240.099
238.242
241.719
250.932
243.894
239.229
239.446
241.291
238.444
236.639
238.162
236.877
237.649
192.389
186.186
202.105
191.021
186.197
185.19
185.427
198.991
188.979
182.925
182.116
182.296
198.083
240.462
238.005
238.42
250.564
240.068
235.376
254.953
236.149
178.979
173.896
174.651
172.218
184.783
174.324
173.507
170.52
193.596
232.312
209.458
202.567
238.159
266.43
251.009
246.818
245.374
248.848
247.777
247.454
245.06
256.669
246.119
244.244
242.42
251.222
187.263
180.192
176.11
179.232
195.064
179.538
177.993
178.16
178.638
190.637
179.095
178.909
179.397
177.692
190.965
179.84
180.074
177.574
176.963
192.295
179.995
177.554
176.703
177.943
184.044
183.386
177.648
178.381
178.339
177.839
180.842
176.933
178.357
175.463
388.519
202.028
183.652
182.438
197.181
249.263
229.409
220.441
220.294
233.253
221.169
239.424
244.844
231.35
206.168
201.194
200.655
245.178
203.679
197.484
192.993
192.976
210.971
193.684
193.657
192.094
194.77
208.863
193.059
193.742
196.94
203.853
197.123
193.273
195.074
193.316
203.844
195.89
196.235
194.412
194.522
214.891
196.509
194.71
194.229
193.597
218.232
204.772
203.345
202.883
206.207
203.742
201.767
203.326
205.395
248.197
202.762
203.462
203.466
216.752
203.235
204.414
206.642
202.278
231.004
202.883
203.545
202.052
238.395
204.478
245.841
203.38
202.878
237.003
205.911
203.267
202.713
246.82
207.505
202.104
201.892
202.884
217.061
205.341
244.698
202.987
216.007
223.4
218.804
214.222
224.947
214.868
210.341
210.15
212.505
224.071
212.943
240.257
259.404
255.526
231.872
231.923
188.147
198.227
185.069
182.504
186.513
195.461
203.653
189.323
190.008
185.352
183.14
197.854
187.503
192.633
185.165
198.777
207.884
194.407
205.668
219.024
199.32
215.74
199.034
196.7
197.583
209.62
203.05
196.882
196.724
198.228
205.704
202.023
203.621
198.359
198.329
213.265
200.6
198.853
199.528
195.869
208.543
194.384
194.038
192.938
219.338
199.651
195.698
213.941
198.519
211.461
198.255
196.064
197.764
197.265
213.897
195.96
200.374
197.617
212.032
197.606
224.634
209.386
208.952
200.712
190.18
186.098
185.59
185.289
202.592
187.525
185.697
186.011
189.332
197.81
187.996
185.755
186.446
187.289
201.807
187.321
190.028
185.92
185.499
200.426
189.169
187.238
188.567
184.804
201.109
186.552
187.247
186.543
188.194
200.571
186.782
199.388
190.823
185.388
202.785
187.725
186.983
187.575
186.592
200.237
189.722
186.642
187.394
187.12
200.985
187.542
186.779
186.107
188.788
202.609
187.171
186.011
187.842
187.016
201.376
187.813
189.684
186.299
187.565
201.217
188.414
189.104
186.546
187.413
205.055
188.693
187.371
187.526
187.38
200.23
186.293
212.349
211.475
233.605
208.687
198.076
219.674
225.685
231.183
215.286
214.257
211.863
224.003
212.907
212.272
213.13
211.885
229.792
213.284
212.585
211.642
227.112
208.964
208.619
208.333
225.034
231.711
222.65
217.36
218.533
235.265
220.287
216.955
217.743
235.07
218.892
219.899
215.822
231.834
216.756
213.575
213.148
214.269
221.059
216.998
220.658
217.052
228.233
216.802
215.04
217.846
226.081
217.129
217.572
218.842
228.147
214.335
215.6
214.92
215.15
231.103
217.067
217.638
218.323
229.296
219.086
218.476
218.573
231.869
216.23
220.547
217.606
217
231.981
215.792
213.957
274.727
272.806
221.516
216.08
214.199
229.677
215.643
216.031
216.731
231.656
220.008
217.644
217.777
228.053
223.057
217.069
215.649
216.349
235.451
219.926
216.481
216.558
233.247
219.708
219.151
217.62
233.604
219.037
214.977
217.587
231.919
220.284
217.693
217.055
216.113
231.632
216.835
219.836
220.718
236.42
217.259
221.179
217.978
222.285
219.616
216.39
216.942
216.481
228.76
214.041
217.838
217.864
230.853
216.796
218.479
221.385
222.342
217.93
218.95
219.331
217.372
228.822
220.381
217.289
214.943
236.711
194.742
189.271
189.113
187.732
200.988
258.371
229.662
238.947
241.439
222.936
220.789
229.791
235.915
222.716
218.492
218.774
231.969
221.87
218.48
219.867
234.045
220.383
218.306
220.162
290.657
228.94
220.203
221.055
222.035
235.418
218.359
219.253
217.517
231.283
218.144
216.901
216.878
227.521
219.763
220.417
219.809
219.377
221.46
218.815
218.969
216.988
227.458
218.134
216.964
221.118
226.683
213.512
211.746
211.81
210.079
229.753
210.89
209.055
210.204
220.61
205.888
205.246
206.896
219.223
227.011
215.867
215.087
213.503
217.41
212.625
210.982
212.244
227.412
216.752
235.851
341.707
253.437
233.664
224.193
230.062
244.761
232.138
231.301
231.19
237.096
230.438
218.565
226.586
245.975
231.672
229.677
232.083
254.706
228.36
221.069
230.867
233.064
224.528
223.745
223.77
233.897
224.405
221.933
227.338
238.38
236.371
242.875
378.761
230.784
197.237
192.742
189.579
273.894
197.939
191.825
192.426
193.078
205.494
191.337
190.345
190.237
190.082
205.087
182.726
187.953
184.602
184.621
256.393
189.437
191.324
193.586
259.804
185.511
179.662
178.434
176.799
199.215
179.871
176.886
177.905
178.872
188.038
178.377
176.458
177.599
178.301
245.412
201.658
187.843
184.893
183.654
198.126
179.939
204.625
197.451
187.101
212.916
224.423
215.373
211.066
214.461
197.292
193.27
191.723
196.314
203.119
191.102
190.069
188.281
189.222
204.743
191.283
189.966
189.381
188.134
203.156
191.275
188.926
187.857
190.029
204.217
190.633
189.685
188.276
188.502
207.229
190.076
189.89
190.586
188.465
201.864
188.068
185.673
309.355
227.055
205.392
206.437
203.316
199.577
215.553
199.878
206.754
199.585
206.777
204.296
200.129
199.839
197.759
211.439
199.44
197.301
199.66
199.793
216.152
199.163
200.598
199.112
212.733
233.511
253.214
220.976
211.865
234.418
234.659
190.064
185.932
199.587
187.722
187.665
184.537
206.414
228.342
213.737
216.689
209
230.805
213.936
215.289
213.749
220.573
1189.1
218.288
210.511
207.316
225.731
206.891
201.319
206.576
203.953
217.997
204.678
210.805
213.415
226.366
207.5
209.44
209.947
206.571
210.104
204.808
206.986
205.896
213.757
204.999
204.502
207.745
205.699
218.967
210.465
209.723
205.254
217.667
199.009
186.378
184.588
182.445
201.012
185.365
184.21
182.482
181.322
204.246
182.91
183.118
183.052
182.997
196.009
183.665
183.106
183.04
182.609
202.369
183.13
199.995
229.866
199.636
202.615
186.207
186.901
186.363
187.012
201.845
185.755
186.203
185.407
184.738
196.867
186.789
186.18
184.85
185.729
189.214
185.019
186.768
185.438
186.127
199.53
185.632
184.826
186.501
185.747
200.397
190.327
186.564
189.875
188.402
198.026
185.608
185.19
186.08
183.379
201.009
190.968
183.803
185.629
185.181
198.485
188.775
186.267
186.529
186.745
198.407
185.123
186.856
185.137
184.853
196.015
188.408
184.727
186.633
185.432
203.499
186.616
187.269
184.541
185.467
197.165
372.011
201.251
190.184
205.193
190.696
186.423
187.797
188.566
201.629
187.503
184.267
183.848
184.093
204.746
188.589
187.171
183.617
221.334
272.29
202.208
196.373
198.628
214.053
199.695
198.408
224.853
201.852
213.051
282.788
199.744
191.752
209.346
191.733
190.111
190.188
188.351
209.044
189.668
189.223
190.48
190.352
205.31
189.365
189.7
189.016
188.724
210.408
191.429
231.034
232.07
247.44
231.061
213.846
230.932
248.143
233.744
228.483
228.829
249.587
232.567
196.384
198.074
189.062
205.925
188.531
188.805
188.25
189.018
206.548
190.296
191.488
194.077
200.594
191.358
189.767
189.751
190.883
212.341
191.687
191.731
190.011
191.088
202.248
191.114
224.145
210.224
209.542
199.972
198.299
198.291
198.91
264.605
204.396
220.238
214.192
229.842
193.953
186.219
181.869
181.565
203.798
187.469
186.043
186.575
185.698
200.215
188.569
185.752
184.538
184.432
198.83
189.057
186.982
185.274
184.38
206.056
187.894
185.822
186.606
187.222
239.731
227.559
198.374
184.905
259.542
194.929
178.501
178.67
178.127
191.947
181.31
178.808
178.38
179.199
175.439
197.021
176.818
178.165
176.789
176.332
188.906
179.215
176.411
178.194
175.58
188.389
176.897
177.682
177.14
177.675
188.323
182.3
176.716
176.415
176.979
177.855
181.614
179.172
175.425
178.336
176.723
191.369
176.365
180.452
176.95
181.859
187.439
181.289
177.199
177.728
176.382
191.376
189.924
214.687
180.07
178.891
189.993
178.876
176.79
176.458
178.068
195.888
181.573
179.104
177.811
178.489
191.268
181.73
177.761
178.055
176.573
179.909
194.281
179.675
177.349
177.517
178.212
190.81
179.184
180.252
179.177
177.492
194.549
179.963
179.015
180.55
178.08
188.69
180.236
180.401
178.753
179.38
190.011
182.101
178.657
181.263
177.735
178.714
192.781
178.423
179.266
180.136
176.892
192.423
179.602
179.535
179.036
177.567
190.401
180.483
177.594
181.208
178.847
195.692
179.939
179.451
178.263
178.492
190.545
181.159
177.909
179.217
178.349
178.014
181.801
178.685
178.419
181.169
178.513
194.305
177.65
178.479
176.781
178.648
189.884
177.943
193.472
194.075
193.417
207.696
184.513
182.81
182.829
227.111
212.429
210.971
211.115
209.094
243.046
188.371
182.607
182.56
181.914
231.093
192.344
184.953
185.298
188.742
201.749
187.4
185.631
184.992
184.793
200.41
186.246
185.695
205.123
191.719
206.571
197.578
185.59
184.879
186.068
191.202
185.298
188.714
184.546
184.627
197.457
184.221
183.705
186.071
181.677
199.93
187.149
184.959
182.756
183.969
211.151
187.313
183.779
185.957
183.141
200.182
187.665
184.242
182.749
181.804
217.455
204.986
191.076
192.141
190.762
192.498
189.842
191.026
190.216
203.616
193.348
191.379
188.703
189.532
198.029
192.634
188.776
190.468
230.818
202.576
168.207
166.478
165.927
166.047
179.975
168.871
163.766
165.478
164.643
164.7
178.672
167.635
164.949
165.807
165.425
179.617
170.052
166.42
164.54
165.941
165.147
179.135
167.166
171.187
165.339
167.625
165.847
168.57
164.729
166.937
165.276
165.355
175.267
166.802
165.653
166.553
164.607
166.964
180.047
166.386
164.625
165.706
164.041
186.585
169.136
168.591
165.653
166.09
165.603
176.286
166.693
166.525
164.938
167.079
177.809
168.255
166.359
166.529
165.47
167.676
188.715
167.349
166.772
166.766
165.095
185.446
169.577
166.709
166.381
168.011
165.336
180.712
165.128
164.598
164.83
165.092
173.063
166.038
162.021
161.443
162.697
163.046
177.644
164.728
161.079
162.79
162.45
200.105
209.902
170.642
161.821
166.871
163.285
186.96
163.451
163.869
162.345
162.435
174.82
171.187
165.647
166.299
162.627
165.46
182.685
166.756
164.254
166.219
164.29
177.433
184.063
169.761
165.753
164.326
163.605
186.543
168.314
166.706
165.596
165.868
177.941
168.797
163.855
165.178
162.863
165.693
172.625
163.776
165.202
165.171
165.33
166.461
176.029
879.445
232.044
210.122
209.205
217.452
210.565
210.96
197.5
189.716
198.242
186.838
186.413
187.28
186.389
196.818
185.843
189.052
184.603
185.517
205.839
187.819
184.278
186.703
184.953
202.115
186.985
186.623
185.118
185.954
204.153
189.112
186.269
187.475
185.397
199.445
228.101
204.297
190.624
203
191.608
190.997
188.037
189.833
192.464
191.668
188.519
189.292
188.015
210.719
191.671
188.364
189.043
189.548
202.143
189.193
188.937
189.376
188.113
201.126
188.681
187.201
188.234
189.135
200.561
190.526
187.434
187.534
187.588
202.209
187.939
188.913
187.888
189.612
203.247
186.981
187.487
187.25
204.839
216.808
181.274
183.073
179.263
179.318
196.564
180.23
179.953
179.829
177.774
201.687
180.932
182.481
180.721
179.177
197.761
180.901
176.306
178.781
176.382
206.506
192.329
191.16
189.666
189.38
210.702
190.341
188.868
191.03
189.891
206.014
190.248
189.533
187.995
205.506
231.145
214.934
212.937
194.625
205.382
194.932
191.791
192.188
193.289
211.33
192.051
196.221
192.63
203.387
194.588
195
191.688
193.436
204.649
194.302
192.706
195.481
192.535
213.996
193.389
193.852
193.247
194.216
206.691
195.633
191.941
194.239
193.836
195.963
192.928
195.012
192.675
205.06
194.492
195.762
190.961
192.687
208.405
190.116
189.167
191.149
205.093
235.677
217.974
205.602
203.617
221.367
205.189
205.39
205.654
205.644
218.122
206.819
202.585
204.673
218.538
205.404
204.365
207.232
203.132
215.92
202.554
205.749
203.767
212.729
208.028
205.394
203.927
202.531
218.11
202.582
199.332
263.392
232.669
220.284
213.514
213.962
203.002
213.467
194.868
192.612
190.681
195.13
195.211
192.522
191.812
191.259
200.114
192.856
190.853
193.577
191.674
196.857
192.82
191.744
190.811
191.487
207.089
196.804
191.479
190.456
192.11
206.798
192.465
192.756
190.523
194.452
205.111
192.826
190.838
193.135
191.275
203.343
193.262
193.365
191.578
191.626
201.4
193.255
345.281
193.049
208.285
194.086
189.077
204.399
215.169
203.857
202.66
201.918
190.113
204.743
202.45
202.643
202.658
201.894
200.87
189.849
190.39
191.86
190.724
210.016
189.208
191.329
189.194
189.945
193.282
190.353
189.331
190.937
197.717
189.765
189.475
189.507
189.758
206.018
191.385
191.539
189.151
191.565
200.687
191.821
189.988
190.037
190.537
203.179
190.795
192.345
189.205
193.995
205.946
195.537
190.092
191.209
190.347
203.342
191.368
191.256
190.354
193.448
202.681
190.961
189.049
191.16
189.98
202.45
190.661
193.206
191.226
204.762
193.665
192.762
190.541
191.437
201.178
195.583
189.861
194.721
191.38
202.724
193.323
190.694
201.408
195.399
251.159
212.658
249.648
215.37
257.168
187.076
182.483
183.851
183.503
196.242
184.659
184.178
182.738
182.1
196.85
183.935
183.091
182.374
182.417
197.464
183.918
227.085
196.104
191.897
208.178
191.262
191.791
200.535
215.094
200.27
196.877
200.673
197.955
216.739
198.454
198.818
197.668
197.274
210.119
201.117
197.034
199.455
197.736
213.989
198.113
197.651
198.095
211.283
198.641
197.541
198.172
200.471
214.715
201.398
197.525
200.194
199.87
215.09
198.607
200.956
198.537
213.174
202.2
200.095
198.357
199.72
207.419
200.425
197.851
198.412
197.127
208.716
199.598
206.821
200.679
200.05
202.778
200.706
197.263
199.68
215.022
272.565
234.679
202.477
214.147
201.686
198.293
199.787
198.691
214.751
200.092
199.696
200.492
198.681
215.146
202.05
197.701
200.916
211.509
203.265
198.573
201.043
199.745
212.071
200.441
200.147
199.226
201.464
211.46
200.722
199.453
202.015
208.511
202.768
200.118
200.787
200.388
216.682
200.044
203.9
198.267
238.876
222.658
202.17
198.285
218.841
222.031
207.99
206.526
198.797
198.045
213.458
195.039
194.825
195.267
205.982
195.289
196.58
194.27
194.371
210.126
195.308
192.79
197.031
193.893
199.538
194.105
195.586
193.884
194.928
208.231
196.405
194.009
194.586
192.504
200.06
192.997
194.594
194.818
206.3
193.853
194.312
194.045
197.229
213.094
197.868
192.672
194.917
194.007
205.343
194.364
193.442
193.193
194.092
211.154
194.2
192.318
194.051
197.136
197.329
192.428
193.147
194.552
212.275
194.363
194.227
194.841
193.665
205.475
194.382
192.004
196.261
192.502
211.112
195.449
192.753
192.861
203.031
194.838
194.444
194.327
194.354
205.647
196.82
192.663
193.829
194.352
206.988
193.623
193.786
192.225
191.916
209.319
194.046
192.747
194.948
191.242
210.754
195.091
193.676
192
206.344
194.423
194.792
193.795
193.99
204.619
196.676
193.434
192.495
194.387
210.564
195.293
195.142
194.368
193.437
207.419
193.021
192.913
195.392
203.419
194.778
194.77
195.136
193.412
203.385
194.734
195.295
193.437
195.38
211.759
187.837
185.11
184.615
185.424
210.429
191.511
192.289
191.166
191.397
203.297
191.807
189.777
193.752
190.13
205.872
191.872
191.527
190.062
207.686
195.042
192.234
191.061
190.447
200.291
193.031
190.556
190.221
191.412
200.573
190.512
191.924
190.54
191.327
202.967
192.6
189.277
192.964
191.555
207.84
205.715
195.737
192.456
194.2
196.756
196.516
195.013
194.492
202.631
196.923
193.391
192.387
193.584
211.379
193.1
195.078
192.549
192.935
210.899
193.301
191.74
195.396
203.236
223.563
193.006
193.295
191.014
210.491
193.889
194.572
194.365
191.737
206.434
195.059
193.926
192.353
191.25
206.561
190.46
192.235
191.276
192.87
194.905
190.831
193.404
194.326
192.595
211.62
195.59
195.476
194.189
193.345
193.95
193.892
190.983
191.413
193.224
194.556
193.944
192.613
192.329
204.349
191.935
192.049
191.402
192.025
210.919
195.62
191.642
194.977
192.538
202.029
192.03
193.635
192.251
193.478
202.825
194.805
193.342
192.179
192.128
212.177
191.627
192.877
192.158
210.31
196.877
192.595
189.868
192.772
203.66
195.427
190.308
193.467
191.365
207.292
194.784
193.828
192.525
193.097
205.201
193.752
191.165
191.152
190.297
212.607
193.53
194.952
190.564
193.614
205.882
193.969
191.587
190.062
193.016
194.964
191.683
195.379
189.764
205.052
194.188
194.177
192.589
190.323
209.921
196.367
192.321
194.16
192.121
206.972
190.149
862.265
203.939
192.663
189.111
202.015
191.232
186.654
186.343
190.67
201.625
195.496
186.995
187.77
189.491
204.182
343.359
225.96
205.341
211.337
201.867
197.731
194.483
198.11
214.485
209.735
191.71
191.74
189.491
202.882
207.439
194.233
191.661
212.793
192.742
193.063
187.68
189.024
208.606
190.934
186.018
186.102
184.004
209.26
190.783
189.614
189.007
189.385
210.313
192.145
194.043
213.875
240.527
235.497
229.562
199.088
194.745
205.721
190.345
192.09
188.345
189.565
198.371
191.46
188.76
190.159
202.885
195.15
192.329
187.454
189.872
203.073
188.272
187.822
204.505
197.527
211.673
199.89
246.233
229.945
244.469
231.183
235.004
202.079
203.523
195.672
190.857
192.044
188.913
211.527
193.759
200.653
229.695
198.607
200.886
199.146
296.279
225.755
215.834
190.621
185.842
186.51
187.076
191.322
166.377
162.648
163.115
165.023
178.745
164.519
163.762
163.957
162.98
163.761
182.38
164.718
164.038
163.06
163.332
168.167
165.478
162.745
163.389
164.402
163.115
176.606
164.937
164.79
163.009
163.276
175.415
170.871
165.347
163.751
164.256
165.331
178.48
166.07
164.254
167.273
164.685
166.314
179.903
165.544
164.062
162.529
163.718
174.859
166.26
167.653
164.093
164.088
164.23
176.449
164.061
165.985
164.298
163.683
163.794
180.783
164.727
165.644
164.362
165.427
178.654
167.031
164.151
164.946
163.178
162.934
176.451
166.886
163.44
165.018
162.78
174.802
164.99
163.687
163.446
166.795
163.229
179.028
164.929
166.213
164.225
165.803
163.141
177.036
164.536
163.894
163.878
167.623
174.417
165.397
163.415
165.83
163.193
165.048
176.796
164.489
164.692
164.101
162.898
166.724
167.814
164.481
164.65
164.489
162.889
180.419
165.421
165.04
164.5
164.642
163.128
180.97
163.295
163.924
165.043
166.759
176.412
169.571
164.142
164.783
164.181
164.839
175.744
166.203
164.597
164.024
166.163
164.962
169.806
165.87
164.556
165.551
164.967
175.394
164.814
164.783
164.739
163.526
165.252
177.89
164.562
164.913
164.201
165.057
176.539
165.226
164.502
167.942
163.653
165.046
181.731
167.091
164.81
166.005
164.093
165.604
180.052
167.457
165.878
166.122
163.691
177.729
166.854
167.131
165.834
165.184
165.108
178.333
165.326
164.344
164.209
166.997
177.762
167.813
165.762
166.076
163.718
164.6
176.446
168.215
164.733
166.573
164.255
165.32
166.891
165.63
164.88
166.337
163.152
178.409
167.161
165.608
166.11
165.527
163.992
184.288
165.815
165.178
166.402
167.586
174.436
167.887
164.542
165.798
166.212
166.409
182.216
167.346
165.491
165.195
165.947
179.075
166.14
166.952
164.823
165.926
164.778
177.23
165.318
166.922
165.711
165.175
165.568
177.558
165.385
166.231
165.579
167.496
180.907
168.381
164.602
166.467
164.976
166.928
182.197
169.961
164.516
165.704
164.772
175.353
168.739
166.787
163.615
166.993
164.893
185.123
167.824
165.561
165.11
180.418
225
203.653
195.884
203.84
202.959
216.987
205.38
211.557
198.393
217.353
211.633
207.63
202.102
200.613
235.235
199.707
195.382
212.088
212.086
199.366
209.699
172.459
166.835
188.198
173.976
169.043
168.476
166.523
164.907
188.547
166.669
166.067
166.768
168.255
183.944
171.079
167.189
166.845
167.433
164.953
208.418
190.705
185.013
184.572
183.707
188.284
181.328
183.716
182.147
216.579
211.169
193.425
191.139
191.947
208.522
194.579
192.456
192.973
190.17
209.073
191.957
192.418
191.863
189.746
198.597
195.631
189.806
190.618
190.681
206.22
190.955
191.704
189.632
192.423
202.928
191.338
190.965
192.59
188.484
203.78
192.068
189.944
190.738
191.072
205.03
188.877
189.866
187.454
192.113
197.515
189.553
188.769
190.474
203.954
191.601
191.346
189.343
192.222
210.344
194.214
190.847
190.849
187.83
203.082
193.963
192.084
190.72
192.312
213.461
195.045
193.785
189.712
189.96
205.625
197.683
189.541
189.387
188.315
204.667
192.997
190.372
193.171
189.616
198.387
183.729
185.187
182.982
182.984
218.778
189.923
188.293
190.528
187.066
204.492
189.569
187.493
188.516
190.487
204.964
189.318
188.15
188.285
188.299
201.421
195.46
187.804
185.665
185.743
209.719
240.399
199.172
188.803
206.285
191.299
187.376
188.185
188.716
202.08
190.236
188.986
187.422
189.047
203.821
186.507
186.38
186.397
185.842
209.726
204.636
204.513
198.925
188.872
189.852
189.675
189.843
187.078
195.426
192.507
185.611
187.984
187.566
197.538
193.558
190.943
187.994
190.738
198.496
189.882
189.709
187.012
187.205
203.953
190.403
190.936
187.581
188.016
201.843
189.615
188.679
187.055
188.867
202.958
187.894
188.902
187.53
189
201.716
187.728
187.686
190.564
187.999
211.493
204.613
193.317
191.219
194.708
209.356
193.264
192.649
192.392
205.625
196.093
191.69
190.832
202.895
208.068
191.96
193.197
192.649
192.362
208.277
191.717
187.283
190.707
186.756
211.412
197.622
194.604
201.054
235.707
209.521
206.721
198.546
200.859
210.167
197.268
197.12
195.824
195.575
211.423
191.304
191.172
190.063
189.428
228.242
210.577
198.988
202.603
214.67
203.018
200.298
200.576
197.719
211.998
199.543
200.659
198.598
199.081
216.189
204.269
198.767
200.386
211.216
201.358
198.85
200.383
199.105
212.239
200.697
199.28
198.312
202.597
211.232
198.77
199.572
200.329
205.499
206.872
200.065
200.429
198.573
210.447
199.563
201.668
200.047
199.034
212.02
201.915
197.869
199.221
204.173
202.162
199.935
198.841
199.368
216.88
202.034
198.777
198.51
200.66
207.031
200.023
197.204
201.619
210.086
200.886
200.15
200.05
198.745
214.297
200.041
200.137
197.625
200.324
218.705
201.582
200.356
199.373
202.627
203.049
199.987
200.918
198.795
213.852
198.113
202.113
193.551
194.323
223.289
203.761
199.28
201.334
202.851
200.7
200.459
199.83
199.048
218.513
200.893
200.388
199.303
199.916
232.402
208.724
202.72
204.396
214.604
205.281
203.329
201.87
203.189
217.692
204.69
203.923
203.479
216.146
204.164
202.17
201.527
202.835
216.754
203.773
201.758
200.101
201.056
244.348
267.837
239.91
173.695
187.1
175.617
176.019
175.617
175.649
188.78
177.762
173.896
175.004
173.655
186.109
181.327
174.742
173.154
175.273
173.502
187.3
175.162
175.039
174.852
175.482
185.945
176.324
173.932
175.355
175.303
184.402
176.589
175.289
173.711
173.611
176.152
192.673
174.519
175.153
174.888
174.618
188.112
174.994
175.323
174.444
176.137
186.982
175.899
174.086
174.69
175.081
186.857
179.57
176.095
176.315
174.961
174.032
192.486
176.315
174.778
175.151
174.146
187.533
177.187
176.128
175.199
175.612
179.232
178.363
174.892
174.733
176.583
173.678
189.676
178.416
174.16
173.764
174.553
194.885
175.222
173.676
173.231
174.251
189.421
175.907
176.094
175.718
173.725
183.47
175.746
175.436
173.779
175.479
175.322
189.834
175.525
177.022
174.52
176.21
188.806
174.83
175.342
174.257
174.32
180.152
178.36
175.707
175.623
176.38
174.001
192.91
175.62
175.305
176.26
176.478
188.672
176.242
177.643
178.137
175.616
190.604
177.331
176.007
176.67
176.519
190.891
178.985
178.103
175.015
176.394
175.98
181.424
176.603
175.885
177.685
176.92
188.351
177.683
176.546
176.993
177.571
189.915
176.399
177.057
175.286
175.84
191.909
179.389
178.616
176.221
174.877
189.19
179.969
176.546
176.516
176.308
175.935
188.228
177.081
176.88
176.91
175.933
189.417
175.376
174.056
174.762
173.247
225.799
227.241
187.767
184.296
181.956
196.134
183.239
182.204
182.698
182.953
192.973
183.671
182.168
180.271
180.071
195.403
182.151
180.92
181.702
182.944
192.395
182.996
180.131
182.417
181.943
192.098
181.605
182.311
181.076
180.279
193.827
181.187
181.675
181.267
179.994
201.24
193.699
192.147
186.844
188.109
200.917
186.79
202.303
203.003
189.524
201.148
189.548
187.695
187.542
187.036
197.451
190.761
186.754
187.658
187.608
199.139
188.095
188.901
187.954
189.825
197.127
188.441
186.952
190.078
186.317
200.234
190.096
190.373
189.43
188.309
200.167
189.448
189.117
186.501
187.968
202.913
187.31
187.857
187.961
189.12
198.372
189.082
187.115
188.946
187.229
240.983
201.247
191.319
187.102
229.945
229.477
232.793
235.443
246.905
231.237
235.915
234.912
247.362
233.19
233.944
233.924
246.276
208.804
235.091
233.03
233.698
241.651
235.316
233.318
234.912
247.122
237.816
228.926
232.67
249.148
236.459
233.301
236.142
244.688
235.77
239.12
232.649
247.073
237.927
233.635
233.294
237.662
232.926
200.75
237.344
239.099
233.939
235.232
215.734
246.627
234.316
234.778
237.094
253.618
235.814
233.849
238.063
251.066
236.983
235.129
236.57
251.299
239.978
236.02
202.974
220.011
204.082
203.079
202.694
190.086
201.599
201.198
201.394
186.323
226.134
220.025
201.081
200.826
199.509
212.055
211.362
205.411
206.49
207.822
213.297
209.271
207.688
205.04
223.085
207.73
207.61
206.284
208.919
233.906
211.028
207.57
206.781
222.174
212.63
206.889
208.086
207.002
227.631
216.405
209.701
210.932
226.206
209.792
207.015
209.027
218.47
200.384
199.205
198.624
196.91
222.4
207.144
205.243
204.526
206.172
220.104
204.233
206.578
203.042
220.323
206.622
205.705
204.686
206.36
220.76
205.708
206.58
204.425
217.789
208.419
204.558
205.553
205.618
214.874
205.909
205.452
205.718
217.175
207.749
204.189
204.445
206.249
218.513
210.498
205.836
217.015
219.09
208.869
235.333
236.41
249.506
235.848
237.353
241.046
244.185
237.421
236.144
239.173
237.833
212.311
211.015
211.69
210.631
228.763
210.444
211.553
209.278
224.418
210.36
211.623
209.863
206.914
211.981
209.839
210.414
206.437
222.113
212.628
210.841
211.874
220.171
209.338
207.686
207.688
206.798
225.388
209.696
210.293
206.852
225.675
208.36
208.705
210.004
207.761
211.614
209.631
206.58
207.971
214.12
208.936
207.884
207.243
205.659
224.124
208.718
208.703
207.463
220.745
211.653
208.842
208.197
206.838
222.855
209.591
207.263
207.209
222.819
212.107
207.393
209.313
205.698
226.396
211.71
208.077
207.376
220.155
205.308
207.881
206.943
210.742
220.204
206.805
209.678
209.108
220.152
206.005
209.568
208.907
205.509
211.901
207.436
207.299
207.864
222.411
210.497
207.302
207.707
219.145
210.913
209.251
207.242
206.318
232.432
236.959
236.729
237.559
249.482
237.268
242.414
237.395
249.966
237.876
235.133
238.191
250.477
236.105
237.698
236.744
227.376
209.482
208.161
206.39
221.672
211.484
207.243
208.462
207.87
222.928
208.471
207.74
205.291
223.794
210.346
208.109
206.738
209.034
219.788
209.78
208.516
207.484
248.383
234.955
238.161
396.161
240.21
231.6
202.848
201.616
202.754
191.078
188.766
189.386
188.268
194.651
188.636
190.296
188.57
199.587
191.006
189.475
187.316
190.768
206.989
196.078
189.234
191.055
187.703
205.247
232.756
233.906
230.08
234.501
200.913
192.071
188.171
190.857
201.83
190.772
187.963
191.383
189.13
201.508
189.813
189.759
188.902
191.413
198.073
188.85
183.259
185.361
183.433
191.72
185.515
186.224
186.321
186.447
187.659
184.553
184.964
184.468
183.667
199.653
184.495
183.543
184.098
183.787
213.328
195.873
183.163
183.55
185.307
234.949
188.131
186.105
184.269
194.655
197.024
186.651
186.181
185.368
193.769
186.865
185.627
183.233
184.258
195.459
185.749
184.643
184.509
183.607
195.35
187.001
186.261
184.136
185.669
193.712
186.414
186.216
183.613
184.866
195.687
185.92
185.44
185.153
183.963
194.935
186.329
185.929
185.027
183.84
197.455
186.541
186.645
183.975
183.747
198.911
185.454
185.944
186.668
184.021
200.031
187.987
184.291
184.17
185.629
198.688
186.898
187.646
185.758
185.274
197.29
184.792
186.24
185.734
185.283
199.226
186.164
183.881
185.357
185.676
198.41
187.942
186.379
186.26
185.04
200.312
184.589
184.902
186.568
184.041
196.948
184.94
184.122
184.368
186.08
196.535
184.826
185.956
184.559
185.412
200.63
184.281
185.289
185.565
185.171
198.675
187.696
184.268
185.588
186.787
197.271
186.086
186.023
184.006
184.868
199.398
185.545
185.133
185.882
184.84
201.551
186.048
185.338
185.294
186.367
198.862
185.568
185.903
185.408
185.926
202.701
187.145
186.309
185.295
184.384
196.773
187.566
185.315
184.723
186.056
195.133
186.958
187.813
185.301
185.355
199.864
187.338
186.643
188.482
184.686
204.834
188.256
185.562
185.752
187.602
198.835
187.342
185.414
186.541
186.546
189.13
185.045
186.697
186.558
192.231
188.714
186.702
187.085
186.227
194.08
187.954
185.952
188.632
185.292
196.031
187.867
185.355
186.198
188.846
200.459
187.428
187.529
185.927
186.2
201.632
186.871
187.723
187.502
187.012
201.918
187.446
189.09
187.984
187.674
199.335
186.865
187.55
184.779
187.098
200.022
186.992
186.647
187.265
186.237
202.643
223.741
187.595
185.46
184.999
202.981
186.063
182.819
183.553
183.956
196.846
184.023
183.413
183.913
184.021
192.19
186.209
184.097
184.384
184.03
193.15
184.49
185.483
187.408
186.477
190.721
197.344
180.819
179.194
176.917
193.665
180.862
179.924
178.724
178.608
198.357
180.97
179.388
178.675
179.589
189.86
178.922
180.484
180.017
177.214
187.873
179.931
178.299
179.189
179.135
178.083
194.159
178.156
176.745
179.767
179.536
198.858
179.668
180.348
178.276
179.643
192.305
179.358
178.697
179.276
177.875
192.918
178.586
178.451
177.95
179.599
190.267
181.371
178.874
177.374
178.496
185.933
181.202
180.485
179.581
177.789
178.467
182.914
178.831
178.327
178.42
177.782
199.032
180.925
177.758
179.096
178.049
191.785
178.944
180.362
179.219
178.414
193.087
180.305
179.206
178.264
176.579
192.782
180.591
177.912
179.088
178.576
180.564
185.28
245.163
219.074
208.287
221.561
205.474
205.413
203.358
207.192
205.053
207.592
204.879
203.149
220.371
205.26
205.139
202.951
214.843
204.442
204.081
203.431
203.963
220.983
206.419
205.123
202.484
204.23
217.601
207.14
203.668
204.738
218.244
205.845
205.294
205.61
204.619
217.939
206.908
203.883
205.717
220.04
202.734
205.269
205.436
204.619
219.753
202.93
203.862
205.35
209.912
203.606
202.821
201.321
198.32
218.293
205.501
202.025
205.022
205.33
210.7
203.736
204.746
200.752
214.98
204.257
203.234
207.241
206.164
219.552
204.487
203.853
205.2
218.463
205.474
205.206
208.923
203.886
224.403
206.24
203.655
202.8
226.313
209.362
246.188
245.591
246.495
246.768
248.688
248.753
260.466
248.545
245.323
242.884
261.676
247.201
245.85
247.691
294.467
240.902
240.222
207.096
207.458
215.911
181.108
176.8
184.034
180.65
175.393
227.884
195.737
206.672
191.292
191.24
