323.574
256.174
190.614
183.839
180.055
196.903
183.805
176.928
182.155
177.324
197.906
199.857
187.301
184.827
184.811
200.142
203.402
225.044
189.897
189.358
177.605
174.937
180.817
172.416
173.499
188.116
173.449
172.477
180.518
172.149
184.122
173.65
172.105
173.837
180.504
186.771
197.813
184.213
180.089
173.034
180.374
198.8
208.01
217.542
181.446
182.195
181.092
222.66
203.827
213.629
219.864
203.327
204.724
230.188
238.1
341.816
311.244
332.021
305.722
300.91
315.076
237.801
287.099
287.578
308.383
291.467
287.491
307.934
206.29
272.439
277.478
301.879
277.227
279.729
341.037
258.303
268.674
264.786
305.015
264.116
263.975
290.829
224.156
212.722
214.285
230.593
212.09
214.077
210.944
209.541
214.231
212.862
215.331
212.287
231.23
215.023
211.854
216.336
225.076
214.104
214.873
209.556
212.35
224.721
211.935
216.17
211.563
228.033
214.131
215.521
213.838
229.04
216.766
215.054
216.607
212.24
239.046
231.536
215.505
214.486
229.443
213.8
224.167
218.917
224.406
245.951
222.094
221.075
236.681
224.748
220.339
223.288
222.543
233.764
226.102
249.172
272.503
245.454
246.336
240.657
257.378
266.749
327.879
250.534
243.969
220.197
218.618
210.823
257.16
213.962
214.497
211.972
229.686
214.579
212.11
210.982
210.739
217.427
204.793
214.066
211.941
234.965
220.633
213.278
212.475
233.302
222.829
219.488
219.073
221.818
225.921
222.241
221.397
220.565
209.737
198.79
193.359
195.923
186.137
201.984
186.969
185.271
184.991
186.607
201.22
186.063
185.419
186.746
186.207
205.511
185.968
184.847
184.387
187.304
198.135
188.182
187.969
184.898
186.059
199.895
186.308
186.529
186.777
184.354
206.225
188.487
188.317
190.194
187.748
206.844
187.421
188.288
188.063
186.784
201.683
187.03
188.039
187.253
184.45
202.508
187.361
186.682
186.811
186.158
200.399
186.391
186.845
187.382
188.347
200.714
186.275
187.13
188.239
188.567
202.115
187.342
187.833
186.372
188.399
189.139
186.309
186.311
186.505
188.069
195.86
186.703
186.536
187.225
186.586
190.168
187.404
188.336
189.37
197.548
187.595
188.396
186.683
187.401
199.136
189.139
188.781
231.451
220.312
213.671
192.721
190.973
190.866
191.499
207.699
192.718
190.452
214.982
195.794
199.683
193.199
191.298
191.593
210.314
199.392
225.798
193.866
192.015
206.706
193.548
193.665
190.718
190.91
205.364
192.501
200.983
189.384
193.428
208.128
192.652
190.493
191.028
211.04
227.376
211.81
208.85
206.58
217.368
207.511
206.427
214.407
210.224
208.826
206.36
206.417
208.928
217.923
214.574
211.307
208.778
220.025
209.492
214.575
212.799
212.513
225.944
215.738
213.314
213.325
228.547
212.289
207.691
207.112
207.073
225.353
208.742
206.932
207.635
211.684
206.05
274.883
267.384
282.725
270.81
269.654
271.393
249.051
202.038
194.139
195.541
202.01
199.954
193.057
192.152
192.618
208.826
192.615
192.673
192.943
192.976
203.265
194.273
193.037
191.416
192.177
210.55
192.849
191.783
192.288
201.001
194.648
193.28
191.175
191.7
202.434
193.475
190.784
200.846
219.778
195.329
193.097
193.709
193.825
215.162
193.695
192.64
194.273
191.44
197.863
193.121
191.53
192.078
192.041
207.43
194.086
193.782
191.674
193.211
193.508
190.915
193.357
193.503
211.71
195.563
191.43
193.809
193.688
205.575
192.028
193.097
193.572
192.294
206.687
192.787
190.976
193.749
191.487
203.055
192.937
192.084
191.226
206.876
231.061
200.547
212.956
195.11
204.783
196.097
194.04
194.939
194.224
209.293
194.966
194.003
195.267
194.298
205.796
194.646
194.677
192.807
193.465
201.687
194.529
193.395
193.766
203.08
198.046
194.111
193.868
193.357
208.424
194.151
192.943
193.486
193.325
206.625
196.353
193.777
192.672
193.906
212.416
196.699
193.907
192.59
193.984
198.411
195.423
194.019
192.452
195.326
195.357
194.35
193.321
195.387
208.704
192.74
194.716
194.83
192.493
207.51
195.093
194.497
194.899
195.296
208.68
194.361
195.048
191.507
192.939
208.115
193.673
193.615
191.576
204.155
197.753
195.89
193.178
193.298
207.819
194.168
192.357
193.932
191.939
207.912
194.65
193.583
195.326
192.412
226.41
229.993
228.269
191.688
199.133
188.084
187.62
185.83
184.964
198.872
187.164
185.305
184.841
185.999
196.182
185.296
184.417
186.577
186.39
198.503
185.665
185.475
186.471
184.809
198.937
187.151
185.327
184.637
184.706
197.151
185.344
181.434
181.671
186.164
206.781
188.59
185.411
186.072
186.784
235.118
203.158
198.822
199.193
209.184
203.422
200.861
201.818
200.522
216.967
201.628
201.251
198.661
201.265
216.675
202.478
200.576
199.677
212.853
201.682
200.8
200.957
200.415
216.943
201.564
199.827
201.01
200.469
211.265
184.709
182.832
182.8
182.297
198.29
181.532
181.756
183.235
181.939
202.197
184.224
182.717
181.938
181.956
198.85
182.77
182.243
182.33
183.599
206.755
184.251
181.124
183.392
184.27
199.208
182.823
184.094
182.347
182.42
210.464
182.911
183.383
182.764
184.215
197.084
184.498
183.012
183.342
183.433
195.5
184.342
182.307
182.919
181.587
197.443
183.106
183.917
183.405
181.695
200.131
185.876
183.096
183.674
182.573
197.287
184.144
183.211
182.413
183.584
198.978
185.942
183.83
183.089
182.434
192.321
185.673
184.041
183.954
182.795
202.735
187.803
183.109
183.352
182.664
197.578
185.165
183.189
183.446
181.575
210.859
191.767
188.817
191.499
188.15
213.422
219.216
178.685
171.65
168.759
188.589
172.087
170.002
167.138
168.716
167.151
178.333
168.39
168.588
168.906
169.585
184.369
171.423
169.037
168.023
168.465
168.09
182.411
168.474
168.831
169.013
169.017
177.097
168.909
168.796
168.69
168.985
168.475
183.764
169.094
168.787
167.945
169.5
182.881
170.564
170.409
169.043
169.217
179.827
169.349
169.599
169.999
169.143
168.683
182.203
171.228
168.916
168.786
167.733
182.439
172.231
168.803
168.757
173.217
169.454
187.235
171.416
170.347
169.846
168.98
185.776
175.039
169.56
169.288
169.103
170.17
184.138
171.953
170.458
170.631
170.727
185.602
172.525
172.109
170.35
170.376
180.573
174.049
171.93
171.781
169.638
169.843
181.749
171.3
171.653
170.774
169.535
174.537
171.987
170.29
171.412
168.917
169.797
189.602
171.57
170.119
170.671
170.69
181.675
171.731
170.477
172.401
170.194
170.213
181.13
170.642
171.915
172.02
171.169
180.327
167.276
165.414
165.755
166.431
166.597
185.923
168.629
170.441
169.233
167.762
176.997
169.668
168.212
167.4
168.715
169.399
181.06
168.428
168.79
169.949
169.818
182.61
169.382
169.401
170.35
168.636
169.708
171.641
168.763
167.908
169.163
169.068
181.127
172.498
200.595
190.239
206.564
209.545
187.954
204.439
211.155
198.77
206.982
198.454
235.293
233.64
238.83
236.552
233.14
249.434
235.022
236.057
236.342
236.85
240.826
236.032
258.207
238.255
247.082
238.821
238.174
235.319
236.555
250.26
235.3
241.809
234.529
238.26
238.046
235.085
250.092
239.737
236.301
236.605
239.056
238.507
241.629
270.425
238.701
236.245
247.607
238.313
233.93
240.877
252.766
236.486
236.769
223.103
252.495
234.612
207.024
209.631
215.292
205.05
205.813
207.818
221.049
207.392
202.814
206.376
204.796
217.629
203.888
205
203.383
215.633
204.846
205.655
203.584
202.771
220.425
205.743
202.976
205.502
203.346
222.305
204.02
204.262
204.95
217.868
205.412
203.675
203.851
204.495
220.438
204.608
202.374
201.758
213.554
206.323
202.43
198.716
198.753
213.393
201.129
199.075
198.433
198.322
221.675
201.868
199.856
201.865
214.463
205.213
200.578
202.145
200.97
211.347
201.724
201.279
201.409
200.388
209.67
202.289
201.243
198.783
227.609
223.997
197.314
212.163
196.783
210.747
198.467
195.03
195.242
197.437
213.642
197.386
195.727
196.984
208.828
206.882
187.085
186.045
183.229
196.402
189.164
187.811
184.375
185.395
194.507
187.089
185.617
187.987
186.912
203.337
216.947
212.985
199.468
183.083
196.633
183.461
183.985
182.25
183.157
200.021
184.661
181.726
184.786
182.16
194.067
182.735
180.064
181.008
179.163
197.621
184.305
186.036
184.603
181.402
192.927
185.595
181.595
183.617
182.377
193.195
186.658
183.648
181.261
183.831
202.615
182.47
179.964
179.094
176.76
190.467
186.773
182.314
183.751
182.073
194.966
187.461
183.053
181.332
182.608
182.264
183.071
183.324
181.886
181.352
182.743
191.951
181.803
183.406
182.34
183.928
199.844
181.636
179.577
179.934
187.16
218.657
195.075
194.91
195.352
204.473
196.465
194.428
194.85
194.871
204.473
198.019
198.588
197.656
196.226
209.038
196.665
199.162
197.655
198.081
217.549
198.655
194.651
199.425
199.17
198.471
197.552
197.934
197.145
211.67
199.273
197.396
197.282
199.32
203.804
199.083
198.217
194.936
195.86
218.866
197.684
198.178
196.309
201.815
199.493
199.724
197.709
197.125
209.97
197.48
197.822
197.558
197.92
212.129
196.311
197.564
196.78
209.514
199.435
196.27
197.997
195.51
213.299
198.999
198.358
198.657
196.961
215.371
202.671
198.15
199.754
197.726
199.102
196.975
198.105
197.639
210.644
199.128
232.362
264.38
172.412
184.169
162.301
162.848
160.68
163.007
179.224
168.269
164.302
165.897
163.661
165.071
187.029
166.43
164.443
166.117
164.905
176.099
166.959
162.737
163.856
164.743
162.916
226.257
203.105
203.516
201.541
222.949
215.747
229.831
214.14
213.24
226.643
220.836
231.867
207.308
217.512
200.769
203.737
201.922
199.917
207.121
200.642
199.765
199.319
211.086
200.215
199.102
201.25
199.292
212.222
200.041
199.106
200.435
199.633
215.864
200.712
200.03
200.451
208.546
202.067
200.098
199.142
200.883
213.247
200.522
199.405
200.439
199.846
212.275
199.28
199.442
199.855
211.969
201.074
200.085
200.035
199.533
213.28
201.538
199.845
200.041
199.927
210.715
201.779
199.028
200.101
206.501
203.186
200.405
200.679
199.253
214.835
202.069
200.405
199.286
200.181
211.764
199.205
200.574
200.763
212.185
201.295
199.773
199.674
200.375
210.721
197.852
197.53
213.304
255.831
209.86
197.261
196.459
193.658
206.269
201.174
218.288
215.806
205.189
202.24
202.314
202.333
201.154
213.205
201.725
202.61
201.431
199.352
218.552
223.784
223.954
231.9
229.243
217.673
218.276
213.972
211.696
221.793
218.213
217.337
208.494
213.808
196.755
194.122
193.847
192.912
206.157
189.074
193.042
184.009
183.983
190.225
187.753
185.339
185.759
198.346
188.67
185.722
186.701
184.508
201.011
254.783
218.503
185.958
184.789
194.553
184.539
185.063
184.578
185.905
199.646
192.999
182.797
200.503
191.463
207.425
190.004
189.655
190.219
191.253
210.658
187.92
190.585
189.5
188.732
204.95
188.282
187.71
188.138
188.255
193.143
189.259
187.59
186.67
189.361
190.047
189.158
187.978
190.044
200.807
193.249
195.481
187.887
188.778
195.858
188.402
188.381
188.067
189.081
201.074
189.322
189.03
190.344
187.964
200.841
189.406
189.391
186.553
197.026
239.027
172.912
169.843
166.241
163.643
176.768
166.924
163.021
164.632
164.382
163.708
177.213
165.684
163.001
163.098
164.301
161.942
214.305
176.782
166.827
165.046
164.403
179.096
164.899
164.421
164.164
164.084
163.902
188.725
165.046
164.457
163.132
162.947
173.089
171.294
166.466
163.97
164.544
163.515
178.556
164.845
165.17
162.505
163.51
173.501
166.169
163.134
163.489
163.99
163.613
182.572
168.285
163.786
164.207
163.263
163.166
175.713
166.553
163.236
163.511
162.757
177.17
169.496
162.551
161.793
162.81
170.119
197.314
184.656
190.592
183.546
182.775
194.093
184.653
182.766
184.47
182.646
207.131
184.661
183.017
182.818
185.996
204.419
185.386
183.795
185.219
182.37
198.681
238.939
200.662
194.692
195.652
206.912
196.579
193.682
193.185
206.562
197.513
193.712
196.067
193.645
205.954
197.964
193.141
192.221
192.902
204.46
193.72
192.82
194.95
193.967
206.939
192.703
195.871
193.727
193.97
205.792
195.292
193.606
194.294
193.192
209.654
196.03
195.674
193.898
208.436
201.889
193.618
194.01
195.074
207.701
195.594
193.035
193.421
193.856
210.88
195.253
194.564
193.805
193.132
205.417
195.876
192.924
193.138
194.157
210.093
194.681
194.057
202.651
226.871
222.619
207.951
210.487
209.214
213.293
215.466
206.287
203.786
211.129
214.781
205.542
206.46
213.755
217.137
394.979
221.837
220.64
220.238
189.429
184.647
182.325
201.061
191.553
189.889
187.949
187.455
205.45
190.247
186.361
188.731
186.442
205.182
187.29
187.316
186.5
188.242
234.565
204.796
198.979
200.066
196.859
216.85
199.196
200.017
199.353
204.427
199.524
201.575
197.996
197.13
204.369
195.821
195.159
195.751
192.074
211.353
199.951
197.47
197.926
197.042
216.546
203.256
199.72
200.999
200.576
202.588
198.598
200.151
197.106
216.081
200.637
200.195
199.156
196.853
211.826
197.141
193.415
194.193
190.007
220.378
199.244
196.552
194.458
220.428
211.039
198.019
194.037
193.685
206.738
197.97
213.278
229.211
204.038
215.634
204.097
185.711
182.403
201.061
193.084
186.266
183.921
187.088
198.484
188.206
184.649
184.378
184.317
198.14
186.483
185.5
185.09
184.506
200.862
191.373
185.548
185.424
184.54
201.526
189.202
187.051
183.629
185.915
201.632
188.533
184.245
185.795
184.229
198.805
186.808
186.324
184.812
186.724
201.64
218.54
226.016
195.788
184.144
209.919
189.326
187.153
186.3
185.731
202.703
187.697
185.411
186.527
184.988
203.148
185.575
186.53
184.914
184.23
200.268
186.874
184.946
186.778
184.763
202.01
186.45
187.653
184.38
186.627
202.167
189.402
186.219
186.477
185.85
203.238
185.61
185.371
186.754
228.222
230.888
200.467
194.406
196.075
211.826
198.178
194.5
194.045
193.005
206.746
194.68
193.504
194.349
192.569
203.886
194.807
194.964
194.639
192.768
205.36
195.202
194.97
194.341
194.984
208.791
197.942
193.568
192.99
196.864
204.207
195.98
196.919
193.901
208.795
199.785
198.734
197.312
196.487
212.59
200.741
197.444
194.452
195.164
208.016
189.741
188.395
186.235
187.745
226.978
188.935
201.062
200.863
193.537
206.657
190.566
247.703
248.822
247.392
245.984
246.096
208.044
222.094
203.44
203.761
202.612
213.643
202.904
202.746
202.285
203.21
213.583
201.41
201.12
202.305
248.033
213.536
191.785
189.22
188.329
211.319
188.59
188.957
188.796
189.434
200.645
188.849
186.621
190.925
189.472
207.998
191.696
190.687
189.652
199.761
195.353
196.682
190.602
192.11
205.908
193.923
190.977
189.385
189.689
206.907
193.099
193.801
190.75
191.753
201.638
203.595
210.353
211.545
191.157
202.781
190.82
191.759
191.56
203.177
194.051
191.672
189.827
193.379
204.681
192.893
192.504
191.418
189.273
206.514
191.398
191.705
189.751
190.72
204.079
193.066
190.362
191.725
192.132
201.771
190.727
193.569
190.437
202.636
194.459
192.628
190.85
191.664
207.735
192.598
193.346
192.377
191.714
206.059
216.657
220.79
192.399
193.624
192.682
190.625
187.73
189.865
197.25
191.53
186.005
189.364
188.533
200.492
189.758
188.666
187.045
190.122
201.314
189.505
188.008
186.47
186.874
202.651
190.204
189.799
188.617
188.793
200.408
189.279
199.9
204.348
213.609
225.852
194.534
194.384
191.376
192.195
207.033
193.226
195.452
193.885
203.726
194.137
192.489
194.796
193.464
206.5
196.13
195.014
192.719
197.784
201.884
192.672
190.034
191.513
190.082
205.14
191.468
190.948
190.75
190.106
205.846
193.107
190.42
192.899
190.707
201.901
191.535
188.809
188.17
192.462
227.901
209.345
203.07
201.074
205.588
202.87
200.734
338
217.961
204.533
201.961
202.166
202.197
216.577
202.825
201.282
203.501
202.381
215.127
197.918
258.629
234.373
287.224
185.852
181.599
178.306
179.285
184.696
179.019
179.165
177.006
177.41
200.432
180.91
177.665
176.786
178.888
189.183
180.261
178.143
178.146
179.281
189.198
179.834
181.767
177.779
179.232
194.222
180.352
181.079
178.745
178.711
194.42
184.236
181.529
178.604
179.369
180.364
188.011
180.224
178.16
181.818
177.589
197.178
181.948
181.645
179.907
181.031
194.262
180.673
179.957
180.99
178.488
194.868
182.254
179.486
179.633
181.657
189.221
181.982
181.144
181.301
180.588
189.157
181.32
179.884
177.442
186.968
223.236
208.047
202.515
202.922
204.179
217.903
203.634
203.436
201.466
203.968
218.05
206.961
201.716
201.054
219.788
206.676
207.356
205.715
201.31
217.556
204.182
206.14
200.951
207.092
205.77
202.995
205.448
203.364
263.256
228.231
203.634
203.428
230.311
194.116
189.779
189.789
189.725
204.018
187.175
186.119
185.782
187.242
278.905
193.374
189.541
188.078
198.366
190.604
188.744
190.122
188.556
200.892
190.598
190.159
188.702
188.957
192.543
189.962
188
190.303
187.81
200.726
189.593
188.97
188.535
188.826
201.325
190.664
187.941
188.519
187.971
200.004
188.51
188.853
187.503
187.277
228.171
180.91
170.039
172.655
170.349
181.154
172.038
172.244
171.269
172.655
170.333
191.487
171.357
171.323
171.315
171.539
189.427
174.441
172.331
170.457
170.104
184.717
172.422
171.837
170.614
171.055
169.8
186.029
173.459
171.541
171.562
171.259
192.104
174.221
171.52
172.142
171.465
171.212
174.774
172.033
171.539
169.902
171.165
184.988
172.272
171.357
171.957
170.591
177.798
175.963
182.841
172.365
170.332
171.476
193.024
172.465
171.219
172.137
170.335
181.59
170.88
171.637
169.863
172.775
181.103
173.067
171.626
170.65
172.017
171.828
184.664
173.803
171.576
171.653
170.985
182.279
171.795
172.793
171.523
170.765
171.217
184.119
170.88
171.436
170.661
171.702
183.886
210.27
186.24
183.319
193.131
202.52
239.098
237.681
236.307
240.557
235.82
235.421
236.292
243.08
239.647
235.396
233.613
240.545
234.492
236.407
235.994
240.097
236.231
236.816
236.719
241.068
237.74
235.02
236.358
240.762
234.864
193.483
184.485
185.507
199.431
199.761
244.264
226.807
216.381
202.532
194.117
198.188
211.095
251.303
207.918
205.092
187.47
194.274
180.69
180.687
178.926
180.857
190.415
180.914
178.966
180.666
177.679
193.033
181.655
182.344
179.067
179.059
190.762
184.66
180.356
179.504
178.617
196.481
182.123
181.749
179.841
180.757
179.099
188.795
218.776
184.092
193.276
177.51
185.925
180.792
179.212
180.418
177.729
196.552
177.33
178.635
178.246
181.222
189.524
179.833
176.953
180.391
178.364
199.811
178.824
179.783
177.409
180.018
191.178
182.38
177.787
178.186
178.416
187.358
178.325
179.465
176.806
181.083
179.061
192.592
178.396
178.854
176.692
178.663
193.067
181.738
177.314
177.468
178.102
192.124
178.232
178.806
178.78
178.316
195.492
180.533
178.253
180.632
176.92
189.187
182.232
180.966
177.38
178.698
176.652
189.496
177.781
177.787
177.567
178.804
193.513
177.548
176.347
179.739
177.123
194.811
179.962
178.641
177.784
178.178
189.787
181.778
176.762
178.71
176.217
181.34
178.767
179.986
211.022
193.562
201.475
183.153
188.158
204.678
181.968
191.468
180.999
180.147
178.71
177.636
182.096
182.349
178.154
180.22
177.437
180.554
184.982
179.903
178.479
182.131
177.46
198.804
180.418
180.138
180.169
178.819
192.933
181.319
179.666
178.938
177.946
192.079
178.392
178.612
178.603
180.06
197.711
181.825
178.836
180.768
178.563
183.924
179.198
180.752
177.14
223.352
196.649
183.08
179.558
179.396
178.903
200.894
195.15
186.089
185.021
186.29
199.743
188.438
182.367
186.543
183.803
197.625
185.896
185.605
185.574
187.536
196.536
190.431
185.692
186.008
185.464
203.358
186.337
184.435
183.764
184.245
196.719
187.95
184.843
185.915
464.901
235.772
216.075
216.579
228.051
226.691
220.146
218.181
220.592
2760.15
278.784
230.763
221.652
219.674
217.661
234.748
219.292
222.056
217.842
235.707
212.359
211.717
213.388
226.968
216.366
218.808
211.346
218.8
230.781
218.711
216.769
218.125
227.439
213.879
216.79
218.107
229.377
218.448
211.419
215.868
213.489
230.29
216.342
213.518
216.001
229.749
213.497
220.131
210.216
220.616
216.348
218.526
215.966
217.698
226.709
219.463
211.74
216.967
225.852
220.853
210.627
218.191
232.97
221.514
226.778
231.226
213.31
229.314
215.563
217.659
215.846
231.814
217.631
214.811
210.895
234.848
218.584
218.186
314.498
224.847
202.965
201.988
234.032
206.681
218.477
200.303
199.072
202.3
210.571
200.829
199.009
202.367
200.005
224.237
200.934
201.755
198.384
199.997
199.767
202.789
197.205
200.231
228.56
228.902
203.188
200.151
199.425
216.79
199.978
199.099
197.244
217.336
207.147
202.082
201.089
203.64
225.958
207.805
204.083
205.267
217.327
376.091
269.017
233.744
228.551
210.677
209.209
209.748
219.314
210.744
209.423
210.178
206.169
211.14
207.713
211.36
207.589
222.691
206.219
207.728
203.516
204.56
213.895
211.519
208.03
207.568
220.923
209.384
206.31
206.189
468.946
217.865
211.71
211.453
226.843
214.204
207.201
207.943
220.609
202.563
199.309
207.937
209.543
231.035
208.876
208.861
208.224
233.002
210.518
209.453
209.075
225.156
220.084
217.648
213.816
216.35
231.755
218.5
221.58
219.354
233.023
212.527
210.246
211.105
237.368
222.405
245.916
221.934
231.366
219.15
218.034
217.648
213.956
237.096
219.228
218.661
218.096
230.717
211.242
212.792
208.113
231.074
220.097
222.41
219.194
218.861
232.033
219.278
217.089
218.663
237.447
220.19
217.207
218.446
230.969
213.51
216.879
211.636
228.958
233.799
210.41
218.859
201.319
219.745
205.003
208.487
393.42
273.807
331.683
241.669
256.849
238.496
227.596
199.877
202.425
184.18
178.831
177.792
177.42
201.667
181.414
178.367
180.084
180.304
188.402
179.916
177.356
178.24
176.517
187.787
183.628
182.278
179.517
178.644
197.811
185.513
179.5
180.07
180.317
197.667
183.576
180.495
180.585
180.789
179.696
194.765
176.418
178.78
176.683
175.378
196.391
180.043
176.927
179.538
177.718
197.453
179.595
177.58
178.165
217.637
213.838
194.427
198.042
204.842
193.334
215.976
190.792
190.97
193.95
606.718
321.972
476.268
259.32
223.863
201.805
219.004
199.386
199.907
201.327
257.206
225.208
210.094
235.076
210.567
183.738
231.615
229.966
230.717
238.463
240.119
238.51
189.238
201.65
189.275
191.326
186.597
182.846
198.228
186.629
186.125
184.471
185.322
199.326
187.801
182.432
182.125
181.968
198.864
187.324
185.653
184.45
182.66
195.927
188.528
184.019
185.757
183.522
193.235
185.543
186.923
183.691
185.604
199.319
191.654
183.108
182.63
180.077
183.046
195.782
183.846
203.601
205.244
288.757
288.108
281.812
279.663
303.54
209.608
278.077
311.275
286.555
279.871
250.969
256.974
267.24
372.546
589.285
242.296
277.716
241.93
242.69
236.452
255.668
221.123
212.372
211.212
209.669
205.879
201.378
200.442
199.327
227.563
211.327
209.849
207.048
207.428
213.561
210.132
210.29
208.299
221.409
215.191
228.441
211.957
233.734
214.528
218.712
219.66
231.049
217.163
208.619
206.678
207.205
227.41
208.959
208.227
205.09
211.118
208.522
206.23
208.426
207.677
216.874
211.53
207.332
209.472
205.515
220.362
205.738
210.718
204.98
6278.56
358.352
245.288
253.609
228.24
209.957
211.232
203.825
218.227
199.681
207.333
203.126
205.897
202.171
204.122
204.539
204.813
225.057
210.173
208.042
205.032
209.508
195.938
182.063
183.887
181.375
194.665
183.212
183.067
181.563
183.225
194.207
185.08
181.633
184.015
180.569
181.677
184.525
211.023
188.394
188.686
197.823
190.367
186.427
186.521
184.502
197.348
186.959
186.184
186.551
187.911
202.144
190.024
186.295
186.993
186.672
196.465
186.734
187.377
184.813
184.221
193.402
188.223
183.405
186.234
184.246
265.766
224.59
217.243
215.378
236.538
216.731
215.57
215.666
230.804
216.235
215.886
214.628
216.786
230.878
215.395
213.339
214.852
240.696
220.401
218.376
220.562
235.025
219.498
219.793
221.029
228.644
219.901
220.074
216.922
203.503
224.08
189.865
189.44
187.63
188.041
202.254
250.693
205.195
207.017
219.418
188.407
185.098
185.266
183.228
217.556
186.024
185.531
184.427
185.461
202.544
186.214
182.154
185.705
180.776
232.83
184.972
186.807
183.345
182.93
203.519
185.037
184.424
183.91
182.725
194.066
187.983
189.333
186.732
205.597
189.464
189.127
190.307
210.293
233.892
190.865
183.313
183.045
182.086
198.851
215.762
203.954
196.047
195.403
210.19
196.753
195.008
193.277
204.499
199.086
192.597
193.124
193.087
214.064
195.403
193.591
192.739
193.364
204.396
196.087
192.113
194.862
191.844
203.483
193.208
192.952
193.382
192.479
201.588
193.644
191.601
193.824
204.353
198.829
194.158
193.034
192.323
200.04
188.99
185.627
198.196
189.096
199.633
190.47
187.664
188.314
188.505
197.978
188.149
188.723
186.681
187.987
209.043
191.183
186.714
188.142
188.405
201.14
188.552
189.501
187.898
190.784
192.492
187.275
187.816
189.627
188.147
205.17
203.419
202.685
197.72
206.841
237.293
209.492
216.762
203.17
222.22
219.435
188.989
189.341
211.231
190.487
188.18
188.487
185.655
200.201
188.674
187.72
187.327
188.866
196.923
190.233
187.421
188.812
187.603
203.445
189.29
189.284
186.532
187.847
200.03
192.06
186.517
189.293
186.82
205.206
190.845
188.866
188.08
191.699
203.722
189.823
187.829
189.665
188.458
209.793
216.362
191.417
249.549
194.275
182.849
183.531
180.963
182.608
181.816
190.796
182.328
181.436
181.278
182.905
189.121
182.855
182.692
183.29
179.399
223.614
214.444
213.129
235.584
244.215
208.061
200.677
199.775
1014.22
208.426
191.192
179.232
177.781
178.753
185.871
178.641
175.047
176.049
177.553
176.562
193.126
176.556
175.753
174.31
175.954
192.374
177.186
175.435
174.478
175.843
197.214
184.133
180.41
181.398
182.585
199.155
186.361
182.466
183.389
180.068
184.208
237.554
235.208
233.807
245.035
237.719
234.549
239.378
243.893
235.616
235.955
231.415
250.482
237.102
235.752
235.688
245.189
236.073
234.075
235.109
256.157
242.179
235.13
234.749
248.249
237.442
234.703
231.838
245.625
234.926
233.759
235.404
246.348
236.745
235.304
233.553
249.169
238.348
234.844
235.73
247.146
234.077
234.796
231.933
193.118
189.578
187.195
182.693
181.31
228.88
198.007
186.274
195.56
189.548
206.826
192.351
189.025
190.39
190.748
211.901
191.162
188.86
188.045
188.459
196.27
172.708
171.117
168.284
167.521
185.4
180.073
181.201
160.399
164.137
175.909
185.97
173.385
196.976
201.367
208.982
179.984
173.566
174.218
171.383
172.925
213.477
198.72
197.092
177.27
181.426
173.159
186.001
185.199
198.446
216.041
176.965
164.697
162.69
163.4
162.649
179.208
164.428
162.996
162.147
161.527
162.381
167.832
164.17
163.698
161.45
164.29
178.589
164.624
163.176
162.73
162.248
161.76
171.478
164.013
162.72
162.752
161.713
163.234
165.39
162.055
163.168
169.045
162.739
179.567
165.138
164.074
163.657
162.709
160.732
196.584
195.308
193.034
193.311
194.838
206.3
215.347
199.16
195.232
213.21
182.283
182.745
181.827
179.751
196.826
192.224
187.701
186.529
183.942
197.192
187.581
185.75
184.122
184.433
192.116
184.703
183.982
185.282
184.437
199.44
188.164
184.661
185.146
184.895
186.98
186.56
185.384
183.111
186.405
199.407
189.055
184.976
184.769
183.933
199.533
188.26
183.755
184.928
186.685
200.803
187.939
185.346
184.814
185.808
200.177
186.831
186.046
185.218
183.809
201.234
189.579
185.053
185.487
184.989
201.897
187.816
184.922
184.54
185.336
200.037
187.181
184.928
186.388
184.447
198.837
190.958
187.184
185.004
185.319
198.988
190.899
187.564
185.172
185.571
198.519
188.023
185.018
186.183
185.176
198.925
187.123
185.328
186.09
186.359
199.548
188.526
186.78
184.805
185.508
200.122
190.266
187.638
185.302
184.396
199.157
187.742
185.503
186.04
186.318
197.335
188.158
187.047
186.331
185.198
197.297
188.728
187.394
185.575
184.83
199.189
189.998
184.978
185.627
186.778
197.878
219.243
179.132
178.982
177.361
191.025
178.721
177.036
176.964
175.616
176.429
192.904
178.853
177.467
176.342
177.239
198.523
178.155
176.961
177.812
176.201
190.015
178.577
177.361
177.391
176.946
182.067
178.951
179.974
176.467
176.582
177.321
181.016
176.732
177.959
177.653
175.861
188.595
175.43
177.382
177.512
177.679
192.215
177.391
178.23
176.74
176.495
187.857
179.141
175.456
176.543
175.884
189.635
179.586
177.504
176.098
177.37
178.1
191.567
177.602
179.529
178.119
177.03
189.651
179.102
177.828
178.306
176.292
188.693
177.528
178.091
177.512
177.457
186.955
177.618
176.669
179.526
176.725
176.896
193.382
178.116
176.542
177.374
177.795
190.11
177.452
177.148
177.738
178.387
191.102
177.926
177.859
177.775
177.294
190.612
180.395
179.845
177.801
177.972
189.963
180.808
178.501
177.487
178.116
178.292
194.941
179.081
177.541
178.913
178.426
196.239
177.264
178.974
175.219
177.071
195.613
179.109
178.176
188.459
181.508
191.172
180.384
180.328
179.469
180.69
188.989
178.36
178.591
180.459
178.241
181.658
180.492
180.555
178.424
178.095
178.885
182.199
181.263
178.181
178.061
179.751
193.09
178.838
179.957
179.166
177.752
192.318
179.61
179.891
179.705
178.948
189.805
179.62
178.863
178.463
180.095
192.392
179.278
178.41
178.541
180.104
192.619
178.792
178.374
180.078
178.083
189.605
180.291
184.017
179.98
179.887
190.497
180.18
179.427
177.882
179.379
179.987
191.837
180.092
179.81
180.325
178.383
195.963
179.131
178.971
178.929
178.884
192.555
180.435
177.491
178.591
179.403
188.736
180.123
179.325
177.741
179.596
198.76
188.693
188.957
188.685
187.183
201.064
189.929
189.581
188.473
188.101
202.086
189.377
188.435
187.132
186.564
200.571
188.144
187.854
200.308
191.782
188.868
177.704
176.351
175.813
172.531
195.71
178.42
176.315
173.569
173.083
181.538
177.514
174.194
173.72
173.175
173.066
191.413
175.884
174.789
176.211
172.268
198.015
176.805
175.191
173.931
172.732
190.811
184.718
178.841
178.324
177.31
184.916
178.092
176.872
177.173
179.513
175.734
194.595
176.047
176.634
175.081
174.272
197.744
179.911
176.86
178.534
177.425
190.58
178.101
177.988
182.798
180.287
195.62
179.385
178.904
179.285
177.079
188.525
180.786
178.081
177.792
177.858
177.665
199.145
180.191
179.539
178.591
179.544
196.282
178.409
178.664
179.28
178.184
192.014
178.7
178.668
178.532
177.22
193.762
181.036
177.481
177.976
178.327
193.452
180.252
177.855
176.646
180.997
177.112
181.507
180.158
179.196
179.397
179.069
195.687
180.587
178.32
178.592
179.093
195.961
180.541
178.788
178.163
180.87
194.234
180.083
179.908
179.377
178.868
194.073
181.936
180.763
181.024
178.414
193.458
182.356
179.175
179.466
179.274
193.932
181.716
180.871
179.597
201.629
194.287
194.657
208.236
198.516
195.311
208.062
215.952
216.065
214.93
194.533
239.388
196.601
187.358
187.173
198.75
189.129
185.506
187.034
185.728
197.519
197.815
213.416
194.959
192.7
213.46
195.638
194.255
192.155
194.158
206.726
190.386
192.748
190.606
192.961
209.816
193.028
193.229
192.096
201.71
192.821
189.603
225.945
214.898
289.507
193.274
192.278
228.054
255.585
238.056
238.206
237.004
251.329
242.568
240.916
238.197
253.785
238.093
236.619
237.318
253.879
240.532
238.126
239.196
235.16
237.893
240.229
238.661
256.51
238.931
238.009
204.946
243.346
237.208
238.61
241.24
242.664
240.273
242.237
255.249
241.487
242.206
237.037
242.737
240.065
235.714
237.789
238.206
242.972
239.913
237.228
250.531
238.564
238.252
236.787
275.84
241.178
238.98
238.249
257.411
207.383
192.682
189.714
198.992
192.222
191.376
189.632
191.791
200.375
193.992
191.188
191.283
189.863
200.025
192.267
189.567
189.47
188.275
210.522
186.988
214.669
181.87
179.714
188.936
181.811
178.916
179.605
177.481
182.146
179.957
178.75
180.005
178.811
177.657
189.931
178.687
178.319
178.933
178.254
194.922
180.351
179.051
179.041
178.669
193.74
182.038
180.287
181.046
180.738
193.822
186.122
182.457
182.137
182.275
191.054
202.43
196.895
192.558
194.282
206.941
195.396
192.964
192.259
193.668
211.185
193.378
192.316
192.205
192.061
208.5
193.648
196.085
191.018
192.558
208.549
193.199
192.261
191.593
191.357
206.781
193.535
192.579
191.921
208.204
197.22
193.569
194.859
192.654
203.332
194.594
192.062
195.063
195.409
206.497
194.022
193.043
193.342
190.818
207.586
195.28
194.63
192.818
192.312
211.731
196.639
194.989
195.68
193.088
204.675
192.862
191.99
193.888
207.139
195.149
194.438
192.082
194.705
203.785
194.135
195.046
195.773
191.677
208.953
194.943
194.907
195.109
192.057
208.011
193.825
192.973
195.403
195.151
197.12
193.163
191.99
192.924
193.446
206.243
193.557
195.596
193.696
191.352
214.625
192.883
192.654
193.196
206.15
195.127
196.398
195.163
192.692
203.885
196.422
195.249
194.254
193.855
205.716
194.44
234.513
245.975
215.353
199.45
196.128
193.685
193.13
210.411
197.187
196.526
193.785
194.023
200.107
194.561
197.141
193.725
192.874
206.217
194.895
196.141
195.428
195.289
207.341
193.613
196.349
196.62
207.086
197.324
193.605
195.5
197.181
209.722
197.054
195.356
197.665
194.918
207.19
194.447
193.642
195.028
192.299
205.548
199.48
196.498
195.115
194.651
201.698
193.582
195.286
194.841
206.269
197.239
196.101
194.574
195.484
205.668
195.223
196.027
196.78
197.999
213.165
198.374
198.797
199.037
198.269
208.378
201.565
197.078
198.818
198.871
203.084
199.035
197.545
198.045
213.173
199.902
198.223
199.685
199.861
214.705
198.805
239.233
252.733
262.568
250.913
249.244
250.891
233.638
201.947
200.218
201.9
212.122
199.737
202.266
198.548
198.864
210.463
198.571
199.694
199.734
199.383
210.856
200.018
198.322
199.874
212.441
200.323
197.585
198.064
197.819
215.797
201.719
198.267
198.356
198.995
210.634
201.031
199.674
198.778
198.33
210.137
200.098
200.747
198.875
211.019
258.55
198.727
198.18
197.554
241.034
248.869
214.391
198.688
246.771
216.056
196.766
196.842
196.017
247.415
250.358
213.748
198.344
252.003
248.2
213.742
197.469
250.771
215.309
199.072
196.867
198.808
199.623
198.43
201.154
199.734
211.7
198.52
199.021
197.436
198.486
209.651
197.47
195.232
193.51
194.015
210.219
196.9
196.512
199.218
199.18
204.864
198.267
241.349
250.469
274.586
251.774
251.514
268.895
213.067
198.637
198.57
199.042
212.165
189.707
186.708
185.923
187.213
201.872
187.061
186.221
185.079
185.057
200.422
188.481
186.788
185.445
185.361
200.853
188.104
185.458
186.938
186.711
200.941
211.935
214.514
214.083
229.656
216.667
216.694
213.975
200.949
207.412
189.642
186.855
185.709
183.958
212.453
220.405
195.944
199.62
199.744
187.927
187.229
186.61
185.872
200.812
191.025
187.142
185.712
186.276
199.24
188.409
185.665
186.762
189.07
202.787
188.408
185.866
186.531
185.3
198.029
188.481
186.561
186.804
185.412
188.522
187.472
185.518
185.247
186.477
203.115
222.243
201.531
196.979
196.974
212.415
195.843
195.514
196.842
195.334
208.622
194.854
195.584
196.128
214.877
201.322
203.667
196.114
194.884
210.736
197.264
192.545
195.514
197.87
215.777
196.63
194.529
196.011
206.447
197.655
212.309
206.574
208.131
219.571
209.415
195.533
194.542
193.716
208.443
196.633
195.289
193.929
208.064
199.97
195.229
195.256
193.455
211.356
196.005
193.939
192.759
194.771
205.247
194.892
193.588
193.773
194.645
215.653
197.026
195.547
192.538
208.725
198.309
196.723
199.647
195.873
203.789
194.699
195.202
194.718
195.161
209.478
196.425
192.705
197.385
193.347
201.912
194.146
191.547
201.875
219.199
205.21
202.203
182.187
179.193
193.729
180.625
179.607
179.562
179.045
191.539
180.323
188.049
201.107
167.926
176.314
164.297
162.537
164.666
161.391
162.503
180.785
163.422
163.653
163.327
162.307
161.532
179.3
163.386
162.29
162.48
163.785
176.227
166.42
161.04
163.142
163.555
161.562
172.869
165.752
163.363
163.644
163.567
162.05
186.865
190.971
172.363
176.251
176.294
194.892
176.307
175.773
174.461
173.184
189.442
176.424
176.391
173.43
174.759
184.252
177.103
174.431
175.004
173.899
174.575
190.547
174.113
173.945
173.785
175.86
186.457
175.788
179.251
173.956
176.839
187.09
176.335
173.888
175.941
174.834
174.633
179.568
174.453
173.73
174.67
173.28
198.738
189.905
186.447
185.385
186.52
200.378
200.489
200.001
196.802
187.848
191.881
187.082
187.205
185.832
196.76
187.218
186.624
184.569
186.333
196.038
188.816
185.057
185.484
185.608
194.588
185.442
180.532
177.373
179.717
178.67
197.604
186.498
182.838
183.493
186.286
196.309
183.398
184.656
183.808
182.484
193.943
185.039
185.342
183.694
183.058
195.439
185.132
184.422
182.519
184.362
199.125
183.313
185.931
183.428
184.345
199.515
183.746
183.557
186.365
182.944
201.843
186.75
182.519
184.301
183.446
201.481
187.659
184.411
184.883
182.657
198.197
184.47
184.793
185.124
186.078
199.108
186.805
184.251
184.709
185.37
192.85
185.523
186.02
183.212
184.528
199.365
186.947
184.787
184.462
184.408
200.832
187.981
183.65
184.041
184.962
199.192
184.862
184.522
185.523
184.049
198.895
186.348
183.961
185.605
183.743
195.797
190.945
185.054
184.84
183.505
194.251
188.338
185.254
185.972
185.832
184.514
188.447
186.42
186.493
184.833
183.989
199.701
186.483
185.479
185.415
184.134
199.506
185.698
183.836
184.272
187.524
194.627
185.409
184.655
185.885
185.008
199.759
186.736
186.227
183.492
186.417
200.318
188.338
185.418
184.126
184.238
199.609
185.365
186.825
183.841
184.301
199.004
184.288
185.638
187.015
185.565
199.906
186.406
185.672
185.287
186.666
196.432
187.199
185.345
185.992
184.498
200.209
187.131
185.037
187.641
187.193
193.622
187.686
184.593
185.505
184.835
193.803
185.758
188.383
185.334
185.284
195.404
187.018
184.699
186.675
185.356
196.413
187.425
186.196
185.725
187.048
195.156
184.453
187.756
186.447
186.469
200.329
185.063
187.449
186.808
184.961
197.806
187.938
186.864
185.732
186.04
201.575
185.897
185.557
187.283
186.982
188.242
187.419
185.075
185.923
185.043
189.184
185.79
186.745
186.919
195.727
187.47
186.189
184.567
186.667
197.331
191.242
185.585
186.461
184.612
197.779
188.201
186.755
186.768
186.119
198.808
188.2
188.05
185.512
185.594
197.958
189.451
187.323
186.143
186.814
198.585
188.296
188.362
187.303
185.09
203.332
187.215
187.313
186.321
188.562
195.202
187.446
184.997
187.908
186.246
194.648
186.611
186.876
185.21
186.056
197.378
186.645
186.841
187.202
187.34
207.376
189.279
185.935
188.595
188.051
201.857
187.16
186.237
186.015
185.47
198.556
187.307
189.16
186.621
187.274
200.833
186.531
186.42
185.465
187.1
200.963
185.774
187.31
184.508
186.161
200.249
185.986
186.822
189.806
185.058
199.563
184.168
221.988
181.888
176.071
193.114
175.464
174.41
173.298
175.142
190.049
176.446
202.517
188.747
178.083
190.093
178.44
175.48
175.544
177.451
185.49
177.554
177.548
620.481
193.952
177.899
178.528
177.021
200.098
180.807
178.357
176.719
176.95
177.163
188.919
202.459
187.743
185.364
194.222
186.534
182.616
186.132
184.356
184.111
192.342
185.789
185.858
185.515
183.479
205.632
186.261
183.039
183.687
186.21
197.187
185.059
185.023
183.229
187.645
206.1
186.901
186.251
185.891
183.963
204.96
188.304
185.598
184.742
184.712
200.688
185.758
186.373
184.648
185.012
200.209
185.103
186.252
186.013
199.3
205.139
186.571
184.721
185.679
186.224
199.31
187.122
186.1
185.728
184.47
197.783
191.172
188.385
185.304
184.621
191.154
187.376
184.074
183.283
184.355
195.209
188.348
187.688
185.327
185.211
1161.62
230.901
207.235
203.827
200.723
202.092
201.16
198.74
316.221
4206.59
291.259
213.024
200.744
205.621
193.515
244.73
216.169
235.389
188.014
183.529
184.721
184.01
200.065
183.794
182.439
181.097
184.826
201.872
204.892
213.67
198.638
192.879
258.645
220.791
202.201
197.392
213.576
221.7
201.832
198.647
196.185
236.199
245.941
216.449
201.733
241.065
245.754
213.729
197.363
228.831
243.567
214.759
197.144
211.778
248.171
216.656
201.565
239.507
218.858
217.733
199.595
221.859
218.752
201.752
196.195
195.454
239.732
241.352
213.585
197.12
232.786
245.055
214.44
206.301
231.694
246.659
215.577
201.149
237.209
242.839
216.045
201.65
207.477
196.356
213.766
199.742
195.901
256.8
203.202
184.502
186.367
197.344
187.566
185.06
183.962
188.873
197.672
180.527
181.906
178.591
213.511
211.422
197.027
181.271
179.716
176.622
192.669
192.974
183.229
185.148
185.413
190.401
187.483
183.313
183.65
182.618
182.423
199.706
180.381
179.088
177.71
177.202
204.435
182.895
180.536
181.72
191.598
245.903
173.941
165.207
163.97
163.257
182.86
166.779
163.832
163.095
162.907
162.313
174.767
165.49
162.991
163.482
165.32
180.124
160.936
158.325
159.612
158.433
159.179
186.484
166.774
163.889
163.755
163.708
176.701
173.576
163.886
166.256
164.583
163.983
183.922
165.667
164.3
164.024
164.127
164.737
172.093
161.086
161.558
160.139
160.236
176.819
166.951
211.91
196.221
184.164
203.141
187.77
185.377
184.087
185.471
203.965
188.892
182.828
183.687
183.256
197.834
182.736
179.987
186.658
179.743
208.633
187.605
181.522
180.718
179.517
190.31
181.65
179.243
177.291
179.492
179.462
196.728
181.058
178.454
178.331
185.543
191.067
180.081
179.57
179.458
177.121
196.112
181.853
180.012
178.899
179.667
189.602
179.978
179.277
178.421
181.268
195.702
181.508
180.686
178.989
179.72
179.816
186.274
174.07
175.259
173.447
171.838
201.506
181.071
179.958
180.139
181.246
193.178
180.282
179.221
178.711
180.884
189.568
179.798
182.079
180.981
178.871
180.623
194.672
181.636
180.86
180.619
179.517
191.037
180.843
187.336
230.772
188.799
222.777
191.169
191.624
264.008
234.24
217.688
242.881
242.51
224.412
202.236
233.611
217.895
238.146
191.831
189.437
189.083
192.008
202.053
192.538
194.381
190.852
189.947
204.895
192.755
190.442
201.013
213.222
205.746
206.39
206.321
203.813
216.513
201.719
192.763
192.763
192.001
207.215
189.83
190.648
190.711
192.79
201.959
192.077
193.319
190.176
199.289
192.937
193.007
189.78
191.722
207.343
191.87
191.25
190.211
192.289
210.723
193.284
189.538
191.994
192.676
206.525
192.931
191.917
192.06
192.025
200.77
189.831
193.551
231.981
219.106
220.733
198.648
192.789
211.873
206.426
189.711
188.321
187.476
185.353
203.126
190.703
186.577
190.367
187.165
197.076
187.584
187.547
190.868
189.415
200.796
189.881
190.381
187.273
187.854
206.465
189.665
188.503
186.941
190.077
201.586
185.334
186.437
185.972
299.156
193.957
187.324
186.67
186.263
199.662
187.49
187.533
186.136
185.247
204.892
187.834
187.641
185.464
184.191
198.754
186.313
188.408
187.831
195.123
204.522
207.473
188.255
186.808
199.019
191.714
186.338
186.002
185.589
196.261
194.946
190.053
174.372
172.787
172.759
176.91
175.242
173.304
173.509
172.687
197.3
174.526
172.823
175.268
174.341
188.12
173.37
174.324
173.06
173.367
208.194
214.426
187.41
182.724
182.132
197.834
181.662
181.491
181.018
180.77
196.749
181.144
180.966
181.879
180.131
210.192
182.154
177.089
175.422
175.095
183.843
182.454
175.765
175.214
174.192
187.52
178.2
173.953
175.412
174.624
175.022
188.197
173.664
200.528
201.565
211.544
202.558
201.38
200.288
200.245
211.416
202.256
201.12
201.044
212.242
202.911
201.473
202.39
200.171
212.081
200.481
199.424
200.895
209.978
202.577
199.509
199.968
176.647
190.3
174.718
172.998
174.507
172.989
187.642
178.008
175.813
176.42
174.992
183.992
175.721
174.988
174.862
173.467
175.779
188.309
175.704
200.449
199.824
177.662
185.627
337.693
217.027
252.628
245.791
248.544
240.977
258.307
242.607
239.298
245.412
257.016
241.08
239.188
240.435
252.804
243.734
240.896
241.135
278.872
226.131
205.481
210.826
210.288
206.974
202.228
222.092
224.211
211.269
208.71
210.771
209.444
217.51
208.416
187.633
185.273
198.719
186.196
182.316
184.229
184.454
196.816
186.135
182.568
180.951
182.858
183.608
193.922
182.202
181.152
181.01
183.853
195.732
183.252
182.894
183.325
179.733
195.702
183.27
182.927
180.771
180.277
206.352
184.912
182.457
180.244
183.128
194.133
181.868
183.511
185.453
181.02
194.514
182.482
183.643
286.941
201.357
208.278
196.593
195.345
192.827
206.452
197.955
194.874
195.098
192.394
214.762
198.337
194.717
194.877
194.01
207.685
194.79
193.336
195.044
194.399
205.862
194.707
194.207
194.707
194.824
200.951
195.346
195.687
196.06
208.418
197.819
198.397
196.598
196.13
202.766
195.234
195.414
193.103
195.155
205.644
192.545
193.712
194.496
194.27
210.125
193.147
193.327
195.67
204.496
198.128
193.943
193.955
194.356
204.8
198.159
195.24
194.692
193.504
208.687
196.12
194.49
192.539
196.106
199.299
194.166
193.944
193.988
194.175
212.542
193.3
193.588
196.571
206.16
196.03
193.464
192.003
230.063
217.316
215.135
198.552
197.609
197.348
212.101
200.93
198.457
197.568
215.364
202.47
198.743
198.236
198.251
212.893
203.743
199.934
199.851
198.716
211.04
198.909
197.506
198.293
197.161
210.421
201.165
198.695
198.496
232.43
249.125
220.001
201.125
215.745
201.894
198.347
196.995
196.797
217.619
198.307
197.73
196.946
199.143
203.119
200.75
198.522
197.5
197.99
212.186
199.069
199.33
197.579
203.871
198.316
197.188
198.398
197.019
213.612
203.674
197.014
198.542
197.619
214.18
201.276
198.046
199.511
196.465
201.612
199.152
196.935
199.904
201.8
198.345
196.894
197.389
197.483
250.049
197.387
188.993
186.064
183.94
221.98
190.39
181.084
177.692
180.856
197.751
181.254
181.073
180.69
181.022
196.12
180.666
180.422
180.934
179.389
194.51
181.338
181.752
181.437
180.276
195.937
181.761
182.477
180.82
181.809
205.111
210.934
228.413
258.224
202.732
189.837
188.266
185.483
186.147
196.649
191.324
179.568
180.843
179.542
190.984
180.458
178.27
178.954
178.661
179.08
202.284
180.96
179.786
177.61
178.316
187.095
179.533
178.906
179.596
177.724
196.626
179.201
179.847
180.004
179.6
187.454
180.208
178.996
179.695
180.237
195.462
184.642
182.028
179.254
178.506
180.12
190.202
208.145
182.914
182.045
180.5
208.009
231.862
181.943
175.909
186.373
178.046
176.334
175.683
173.534
174.696
194.209
173.705
172.749
175.258
173.221
189.179
174.596
173.805
173.477
175.568
178.547
178.012
174.484
173.167
174.938
172.912
191.297
175.292
174.237
175.342
175.583
187.429
175.078
174.542
174.833
175.837
187.589
177.048
176.933
174.126
174.176
174.557
181.831
175.835
173.597
175.956
174.962
187.956
171.793
210.058
204.495
190.621
208.693
179.353
177.29
176.631
175.306
190.324
175.593
173.771
176.209
176.371
190.844
176.953
174.968
173.758
174.633
181.075
176.97
174.802
175.571
173.134
175.392
189.932
177.524
175.984
173.021
173.31
192.41
230.746
197.623
193.726
210.897
187.401
182.484
216.865
221.378
213.338
195.811
210.54
235.4
219.977
196.439
191.085
191.208
188.736
208.298
191.517
191.071
191.64
190.585
205.472
192.315
190.261
189.945
189.451
206.588
192.215
191.265
190.497
192.152
208.419
190.297
190.975
191.8
191.36
205.739
192.859
193.178
190.944
190.73
201.981
191.734
190.411
191.157
189.918
210.059
191.222
190.964
203.813
202.901
192.221
191.224
191.657
193.144
208.402
191.923
191.169
192.472
190.996
203.75
214.276
199.687
189.825
189.718
204.763
191.797
190.27
188.893
190.321
208.814
189.441
189.46
189.629
189.307
200.275
190.102
189.976
190.817
189.488
204.139
188.392
188.775
200.386
243.32
199.148
191.204
193.143
191.052
205.233
195.305
191.503
191.786
189.374
202.146
191.56
192.089
190.351
190.865
193.398
187.065
183.861
184.453
184.209
189.572
182.672
184.769
182.373
183.674
200.86
184.579
183.429
182.911
182.527
196.046
183.325
182.651
182.293
183.15
193.966
209.79
196.462
198.68
187.902
201.027
187.216
187.644
186.631
187.965
189.566
188.254
185.26
186.401
187.048
191.123
186.852
187.092
187.24
199.827
190.316
185.708
185.849
187.957
196.836
190.339
185.773
186.759
185.238
197.037
189.628
188.038
185.464
185.444
197.96
189.672
185.508
187.403
186.886
202.322
188.134
186.781
185.253
186.051
240.597
199.409
193.5
187.965
185.004
201.662
188.498
188.112
184.649
186.517
196.936
186.547
185.16
183.743
184.715
199.702
186.077
185.975
187.196
185.713
200.873
187.433
185.108
185.876
187.249
197.719
187.27
185.836
184.693
185.472
198.08
184.973
183.9
185.079
183.824
202.213
185.821
184.728
185.385
183.791
198.637
185.758
184.763
184.068
181.532
196.706
185.101
184.445
182.763
184.087
197.412
187.082
184.065
184.455
184.352
196.784
184.495
184.82
184.414
184.632
201.046
186.283
184.342
186.341
184.82
200.94
239.636
223.827
204.853
227.424
206.195
206.671
222.775
206.154
225.635
202.507
183.78
192.629
199.319
186.143
181.184
181.358
240.299
222.079
195.292
193.311
191.92
193.815
210.162
193.494
193.825
193.587
192.519
206.73
192.89
194.901
192.914
200.606
194.348
194.827
192.472
193.127
205.206
195.604
193.912
194.411
194.546
211.156
194.587
193.807
192.94
193.587
226.707
209.268
206.002
204.989
223.968
209.388
206.491
209.121
206.192
216.426
206.12
206.136
205.15
218.561
207.319
206.682
205.986
206.467
222.113
207.87
204.393
205.783
218.585
208.237
204.359
205.848
205.646
218.754
204.51
203.183
204.045
205.749
209.083
205.523
204.038
203.236
217.437
205.665
202.805
204.008
201.472
213.987
202.072
204.396
202.644
218.282
226.354
192.386
183.907
183.891
201.418
188.278
195.767
183.262
178.856
196.342
180.646
177.458
184.415
217.278
207.987
190.705
188.692
189.437
188.696
201.338
187.569
185.99
185.391
183.686
212.652
193.199
188.128
188.56
187.756
207.037
192.54
192.603
192.017
192.953
206.852
193.916
194.6
193.927
191.52
193.564
191.115
190.54
188.452
202.023
208.03
199.716
197.873
194.531
208.462
199.16
196.429
197.074
197.605
210.8
196.95
195.898
195.79
195.16
199.78
196.617
197.082
198.859
194.553
218.119
197.028
194.982
195.009
206.697
199.262
196.061
191.936
190.86
203.193
199.152
193.103
193.517
194.276
204.625
208.511
211.929
187.804
187.635
203.647
187.626
182.006
235.683
252.961
245.398
243.001
240.462
256.025
244.135
246.125
231.144
226.967
232.047
194.671
189.323
187.163
208.272
189.803
189.668
186.321
188.169
204.09
189.676
186.965
189.685
188.462
198.156
187.68
189.124
188.626
197.565
191.356
188.618
189.695
190.715
199.018
191.452
186.797
188.918
187.392
203.843
190.645
190.678
187.794
188.672
204.081
191.079
197.314
211.661
191.858
204.465
183.446
182.225
180.823
182.413
195.77
183.425
183.102
184.131
181.869
196.571
182.002
183.102
181.912
182.591
194.32
184.378
181.635
182.992
182.097
195.225
183.44
179.687
234.824
214.969
215.688
217.678
192.335
205.442
228.784
213.013
207.905
203.89
200.201
211.031
198.83
199.012
243.329
234.664
189.025
199.248
192.452
197.165
206.675
196.598
195.978
194.6
196.934
199.353
193.319
195.256
195.53
235.048
244.179
242.914
242.339
256.83
240.533
212.188
196.986
202.524
196.038
195.282
195.587
195.589
209.741
195.975
194.705
196.663
197.34
200.575
199.726
197.903
194.997
196.626
199.189
198.363
194.908
194.604
206.664
199.363
197.356
196.495
202.589
212.058
197.83
195.77
195.56
195.449
210.013
195.667
193.321
194.979
207.44
195.728
197.113
195.415
205.22
231.289
231.928
197.959
233.584
201.514
193.671
194.416
193.147
193.993
208.083
194.798
191.816
193.652
192.633
209.806
192.904
194.718
192.933
194.738
198.082
194.458
193
195.824
192.625
208.275
192.79
193.804
193.442
193.565
197.418
190.953
189.157
190.811
226.499
262.37
262.24
263.072
272.171
235.36
260.531
263.582
271.389
252.291
243.46
249.674
237.846
238.658
238.778
255.59
238.941
239.581
253.478
238.568
238.899
243.336
240.068
238.621
239.235
250.393
211.868
196.722
193.101
192.995
203.205
192.134
190.763
190.774
229.989
224.838
197.319
189.156
185.036
202.63
187.334
187.28
185.544
184.991
196.637
188.166
184.848
186.017
184.621
191.96
186.953
186.643
185.995
185.616
196.832
187.511
184.995
186.566
185.436
198.157
186.769
186.226
185.974
185.877
197.403
190.395
185.702
185.556
185.897
188.77
186.668
184.66
184.881
185.529
183.472
199.268
187.211
186.234
184.792
185.246
195.908
187.23
184.862
183.875
185.361
199.735
188.203
186.763
185.406
185.329
195.999
190.642
187.126
186.652
185.59
200.279
186.299
187.31
184.672
185.589
197.778
187.875
185.809
186.621
185.036
196.113
185.122
185.644
186.456
187.815
200.123
187.351
187.06
187.179
186.489
198.468
201.265
212.564
190.405
186.833
203.801
187.611
185.954
187.096
187.291
202.471
186.663
185.383
186.225
186.84
201.73
186.546
186.15
186.796
184.895
201.15
187.442
185.968
186.299
186.149
202.315
189.56
185.687
186.185
186.047
203.674
186.687
187.247
188.401
229.06
229.484
227.192
229.157
232.7
231.422
227.525
200.753
205.981
188.333
188.354
187.543
187.544
198.42
188.555
188.03
188.913
187.368
200.354
188.258
188.124
186.444
187.088
192.417
193.364
188.526
187.881
187.611
200.884
188.171
188.266
188.573
188.739
197.876
188.736
189.755
188.366
187.383
198.727
188.315
190.453
230.664
244.049
200.91
201.963
219.73
212.683
225.842
213.231
212.309
212.041
229.635
222.591
213.466
216.323
219.515
227.034
214.133
214.381
214.645
232.348
216.901
215.155
215.169
234.735
221.976
217.345
216.706
225.771
216.158
213.16
209.352
210.456
224.502
210.965
213.154
197.467
201.051
188.506
188.282
203.396
187.482
200.451
192.449
188.841
185.725
187.812
199.978
193.608
190.408
187.879
186.772
196.796
191.699
190.724
190.613
187.941
195.661
187.532
190.996
193.22
189.581
198.366
191.759
191.616
188.077
191.356
200.994
191.626
188.795
189.526
189.768
203.138
188.757
187.56
186.654
191.444
200.147
191.533
191.814
190.61
187.968
205.505
191.314
190.801
189.578
187.623
198.994
189.265
188.092
190.213
189.485
203.132
189.96
188.609
189.205
202.092
193.989
191.379
188.857
189.867
204.837
192.769
192.082
189.234
189.074
202.002
191.004
228.943
192.152
187.485
226.335
234.675
197.421
198.742
208.455
186.962
171.412
169.749
168.331
170.43
192.622
170.711
168.558
169.295
167.957
180.913
173.066
169.355
168.712
168.351
168.167
184.535
170.096
167.74
169.455
170.605
190.679
171.581
169.695
169.668
169.589
180.02
172.779
170.818
169.925
169.06
168.916
184.663
169.225
169.388
286.958
182.603
185.566
171.944
175.061
188.234
181.679
207.006
179.827
179.659
177.003
184.603
192.131
179.845
176.667
183.994
177.044
195.064
177.12
177.983
178.42
184.538
192.504
177.241
178.594
184.908
176.937
199.463
178.745
209.09
188.443
184.276
203.123
189.274
186.368
184.994
186.425
200.606
185.587
185.947
185.975
187.575
201.45
186.093
184.681
186.255
185.052
205.136
186.067
186.186
186.372
193.883
226.667
195.185
191.646
197.228
191.272
205.835
188.526
191.139
189.593
191.102
201.564
190.58
192.39
193.078
189.806
203.723
189.717
191.349
190.645
203.566
195.057
192.06
190.564
191.873
202.601
193.063
189.923
189.909
190.777
203.247
191.566
192.294
188.237
191.491
207.571
193.619
190.279
192.17
189.985
210.624
191.924
190.417
190.072
190.354
200.309
192.308
188.997
191.995
188.81
196.267
191.734
193.966
190.748
192.261
204.576
190.227
189.536
191.556
190.311
210.584
192.065
193.298
189.935
190.654
190.472
192.299
190.143
190.494
200.388
192.231
190.197
189.98
189.872
207.184
193.457
192.392
189.985
191.666
205.477
193.9
191.244
191.629
190.374
197.055
190.856
192.041
190.288
190.336
203.202
193.271
191.211
189.858
191.382
204.08
191.328
190.56
192.295
189.761
192.775
205.376
227.424
202.541
206.588
198.064
249.219
205.993
217.919
214.83
183.009
182.035
181.22
180.937
189.417
181.024
179.566
179.633
179.99
195.606
180.846
180.656
179.289
181.201
187.85
181.13
180.138
181.355
180.649
189.999
182.113
181.742
179.67
179.75
192.251
181.929
181.204
180.579
180.288
182.42
184.375
181.013
181.605
182.464
180.727
196.489
180.135
181.662
181.575
180.739
193.124
181.322
181.138
181.545
179.84
200.685
181.142
184.579
181.756
183.098
192.742
181.855
180.09
180.916
180.604
190.447
182.508
181.896
178.835
180.339
182.288
183.512
181.264
181.562
181.278
195.597
180.88
181.935
179.533
183.069
181.502
186.254
182.34
183.683
181.448
180.451
192.141
182.438
180.278
181.876
180.366
194.231
180.019
182.501
182.132
181.427
195.924
181.632
181.999
182.11
179.95
194.236
183.064
182.988
180.212
180.877
194.423
184.969
182.01
182.381
180.207
192.75
183.088
182.033
180.886
183.897
191.28
185.896
181.448
181.915
181.662
194.081
184.171
183.048
180.185
181.584
181.665
185.288
179.248
179.981
178.687
179.379
199.1
183.152
180.979
181.364
180.315
197.077
181.933
181.879
181.803
181.35
192.125
183.181
178.738
181.695
180.536
196.585
182.146
182.276
181.033
181.123
190.287
183.362
181.154
181.541
182.011
193.518
183.335
183.28
180.865
180.399
181.213
193.271
181.244
182.711
180.388
181.711
190.589
181.391
181.01
182.423
181.261
195.973
179.252
179.873
178.672
187.786
195.803
182.798
178.276
180.312
696.804
245.365
224.348
233.325
220.666
219.887
224.631
230.621
240.342
351.587
234.615
210.17
202.534
203.192
199.054
216.513
203.079
201.709
200.519
200.372
211.56
205.569
199.081
198.699
199.691
214.162
199.349
199.325
200.161
211.74
200.18
201.271
205.006
200.807
214.621
199.745
199.365
199.748
198.786
220.245
198.51
199.785
198.512
212.813
211.449
190.565
184.501
185.344
197.458
186.968
183.235
184.118
185.307
197.782
183.713
185.234
182.667
184.306
195.467
186.368
184.594
184.819
183.52
197.052
185.015
184.552
184.555
184.979
188.988
187.671
183.229
183.042
183.063
195.524
185.598
183.8
184.522
185.608
194.804
186.291
183.542
184.381
181.557
183.34
189.197
188.348
200.679
225.518
218.803
198.383
196.155
193.529
198.094
214.163
195.216
198.53
197.323
207.422
200.513
197.28
197.79
199.918
212.962
198.367
194.116
196.729
196.492
224.94
217.371
215.442
212.659
225.635
219.354
218.786
216.375
220.248
217.137
219.409
271.467
224.438
199.742
242.327
249.966
221.638
207.466
204.242
200.907
204.506
214.703
204.724
200.91
202.02
201.776
218.076
202.209
202.469
200.564
214.963
202.282
201.795
201.236
201.536
215.552
203.091
200.077
202.39
200.443
213.498
202.877
201.674
200.213
203.768
203.727
200.813
213.842
239.145
257.405
214.324
209.857
197.947
209.692
199.647
196.723
197.291
195.713
208.091
192.189
194.66
190.537
194.386
203.964
193.969
195.617
196.318
192.762
206.263
193.398
193.589
192.899
205.959
195.463
200.657
202.822
196.327
210.5
196.038
193.836
203.7
212.216
217.204
204.886
201.929
203.188
211.628
206.635
206.661
238.603
208.218
218.675
201.214
208.155
195.099
231.978
239.891
239.5
237.855
251.181
241.384
239.841
246.998
251.867
240.871
217.328
242.213
251.777
242.132
241.481
239.62
251.473
243.286
241.749
243.182
260.493
242.815
243.554
237.692
248.759
238.924
240.985
245.146
239.32
240.332
241.893
257.087
242.152
238.127
241.872
282.711
242.311
239.269
239.453
256.526
241.88
239.52
239.914
252.382
237.833
239.774
208.913
215.158
226.969
207.784
204.377
210.493
191.362
187.645
189.054
187.045
204.936
187.809
196.733
231.945
205.932
194.341
187.422
178.784
177.051
186.752
195.076
177.178
174.985
174.333
178.454
198.05
175.906
173.551
176.297
174.447
193.039
188.657
185.719
183.608
184.719
196.69
187.727
185.271
184.543
182.762
197.111
186.617
231.051
190.029
188.833
209.407
187.527
187.797
184.823
184.027
199.443
186.342
188.03
185.652
184.105
199.162
189.149
184.201
183.383
182.518
205.417
188.116
186.026
186.855
185.668
206.426
185.692
187.596
189.992
186.767
198.868
189.595
187.189
185.558
189.481
200.3
188.144
188.489
186.167
185.822
199.255
187.422
186.47
187.861
188.953
197.783
185.247
185.98
185.304
188.6
205.313
186.296
189.909
184.954
253.842
211.181
190.464
188.736
188.348
187.677
204.173
188.69
188.209
187.489
189.361
195.115
186.246
189.237
189.385
188.535
197.812
186.685
189.512
189.234
187.019
202.246
189.412
186.989
186.122
190.04
201.917
187.876
188.538
187.208
190.852
190.481
187.473
187.812
189.858
201.054
200.002
189.214
189.601
186.843
189.502
188.652
187.907
188.964
187.493
197.326
192.327
188.175
185.679
186.638
197.882
188.6
190.341
185.652
187.072
190.143
187.619
189.413
188.672
184.498
196.239
191.066
189.635
188.6
188.916
198.992
188.057
188.647
186.705
185.176
201.416
187.942
187.95
190.327
186.814
207.995
198.273
187.369
189.024
188.648
222.67
207.052
199.236
223.069
273.678
207.545
189.464
185.999
186.982
197.645
188.421
186.407
185.804
184.109
199.827
186.808
188.462
186.567
185.899
201.415
187.198
186.528
188.654
187.339
207.106
188.188
188.238
187.175
186.384
199.777
190.019
187.539
187.338
186.233
200.745
187.834
187.243
187.512
188.733
199.845
187.744
187.172
186.754
186.032
200.633
187.357
188.358
187.764
186.838
201.977
189.804
187.49
187.349
186.571
204.007
187.754
186.43
187.855
190.898
205.114
189.977
188.234
188.535
188.149
198.309
187.5
187.596
186.153
187.139
201.046
188.059
188.405
188.09
187.009
209.739
187.24
186.053
188.834
195.976
201.418
216.098
194.17
191.794
195.758
192.484
189.977
191.845
189.404
207.226
193.649
190.02
190.409
191.178
203.169
192.532
191.018
189.621
189.725
207.861
191.701
189.825
191.43
190.363
204.986
191.202
188.44
189.785
189.689
201.502
190.648
189.31
190.119
198.859
192.703
192.267
188.308
191.304
203.851
193.798
192.511
190.811
189.692
205.762
191.653
190.228
197.851
193.571
206.814
188.11
187.927
188.366
188.285
224.236
202.854
200.865
197.405
197.036
201.963
198.958
198.257
197.992
210.397
200.658
198.146
199.063
197.701
212.649
196.152
197.745
198.216
196.739
213.942
197.562
196.757
199.454
207.306
198.333
194.555
226.903
182.059
184.281
167.754
164.396
164.405
164.916
163.582
178.336
164.122
163.494
164.907
164.845
176.533
165.908
163.965
164.876
164.14
163.854
175.9
165.178
163.992
163.341
164.492
164.722
173.878
164.736
164.057
164.119
163.132
181.294
166.19
166.677
164.85
164.726
164.669
181.169
164.545
163.628
164.879
166.319
174.344
167.242
163.566
163.881
163.379
164.509
172.699
167.031
163.3
164.441
164.167
166.15
176.673
164.147
163.677
164.239
198.283
199.075
179.686
176.733
176.278
175.699
187.593
180.174
178.079
176.45
176.991
176.135
182.795
176.95
177.831
177.11
176.708
196.017
177.831
178.01
176.923
176.7
190.347
179.657
178.255
177.852
175.8
203.375
199.376
223.536
219.719
252.345
235.343
196.459
182.341
182.745
201.424
239.463
236.766
234.384
207.745
188.191
185.858
234.459
191.901
202.941
234.486
236.423
236.276
210.156
234.681
237.22
234.973
206.868
237.643
237.175
235.019
193.62
215.439
241.671
237.42
237.621
255.072
240.83
238.785
240.245
248.225
236.857
236.929
289.383
242.909
239.012
242.979
240.391
234.263
237.274
231.757
245.534
235.313
203.557
235.781
235.079
235.813
235.993
233.485
234.976
217.257
237.502
233.675
234.039
244.94
236.595
233.644
233.399
241.311
237.732
235.186
236.711
342.615
206.321
186.574
183.947
195.8
183.908
182.648
183.346
182.901
194.327
186.023
183.135
183.433
184.545
196.729
185.43
192.089
183.931
181.982
193.993
185.015
185.509
184.041
183.761
196.727
186.564
182.304
183.566
185.027
194.624
184.492
182.468
183.442
183.726
190.681
184.986
183.927
183.873
192.82
184.703
188.599
193.961
192.669
177.1
176.008
189.589
176.149
178.978
196.018
188.058
199.3
185.338
184.392
184.783
182.852
204.34
184.783
184.003
183.537
182.542
196.755
186.239
183.905
183.667
183.423
201.619
184.841
184.363
183.868
185.074
195.079
184.96
184.837
185.332
182.758
192.245
184.838
184.159
183.404
184.263
195.925
185.595
333.55
185.609
196.319
188.521
184.677
191.45
184.948
199.768
185.716
185.913
184.756
185.453
183.493
188.553
184.424
185.813
183.644
184.659
200.587
186.24
184.941
184.845
184.124
202.89
186.063
183.985
185.435
186.184
202.504
185.573
185.793
185.285
184.199
199.012
187.51
186.304
187.216
184.012
201.126
187.39
184.153
184.554
186.575
191.224
185.024
185.074
184.033
186.692
198.704
184.61
184.972
186.083
184.289
199.053
186.571
185.275
183.23
184.447
196.152
187.16
185.763
183.988
184.004
200.303
186.157
184.64
186.274
185.112
199.519
186.929
186.858
186.649
185.553
197.318
187.54
187.742
183.526
184.8
197.913
186.009
182.157
212.295
203.147
221.077
194.752
192.814
192.028
193.823
208.54
193.086
193.443
194.064
193.5
195.464
192.667
192.698
192.242
205.549
194.536
194.92
193.883
191.488
203.422
193.896
192.333
191.997
193.014
207.67
193.941
192.545
191.712
193.879
203.447
191.496
194.541
193.336
192.64
204.626
217.817
195.199
194.999
205.235
196.469
195.835
194.052
194.515
210.518
196.563
192.549
194.872
193.309
203.738
195.026
192.976
194.027
195.654
220.388
216.731
204.529
200.723
211.829
199.823
198.59
199.033
197.685
212.204
199.428
200.441
198.373
198.396
213.861
199.879
198.223
199.553
258.52
254.149
219.79
208.943
233.518
193.895
188.277
187.569
195.43
203.643
187.349
189.054
184.523
185.061
202.875
187.18
185.779
186.152
183.761
196.828
187.062
195.92
184.819
183.475
199.867
215.005
194.321
183.784
183.296
228.979
186.835
181.647
182.544
182.177
191.753
181.722
182.326
181.622
182.49
198.754
183.322
182.952
182.149
181.379
195.683
183.392
182.195
181.328
181.467
194.777
181.836
180.478
180.989
182.863
193.313
181.598
182.219
182.507
182.648
196.244
183.783
181.562
181.815
181.842
191.833
184.011
182.136
181.671
183.546
195.011
185.274
183.56
183.1
182.707
194.838
182.762
239.286
211.13
221.025
214.05
186.667
182.796
182.792
192.168
237.361
181.121
175.797
174.106
173.716
189.76
174.382
174.555
173.157
174.159
186.288
175.519
174.23
175.924
173.635
185.575
176.053
175.034
173.013
175.319
188.107
179.937
174.351
172.922
174.002
175.096
184.586
174.075
173.816
174.628
173.16
181.618
178.678
175.466
176.77
176.546
184.63
175.576
173.34
172.011
173.437
174.688
191.151
175.189
174.22
174.657
174.156
186.628
173.959
175.202
175.135
174.672
183.1
178.781
174.393
174.435
175.274
174.501
187.571
176.079
173.882
175.376
174.065
188.057
173.411
175.76
174.399
176.034
186.871
228.135
193.11
181.986
178.26
192.782
177.057
177.635
176.108
178.363
192.267
178.946
176.914
177.103
177.578
190.113
177.334
213.404
202.073
184.522
199.803
189.926
184.86
186.902
185.821
200.755
181.864
201.424
192.783
186.742
195.193
183.036
181.138
181.374
180.195
192.956
181.07
181.174
179.454
181.828
183.265
181.369
181.542
181.581
178.453
193.464
180.744
179.803
179.27
182.5
218.952
206.882
206.967
206.465
204.925
212.008
181.283
205.651
205.935
204.469
208.763
210.441
186.601
185.154
186.334
188.916
184.052
183.924
183.981
199.476
186.213
185.06
183.987
183.593
198.296
188.248
182.878
182.955
183.204
196.739
185.502
184.877
183.884
183.804
196.789
185.598
182.224
184.296
181.969
197.094
186.255
182.854
183.12
185.064
193.324
186.579
182.556
199.838
214.889
206.075
188.158
186.354
194.284
195.008
217.09
196.793
195.41
191.235
198.29
188.352
186.311
185.876
184.736
194.524
227.69
220.619
199.626
208.706
226.213
208.492
204.991
216.215
216.324
210.877
214.233
211.71
216.189
216.291
209.448
207.38
209.551
223.099
210.173
208.94
197.728
207.121
197.482
190.871
183.416
182.744
200.034
186.778
183.263
184.625
193.699
200.766
187.195
221.354
194.297
191.927
207.155
192.565
188.937
192.245
200.418
191.938
192.065
189.782
189.09
206.944
192.665
192.104
192.125
190.498
206.66
193.936
190.223
190.441
189.831
206.516
189.631
189.22
188.401
227.413
200.688
167.128
163.422
164.856
162.395
178.63
171.376
166.24
164.405
166.838
164.123
191.908
167.181
165.822
165.114
166.022
178.944
170.103
164.964
165.492
166.627
166.772
189.151
167.954
165.056
165.845
165.07
183.182
170.542
167.379
166.26
165.568
165.28
188.899
166.732
169.198
166.684
165.571
181.542
169.15
166.236
165.689
165.073
166.655
189.758
166.574
165.607
165.942
166.504
188.756
176.628
167.36
166.504
165.217
167.178
176.892
165.645
166.727
177.013
167.805
185.081
166.52
165.622
167.656
165.184
179.283
172.555
169.195
166.357
166.43
165.461
187.012
167.801
166.574
166.113
167.827
179.045
171.791
167.232
166.056
165.932
167.44
181.853
165.154
163.415
160.006
161.785
168.658
211.386
200.411
196.801
197.729
210.471
197.896
195.828
196.177
195.674
211.917
195.668
197.488
196.228
193.707
212.48
194.384
194.063
196.383
203.64
198.514
197.491
197.744
195.615
211.443
196.994
196.703
195.479
198.149
215.944
203.469
204.044
204.338
216.736
202.18
201.19
204.723
202.79
219.68
204.573
202.748
201.133
206.547
218.878
204.438
203
201.506
218.469
203.616
201.29
202.507
202.741
215.967
202.381
203.043
201.23
217.494
204.065
203.322
201.585
203.884
213.561
201.681
203.446
201.224
200.913
214.844
201.539
203.019
203.62
216.763
193.585
195.229
193.725
191.385
202.643
210.477
216.382
196.832
194.642
207.196
195.329
192.832
196.272
208.198
197.876
195.491
195.487
194.906
209.467
198.715
195.051
209.335
196.695
204.125
196.339
211.301
201.692
216.077
213.958
205.459
203.029
203.483
214.124
203.197
201.102
216.833
214.163
220.562
202.747
213.914
206.123
214.781
202.064
199.315
198.49
198.072
207.105
186.359
183.955
180.851
181.673
195.846
185.844
186.372
185.662
185.48
200.315
185.808
184.165
186.376
183.011
197.438
185.812
185.408
184.638
184.887
203.555
187.556
184.454
184.117
184.86
198.552
185.859
184.236
184.328
185.606
196.689
186.46
183.633
184.849
184.227
209.942
196.046
221.639
214.061
214.69
196.972
195.52
195.043
193.341
206.959
202.852
200.267
201.044
199.894
210.849
197.255
200.466
199.083
211.998
201.817
199.534
200.518
201.606
218.742
200.27
200.256
199.678
198.233
217.161
200.597
198.327
199.772
211.922
199.965
199.819
199.775
200.307
215.745
201.475
199.096
200.863
201.459
212.593
200.955
200.587
200.601
211.691
203.645
199.705
200.232
200.66
211.688
201.888
199.558
200.376
199.915
209.394
200.113
199.461
199.447
214.244
200.653
198.802
198.689
200.596
214.668
199.511
198.921
200.908
199.367
220.245
201.63
199.076
199.116
213.447
197.506
198.19
220.053
227.406
214.455
215.96
201.578
199.098
209.464
203.498
200.58
195.932
196.007
214.099
200.076
199.171
198.039
200.659
205.435
200.109
199.158
196.016
197.553
221.682
198.371
215.319
197.399
205.805
187.282
182.613
180.082
178.601
190.02
183.483
182.23
180.757
181.209
189.502
181.862
180.82
180.732
182.02
180.372
184.706
180.919
179.797
245.833
227.621
251.296
187.517
186.849
184.329
198.659
185.633
186.087
186.37
185.402
198.716
186.917
185.198
185.087
185.393
201.098
187.496
185.579
186.238
186.502
202.211
185.402
186.024
185.514
185.765
199.895
185.432
184.459
182.752
182.902
199.153
185.525
181.905
183.236
190.285
227.319
201.083
197.826
199.439
211.02
196.75
197.386
196.187
196.286
210.431
197.931
197.161
211.434
203.184
252.779
251.283
195.541
191.082
218.152
206.266
195.372
190.957
190.941
206.497
191.218
191.663
192.406
190.52
204.345
191.483
191.739
192.896
201.395
193.762
190.385
192.64
192.046
207.051
194.068
194.386
191.458
191.278
203.248
192.752
192.131
190.803
191.288
204.317
192.32
190.352
192.653
191.889
206.021
191.708
191.379
191.841
191.472
203.078
192.939
192.535
190.938
197.875
205.934
195.425
196.582
175.807
174.891
194.284
178.43
175.647
175.158
176.492
189.241
175.232
176.97
175.579
177.187
191.698
193.143
186.895
183.085
181.297
205.394
184.21
183.189
182.284
180.63
198.398
183.816
181.575
184.165
181.624
196.73
184.123
181.956
183.158
182.73
194.888
182.154
181.911
181.932
182.558
191.707
185.195
181.98
182.826
186.727
205.548
226.127
198.809
197.592
196.279
208.277
198.37
198.445
197.345
198.909
240.666
217.389
180.449
167.544
177.519
165.769
166.202
165.124
163.383
163.521
192.951
166.942
164.346
165.973
164.118
164.76
167.49
164.846
165.845
164.108
164.647
177.755
168.192
164.386
164.68
163.332
166.222
180.439
165.176
163.313
163.664
164.847
179.631
165.227
166.612
164.62
164.096
163.474
178.658
165.492
163.36
163.54
164.376
163.521
185.394
165.845
163.865
164.571
163.561
175.946
165.766
163.523
163.095
162.151
189.268
195.118
176.041
171.379
174.862
172.916
183.509
173.114
174.214
173.533
171.613
184.504
177.544
174.089
174.97
174.745
173.678
192.269
175.076
176.131
176.892
174.513
186.192
175.191
175.611
175.315
175.001
194.531
175.729
177.131
175.319
175.235
183.586
177.796
173.895
173.47
177.41
174.474
194.266
173.92
172.953
172.913
172.694
186.821
175.235
173.407
173.658
174.038
177.755
174.38
172.522
173.565
176.131
175.162
184.122
171.283
181.13
175.322
172.136
185.144
175.219
174.066
173.804
173.394
188.679
176.623
172.338
172.759
174.738
172.826
187.493
173.866
172.907
174.664
173.929
187.163
175.957
173.335
173.481
172.96
182.527
173.523
172.709
173.47
175.122
174.912
186.942
175.112
172.321
174.695
173.755
177.066
174.778
173.872
172.963
172.041
188.943
176.594
175.717
173.425
174.453
172.507
186.086
176.339
173.672
172.929
172.542
185.418
175.108
174.474
173.451
172.033
185.253
174.817
173.445
172.878
174.032
172.383
185.969
173.702
174.257
172.967
172.423
184.829
181.433
175.371
173.069
173.512
184.904
175.452
171.954
174.831
175.847
172.772
178.46
172.872
173.719
173.506
173.673
221.094
206.006
199.774
199.49
206.4
203.683
199.771
196.702
197.816
209.647
196.931
199.312
200.014
199.212
213.996
199.392
195.82
197.864
229.24
243.757
211.213
205.371
234.433
264.542
241.402
244.185
241.649
240.186
238.976
240.859
244.663
246.662
241.626
240.966
254.465
243.494
239.015
241.196
276.837
241.472
239.74
243.063
257.371
240.904
243.193
241.652
256.075
240.318
242.393
254.378
242.724
241.662
239.39
241.81
242.574
241.972
242.484
253.231
240.282
242.507
242.417
249.141
241.235
241.494
238.333
253.124
242.029
240.098
239.076
253.776
241.258
241.842
242.149
257.858
242.314
242.785
255.811
245.327
239.851
241.656
251.893
245.293
243.226
240.349
255.379
239.119
242.226
241.469
250.798
240.081
237.526
242.402
250.902
237.773
243.764
241.127
255.492
237.958
229.556
248.628
242.591
242.18
242.755
243.389
243.323
245.013
241.605
254.652
245.352
240.395
242.436
253.569
238.056
229.215
201.635
215.129
202.841
194.691
185.368
186.871
197.659
190.585
185.914
184.536
185.545
197.531
187.607
183.971
184.793
184.985
194.617
184.645
184.225
184.295
184.754
196.48
186.21
184.321
183.399
182.137
197.655
204.245
197.86
195.031
194.399
210.102
195.533
194.54
194.342
194.164
202.351
193.407
194.146
193.936
194.089
209.398
194.862
194.109
194.24
202.763
196.492
195.944
196.285
191.756
199.259
195.036
195.046
193.255
195.294
208.97
196.566
192.639
194.604
194.531
206.492
193.401
194.045
196.185
194.564
211.085
195.106
192.991
194.832
193.458
198.455
195.479
214.681
234.4
282.202
231.776
215.108
248.906
249.942
208.973
216.916
194.002
203.86
196.267
193.827
191.029
192.813
206.715
195.118
193.241
192.254
192.134
207.237
193.004
191.365
193.154
192.535
202.55
192.362
192.089
192.783
192.685
210.727
193.494
192.823
190.684
193.709
202.473
192.997
191.403
192.512
202.203
195.052
192.149
191.394
191.94
205.849
193.241
190.351
202.345
185.812
204.05
187.075
184.956
183.505
183.244
195.951
185.204
191.127
184.215
183.998
195.959
183.963
182.588
184.198
293.789
193.064
202.855
197.624
179.926
177.656
196.269
178.741
178.171
177.022
176.304
188.478
176.595
176.353
174.774
176.381
190.738
178.955
176.411
176.425
177.662
189.743
177.731
176.652
176.568
178.035
175.847
195.57
178.034
176.541
176.492
176.786
190.39
178.537
177.041
176.79
176.381
188.516
177.638
178.377
177.551
176.913
185.01
178.932
177.394
177.822
176.622
178.501
192.563
190.555
182.558
185.626
185.518
199.514
183.466
182.485
183.754
183.052
188.092
234.708
233.648
235.874
248.087
234.911
236.226
233.477
248.006
234.914
233.026
235.507
258.443
237.012
234.872
235.492
247.682
235.77
234.801
236.16
246.915
235.008
235.095
236.735
249.453
235.673
233.798
235.758
248.313
234.784
235.323
237.17
248.44
234.22
236.545
235.582
250.566
234.41
242.743
235.637
250.959
234.653
235.926
233.498
248.518
234.469
235.408
235.802
247.863
234.784
236.102
236.89
249.126
233.161
237.48
234.937
249.119
236.248
235.423
241.821
249.275
236.605
234.449
235.774
248.68
234.989
234.34
238.052
250.387
236.452
234.326
237.177
252.142
234.691
237.808
236.016
250.671
234.025
236.495
233.768
248.726
237.11
191.676
183.365
183.342
198.341
185.898
184.927
183.098
183.7
254.493
235.556
231.448
232.645
226.653
237.173
236.868
233.25
247.57
235.918
236.431
236.168
247.838
235.261
237.335
237.543
250.416
239.565
239.272
238.27
264.653
238.051
233.531
233.478
251.759
236.295
235.071
236.294
249.209
238.58
235.14
233.54
247.208
239.179
236.09
233.967
246.116
235.66
238.451
234.329
250.68
234.891
238.437
236.105
246.232
236.627
237.664
239.312
244.394
236.616
239.685
238.821
232.723
195.7
243.074
236.993
252.422
237.645
243.742
240.588
253.483
242.446
242.055
241.149
241.77
241.291
234.774
247.925
240.501
239.218
239.589
250.911
244.8
237.414
238.907
251.41
241.567
238.536
238.326
255.011
243.079
238.153
239.571
247.005
243.083
238.714
238.711
254.212
240.362
237.227
240.111
251.421
242.83
238.723
238.61
243.568
240.735
242.001
237.02
250.888
242.275
241.009
242.358
252.361
240.776
241.645
239.733
251.893
244.037
242.479
237.474
240.031
240.449
241.729
247.549
239.432
243.857
241.793
251.357
241.813
240.659
239.29
252.094
240.421
239.333
239.695
258.334
242.609
239.011
240.616
260.395
195.82
191.57
189.925
237.675
240.35
236.173
201.504
215.574
205.009
195.415
193.073
189.232
191.239
206.417
190.555
188.964
190.937
204.077
193.725
188.26
190.182
190.732
202.108
189.559
188.049
212.606
192.053
200.994
191.544
190.941
190.077
188.94
200.425
191.954
190.882
189.529
190.315
204.685
190.453
189.088
189.931
189.655
207.566
189.96
188.784
190.637
188.603
207.337
193.605
191.152
192.085
190.447
202.661
191.663
188.9
188.495
197.019
193.151
190.697
190.537
188.606
200.177
189.855
189.755
189.974
189.692
202.029
192.101
189.99
192.326
189.962
203.43
190.684
190.094
189.738
189.003
202.517
191.656
189.053
189.21
188.799
203.995
190.646
189.009
190.941
189.849
209.925
189.652
189.439
191.5
189.57
200.11
190.158
190.64
191.241
190.349
209.815
192.784
190.571
190.206
191.533
192.893
189.98
188.312
190.425
200.375
189.939
188.569
213.258
172.781
185.445
174.439
171.967
174.26
170.21
168.756
194.474
173.752
188.405
176.79
170.239
191.499
173.178
170.648
169.91
171.613
180.74
173.763
171.766
172.428
171.526
168.54
193.036
172.086
170.269
171.157
168.318
199.063
178.882
175.235
173.424
174.895
174.721
176.071
174.053
174.263
173.364
171.439
196.131
174.403
175.427
190.715
174.723
192.101
175.412
174.25
175.44
173.828
195.484
175.786
175.075
175.918
174.553
184.435
175.518
175.367
173.25
173.655
173.807
188.782
175.828
174.089
173.89
174.988
188.784
175.103
174.269
174.613
175.319
187.987
178.081
174.617
175.362
175.042
174.858
188.101
173.912
173.27
175.123
181.684
187.493
175.169
173.921
175.28
174.169
191.507
177.057
175.74
174.494
174.053
187.563
176.361
175.059
174.504
174.349
174.374
192.847
176.381
175.246
175.947
174.747
188.229
176.266
175.422
173.686
175.195
181.798
177.405
175.24
174.218
173.995
175.081
190.409
174.58
175.331
176.651
174.932
189.492
176.612
175.894
175.794
173.902
189.518
176.586
176.077
174.524
175.187
185.472
176.982
175.015
175.369
175.449
177.402
190.306
175.572
177.247
175.699
174.464
188.973
176.95
174.21
174.864
175.41
191.547
178.612
176.06
174.974
177.511
181.885
177.337
176.438
176.055
173.051
174.14
197.521
176.501
174.483
175.894
177.181
189.174
177.291
175.663
174.66
175.442
189.334
175.126
175.87
174.16
173.464
173.097
176.234
174.761
176.634
172.875
175.694
191.253
179.568
179.563
179.129
180.655
190.666
179.726
178.613
179.945
178.333
199.921
181.37
180.696
179.303
179.135
192.436
183.182
178.012
177.849
173.407
219.432
209.244
200.404
177.898
174.331
186.75
177.151
173.708
173.427
173.045
172.101
197.243
218.911
207.018
202.142
227.546
208.47
208.771
214.41
212.181
226.689
213.499
213.167
213.116
228.133
214.894
212.127
213.365
226.818
211.125
207.324
204.738
207.381
235.365
217.026
215.195
215.826
229.789
217.341
215.747
217.018
227.796
218.42
215.694
213.511
215.008
219.041
209.065
210.579
205.63
224.773
217.029
217.46
212.121
227.492
216.645
215.703
215.601
210.286
226.193
217.577
215.134
215.101
227.375
214.788
213.167
211.152
218.944
220.548
216.197
213.08
213.394
240.063
217.71
216.899
217.714
224.919
215.08
215.011
213.179
222.313
215.573
213.439
211.465
212.665
231.408
223.86
239.183
215.91
206.079
202.256
204.038
201.568
215.85
204.271
200.644
203.094
201.613
218.981
201.627
197.937
197.901
197.45
220.388
204.801
203.729
202.596
215.775
205.996
203.582
201.724
202.067
222.182
205.264
204.458
204.999
215.354
205.149
202.52
201.884
203.624
212.386
203.961
203.128
202.286
213.474
202.514
202.902
201.531
201.727
212.196
202.183
199.088
198.075
197.541
249.521
231.75
210.025
203.619
218.924
196.198
197.769
204.474
212.111
207.525
206.957
201.49
203.435
217.203
201.45
201.177
201.113
199.627
219
202.867
203.899
204.827
213.832
200.214
201.143
201.09
200.92
248.398
216.855
212.965
216.165
229.279
208.265
208.347
207.05
235.071
220.956
214.943
215.743
216.013
228.025
210.642
214.761
212.307
222.183
213.293
213.511
212.135
227.559
207.627
205.203
204.819
226.055
267.48
231.095
216.201
214.03
233.822
218.447
209.455
213.879
226.64
213.825
213.066
214.591
231.039
217.084
212.492
234.879
226.72
235.078
213.207
213.127
212.742
228.525
210.965
207.888
208.871
207.56
213.438
211.731
211.085
214.396
227.118
214.14
212.739
210.601
219.609
212.369
212.236
212.592
209.304
242.16
221.071
213.451
214.852
228.093
218.746
213.621
217.922
229.362
218.136
214.521
214.662
215.628
232.34
219.004
218.695
216.265
230.984
218.205
218.267
218.198
223.648
219.613
215.236
217.616
215.873
225.348
211.217
