334.354
232.327
240.906
197.214
232.739
304.88
296.364
219.631
229.155
216.515
245.104
245.721
274.41
219.595
244.347
247.122
232.157
214.746
228.311
236.173
239.821
204.506
201.755
189.49
198.523
187.162
188.138
186.441
188.382
197.529
188.799
187
187.198
186.967
198.583
195.373
192.949
186.971
187.081
193.594
206.32
202.38
188.001
187.242
198.895
187.335
187.03
186.738
187.259
200.616
188.91
185.565
192.883
187.13
202.17
187.828
185.885
185.35
188.383
198.804
187.031
187.22
186.153
186.652
210.598
185.473
188.639
186.657
191.455
202.531
188.619
187.518
187.106
187.611
201.879
187.189
188.696
187.176
187.256
211.029
187.803
186.302
188.444
238.905
241.454
250.713
236.891
341.79
339.093
334.976
348.894
322.289
311.36
256.843
303.126
310.638
342.067
302.043
671.081
395.261
345.195
314.979
306.275
317.097
237.538
303.595
333.201
304.282
296.332
346.183
297.839
242.699
236.524
252.19
235.041
234.018
239.687
241.76
230.984
228.421
229.396
247.829
540.713
236.388
234.487
224.659
235.26
233.76
297.357
256.812
234.263
247.729
241.035
231.592
233.066
245.754
233.739
232.842
233.884
237.982
237.364
231.007
272.168
248.86
222.6
219.018
237.157
232.905
229.668
221.903
245.819
241.896
230.059
221.088
239.242
221.91
234.393
230.21
228.117
244.411
231.422
229.537
233.773
226.246
257.779
230.497
227.967
249.478
227.914
225.827
221.709
224.087
230.372
221.454
224.265
222.46
235.731
229.168
224.562
217.845
232.919
239.419
211.85
207.957
223.904
207.443
209.01
203.634
207.626
226.639
209.301
227.15
246.311
249.387
247.735
233.909
247.837
254.691
237.725
237.96
236.385
239.653
237.876
235.803
208.485
213.063
233.274
211.998
210.838
214.871
216.895
207.091
213.555
207.54
219.863
203.576
201.791
201.58
213.922
201.13
200.271
200.054
213.143
203.672
200.82
239.285
239.633
275.715
337.648
237.3
261.968
240.368
250.052
238.813
218.803
250.728
247.363
248.551
217.627
249.798
249.618
245.856
247.576
246.346
250.065
244.545
237.718
250.204
250.121
246.68
258.519
252.039
253.246
265.598
253.483
251.094
253.197
255.869
251.062
248.496
252.037
243.529
254.37
250.079
250.169
261.007
242.063
238.369
250.452
240.875
238.935
238.766
252.698
240.128
241.282
239.809
257.676
250.675
269.701
288.895
221.813
241.238
223.082
207.512
214.339
199.65
195.385
195.81
195.833
208.057
196.243
195.363
200.402
198.032
199.841
201.825
196.207
196.95
213.382
197.825
196.411
196.399
196.285
205.675
196.011
196.562
196.534
195.105
214.375
197.635
195.259
194.594
207.38
199.494
196.329
195.439
194.15
212.258
198.432
196.597
194.383
196.768
214.745
196.333
200.913
196.699
206.296
199.122
225.184
232.946
226.565
237.287
224.544
223.507
227.538
254.37
205.478
205.448
200.77
212.429
206.461
201.394
199.526
199.126
210.061
200.733
199.356
199.831
199.804
216.588
196.106
196.583
199.012
202.071
205.073
200.812
202.701
203.209
216.625
204.368
200.943
203.076
201.815
208.001
201.623
201.529
202.409
223.061
204.721
207.62
219.961
199.049
222.621
201.521
197.301
197.895
206.718
199.921
199.94
197.509
198.492
211.834
199.503
196.792
197.586
196.961
216.113
199.716
202.631
199.322
208.429
198.789
196.628
198.868
196.693
210.466
199.353
198.795
197.187
197.538
212.934
198.938
199.582
198.434
237.833
202.035
198.365
198.102
198.97
211.987
200.323
199.478
199.806
198.481
213.629
197.508
194.396
206.732
249.424
209.902
207.599
202.552
203.422
219.37
202.046
200.45
203.355
211.984
204.435
202.023
202.618
201.252
215.533
203.363
203.142
202.694
207.196
206.163
202.783
201.859
200.75
220.071
203.917
200.145
200.837
200.386
230.233
203.746
202.825
200.845
210.45
207.263
206.444
200.903
200.257
209.949
202.386
200.723
203.894
202.095
216.258
203.673
205
203.326
219.39
204.636
203.6
201.282
207.49
215.235
203.046
201.548
201.309
212.132
204.796
201.965
202.451
202.495
213.089
202.106
203.28
202.61
203.944
217.628
207.461
202.44
202.477
212.628
202.847
204.004
202.607
200.924
215.469
202.356
202.834
202.023
213.785
203.544
201.611
335.569
220.251
199.794
197.021
195.172
197.855
207.232
198.61
195.707
197.347
195.707
215.289
197.091
195.634
195.55
204.017
214.417
206.122
196.946
197.451
206.468
198.844
196.82
196.628
196.626
212.221
199.015
197.207
196.599
197.241
211.702
198.083
197.71
203.185
197.391
209.38
197.048
197.858
196.559
209.975
199.069
199.159
196.492
196.874
209.809
198.221
198.577
197.95
195.814
214.804
199.4
197.5
196.14
213.556
201.638
199.073
196.699
198.614
209.564
198.694
197.219
198.534
209.305
211.718
199.877
204.913
197.632
197.765
200.326
199.455
197.528
197.698
209.656
200.388
199.305
196.844
196.598
211.578
199.57
199.112
198.39
205.053
210.681
198.705
196.629
198.699
207.63
199.533
195.798
199.904
197.659
217.109
198.948
197.743
198.995
197.502
209.237
207.072
199.292
198.287
208.405
202.011
198.827
197.668
198.622
211.59
198.517
196.717
197.793
198.76
211.771
199.487
196.555
204.992
198.451
230.642
198.545
198.862
197.866
216.649
199.305
198.667
198.089
197.458
211.376
200.058
203.773
201.374
198.006
219.537
199.223
198.578
197.738
209.812
200.302
198.294
198.642
198.835
211.707
198.132
197.324
198.952
198.273
216.693
196.949
203.911
199.58
208.57
200.395
200.81
198.073
198.075
207.643
200.776
197.623
197.28
196.486
209.464
199.783
198.887
197.445
221.042
202.865
199.202
198.403
198.545
211.68
199.248
197.535
199.379
199.302
212.812
204.997
201.313
198.276
210.546
201.361
204.858
197.03
197.896
209.752
200.94
198.922
198.534
197.294
214.715
200.402
198.096
197.407
199.373
213.166
199.552
198.153
204.77
210.73
199.509
196.699
197.434
197.037
211.828
198.222
198.934
195.699
203.202
214.847
200.541
197.842
199.367
196.075
207.717
200.454
199.653
200.426
213.449
200.617
200.071
199.012
201.097
234.477
202.399
200.541
200.446
214.805
203.131
200.748
206.961
201.2
206.364
201.147
201.368
200.282
200.597
210.003
202.413
201.07
201.074
211.214
202.26
201.15
201.323
200.167
222.531
201.852
200.348
199.83
201.349
203.626
201.13
200.031
202.483
221.809
202.564
200.653
201.14
202.155
211.343
201.395
206.116
201.217
209.545
201.495
201.052
200.41
200.673
210.511
202.721
201.214
199.579
200.218
212.527
202.324
201.644
198.988
218.149
202.577
201.811
199.199
201.254
211.89
201.969
200.112
201.247
201.027
215.323
200.97
202.147
201.294
214.577
201.875
207.547
202.697
200.245
213.19
201.888
201.139
202.18
200.345
215.563
201.287
201.012
200.089
212.174
220.583
207.398
202.102
223.464
205.418
202.086
200.69
202.675
213.444
203.244
200.753
201.999
201.545
212.375
200.696
201.965
202.591
213.575
200.932
207.557
200.682
201.38
215.813
202.037
201.635
202.487
215.971
204.376
201.725
200.568
201.291
212.648
201.572
201.401
200.799
208.555
213.472
201.085
201.076
201.117
213.2
203.59
201.514
202.57
201.587
221.398
202.323
202.273
202.127
201.736
212.699
208.769
201.92
201.253
212.685
203.179
201.973
202.122
200.697
215.777
202.961
201.181
199.661
215.47
205.915
204.318
202.062
208.429
215.212
203.181
202.648
203.493
204.138
214.64
201.542
203.824
200.916
212.349
203.246
200.486
201.581
214.631
236.643
213.834
207.191
206.353
215.549
208.932
206.717
207.625
206.24
217.539
206.914
205.554
205.214
217.254
208.717
208.82
205.4
212.732
223.965
206.814
204.967
204.826
209.461
203.235
204.867
205.087
203.025
237.575
220.312
214.677
212.98
225.304
213.635
217.298
211.386
210.682
229.639
212.528
211.86
211.966
225.785
214.5
212.388
211.921
219.954
212.432
211.54
211.967
211.155
226.04
213.559
210.778
209.792
222.31
214.995
213.016
210.958
213.41
230.411
209.488
207.112
212.199
223.237
212.682
211.273
216.562
219.553
212.828
210.372
211.944
210.345
215.346
202.221
199.8
198.838
200.366
214.304
199.589
198.942
200.755
202.57
226.514
223.674
221.22
261.013
227.039
219.194
224.57
220.605
237.845
227.112
220.635
218.069
257.397
231.474
226.678
235.886
262.477
235.311
232.339
228.721
249.394
219.814
218.778
215.191
234.544
217.969
215.632
216.303
231.115
217.364
217.644
216.23
223.724
232.107
216.697
217.057
218.24
231.166
216.692
217.578
218.757
236.69
218.991
219.389
217.707
217.475
229.1
217.328
222.672
217.373
232.643
216.739
218.033
216.79
228.325
217.932
218.645
216.264
238.309
219.816
218.408
218.727
217.073
235.524
225.719
216.888
218.504
230.597
215.762
268.606
250.043
227.741
201.939
205.803
195.794
198.032
218.22
201
200.387
200.155
239.174
207.945
210.484
200.353
201.441
211.807
201.5
199.399
199.933
214.898
196.723
192.291
192.495
193.689
207.215
203.428
201.153
195.413
194.371
211.731
199.783
195.053
195.232
193.845
203.854
197.102
194.627
194.387
195.208
269.47
199.308
191.731
196.799
217.009
198.442
194.468
195.166
194.407
216.324
206.922
195.951
194.387
193.861
215.671
206.826
194.885
195.818
214.47
210.528
208.435
195.563
194.675
216.526
199.078
215.788
199.39
197.093
223.479
243.343
224.288
218.381
229.584
210.099
208.697
213.651
228.235
216.806
214.59
214.462
228.535
215.226
228.772
226.011
226.499
242.952
228.609
218.269
216.137
231.747
215.894
218.832
216.291
232.261
215.582
215.743
214.771
229.211
216.583
213.833
215.202
214.838
234.102
215.166
215.713
215.917
225.518
221.412
215.389
215.229
225.47
217.8
216.399
217.091
214.095
229.803
218.375
215.514
216.979
230.119
216.703
218.363
216.712
233.719
216.011
215.77
215.459
215.664
231.941
216.381
216.733
216.001
230.38
216.959
216.649
216.309
228.769
218.507
217.027
220.459
217.893
230.297
215.506
215.158
215.914
231.635
216.81
216.048
216.237
220.264
214.996
215.476
217.431
217.209
231.96
220.893
215.623
216.101
232.138
216.763
215.382
217.626
227.737
217.822
216.442
215.792
216.448
227.807
217.252
215.713
220.576
239.81
220.544
218.667
219.596
233.067
216.088
216.266
216.589
226.811
217.26
214.751
216.97
214.483
222.534
216.165
218.066
219.728
232.048
215.569
217.505
214.688
228.356
217.307
217.398
216.118
214.17
226.83
215.994
215.94
215.407
228.956
216.556
220.465
217.148
226.179
218.194
215.935
221.451
220.977
231.721
216.446
335.791
225.428
218.286
217.111
217.003
217.931
222.428
222.915
226.335
271.772
240.783
222.609
224.86
226.166
245.948
216.304
201.436
228.217
210.145
200.344
197.132
197.875
195.863
216.283
196.95
197.435
198.124
196.241
215.789
199.014
197.337
197.3
212.447
198.586
197.481
197.214
197.664
212.415
198.028
199.845
197.873
197.775
212.923
197.046
195.929
198.783
209.786
199.927
197.553
196.084
195.022
214.195
198.458
197.162
197.702
203.078
216.355
197.724
197.078
196.881
208.244
201.152
196.939
196.985
197.528
209.82
197.909
198.5
196.653
198.042
213.865
202.417
198.761
197.11
208.268
196.35
194.329
195.296
214.079
250.018
215.681
204.713
202.732
194.834
233.45
232.289
194.209
197.622
204.923
192.888
191.707
192.215
193.141
207.091
194.124
191.589
192.585
192.658
195.37
192.022
193.072
193.013
194.708
197.848
192.93
191.066
191.987
203.406
192.894
192.82
206.417
192.913
216.174
188.562
188.212
188.032
186.991
211.65
187.695
190.968
188.636
186.708
203.779
184.453
183.239
182.507
181.367
217.508
187.212
185.755
186.577
187.031
204.378
190.129
186.874
193.033
189.561
191.057
189.424
188.573
195.779
203.934
190.495
188.272
188.583
188.918
201.09
193.006
188.992
188.037
189.999
207.964
192.926
186.898
188.251
186.572
212.837
190.808
187.563
188.465
188.356
200.21
189.695
188.412
187.92
189.803
200.306
194.645
190.778
188.625
187.905
200.328
189.645
190.57
190.477
190.04
210.029
189.491
189.086
187.9
188.095
204.859
189.698
193.518
189.684
197.471
190.296
188.354
187.713
188.419
197.584
188.124
190.549
187.606
188.628
191.229
188.552
188.91
188.465
195.189
205.521
191.338
189.825
188.318
189.168
203.496
189.027
190.047
187.92
186.574
198.738
190.11
188.616
189.247
189.809
205.906
191.272
189.01
187.332
188.849
200.183
189.207
187.609
188.739
187.42
236.057
218.995
215.834
214.901
230.991
232.004
250.856
246.069
263.329
243.148
246.678
245.885
263.163
242.321
242.424
247.84
249.575
245.057
246.666
256.212
248.137
247.482
251.624
256.228
249.749
245.849
243.85
259.77
247.193
245.13
243.903
272.32
256.679
257.65
271.149
258.246
259.716
245.879
268.088
257.806
257.511
231.653
257.226
238.457
228.662
257.084
238.647
241.598
243.119
266.781
244.638
251.524
256.665
269.864
260.459
237.399
253.341
250.748
245.675
244.502
242.471
243.172
231.52
246.153
255.492
245.407
242.514
244.202
257.834
244.35
251.246
243.085
258.995
245.101
242.474
243.887
243.605
242.94
247.118
256.582
244.182
242.447
243.634
255.714
243.995
241.429
247.346
276.095
245.983
293.004
240.811
218.02
216.417
213.888
213.894
224.781
213.136
212.594
213.066
219.344
214.485
212.529
221.867
213.208
230.966
212.654
212.213
211.197
224.119
211.518
212.971
212.889
211.429
219.808
215.261
213.311
214.843
215.024
218.459
212.311
212.311
225.604
216.904
212.697
214.361
212.086
225.966
214.231
213.428
211.177
227.565
214.341
212.557
212.962
218.91
215.364
213.123
212.917
215.845
226.777
215.053
212.019
215.555
229.64
216.069
212.568
213.041
213.664
228.529
215.529
209.448
192.306
198.365
187.846
188.994
186.613
188.871
200.607
210.053
209.289
209.737
209.51
223.173
209.28
209.743
209.196
225.189
209.051
210.743
209.063
228.991
209.912
212.233
209.286
210.823
198.155
185.566
186.299
187.355
186.05
190.394
186.336
193.054
187.445
195.929
188.492
187.277
187.138
187.469
197.253
189.359
186.459
186.432
185.803
200.133
199.899
190.198
186.177
192.513
198.371
210.837
186.625
186.077
201.187
209.14
234.019
241.749
209.561
214.176
193.945
187.149
186.892
188.622
207.066
193.146
189.497
186.924
187.743
202.37
187.971
188.954
186.85
319.143
196.936
188.065
186.823
187.53
198.015
183.788
182.128
188.068
184.626
213.21
189.217
187.921
187.767
188.576
200.145
188.685
187.193
186.945
185.988
201.485
189.235
188.102
186.64
193.328
205.989
184
180.988
181.629
182.005
209.077
187.548
186.488
186.277
185.448
196.856
188.329
187.202
187.891
185.716
205.828
187.429
187.339
185.358
185.418
200.526
188.315
186.05
186.143
185.782
204.032
188.058
187.502
186.313
187.78
198.61
192.365
188.637
186.727
185.825
198.914
187.042
186.604
186.386
187.021
200.395
186.903
185.984
187.063
186.18
203.039
186.243
191.007
188.397
185.207
189.572
186.708
185.864
188.023
184.95
188.191
185.651
185.451
185.01
226.273
239.172
210.121
205.716
212.774
223.683
208.242
208.215
208.095
218.995
207.259
205.852
207.77
206.594
218.515
204.633
205.442
204.155
218.18
206.067
211.56
222.454
210.083
224.94
206.781
206.823
207.821
219.724
209.063
207.845
203.068
204.877
223.681
207.663
206.219
205.304
223.473
209.556
204.898
205.608
206.564
222.257
207.202
204.85
206.016
217.648
205.762
204.266
204.736
215.533
218.045
201.745
205.677
202.729
210.998
202.745
200.588
200.556
200.035
212.495
199.606
201.404
198.854
197.623
227.771
209.737
214.623
197.368
214.02
201.863
197.247
197.388
197.404
211.921
198.67
197.388
198.24
197.298
213.571
198.116
197.207
197.662
209.828
197.133
202.127
198.447
195.814
217.22
199.267
195.9
198.654
196.85
202.932
198.463
196.207
197.855
197.665
211.266
199.248
196.478
202.014
210.2
201.323
197.875
196.957
197.475
218.678
199.732
197.989
197.285
196.137
212.805
197.772
196.939
198.438
210.463
203.756
198.811
197.085
196.967
219.256
199.57
199.253
197.007
198.188
209.398
196.247
196.482
197.257
197.057
213.29
198.395
202.276
198.858
207.509
198.949
197.088
197.087
198.323
210.712
199.506
196.802
196.028
197.021
215.707
199.663
199.165
197.241
213.048
200.389
197.562
197.755
197.718
210.936
201.304
198.056
198.043
198.113
214.233
199.015
198.613
197.231
199.412
199.587
202.538
199.613
196.549
208.617
198.634
197.692
200.66
197.146
207.553
199.009
197.645
197.411
197.738
213.261
200.118
197.651
203.723
209.435
199.49
198.429
197.975
198.838
213.229
199.018
197.286
198.45
196.362
208.032
198.294
198.816
222.979
209.966
208.929
207.34
201.223
203.349
214.356
201.929
203.824
200.418
202.01
212.987
200.537
200.465
200.472
211.042
208.266
203.77
208.428
204.038
216.192
204.308
202.718
203.018
221.438
204.573
202.85
202.835
201.605
217.38
203.273
203.293
204.545
201.903
227.058
204.826
201.936
202.096
214.564
204.926
204.094
201.738
202.654
214.321
203.954
202.658
201.813
214.879
208.149
203.954
209.529
204.191
225.193
203.517
203.587
203.409
204.595
216.766
204.432
203.724
202.48
216.598
203.577
204.111
204.063
202.246
222.159
203.808
203.79
203.33
216.97
205.978
204.188
203.007
204.399
213.93
204.823
202.522
203.653
203.403
208.284
204.139
209.131
204.837
211.172
202.607
202.885
204.052
203.148
216.576
201.377
201.184
199.701
216.747
210.524
203.774
204.582
202.864
218.761
205.44
202.129
202.838
203.42
208.051
204.796
203.027
202.928
224.516
202.958
202.736
202.062
202.801
219.123
202.621
207.791
203.927
212.789
204.297
203.359
204.09
204.432
216.742
205.295
204.192
202.246
216.994
206.184
201.223
201.184
201.094
239.954
205.531
202.132
202.788
203.634
214.862
204.335
202.527
204.312
217.589
203.18
203.753
203.541
204.309
220.652
310.332
206.39
201.928
224.546
209.35
199.265
197.515
210.092
204.425
200.017
199.416
197.146
207.217
200.534
199.851
198.597
198.468
215.543
200.73
198.487
198.747
206.784
200.195
198.197
199.439
198.904
224.976
208.102
200.208
201.485
198.702
209.174
198.107
204.636
200.946
209.288
202.434
198.14
200.673
199.64
210.11
201.121
198.191
198.257
208.78
245.469
237.304
209.2
217.25
257.987
240.162
241.063
238.542
235.452
220.475
220.887
219.764
236.182
221.616
219.215
207.292
221.391
235.04
209.557
218.338
224.423
229.758
220.222
208.427
208.378
224.529
208.415
205.521
208.104
208.362
226.975
219.84
221.745
219.605
233.764
221.211
227.663
221.325
237.066
221.214
221.127
221.41
225.815
206.732
221.374
222.219
208.264
223.369
208.862
206.567
209.995
221.99
214.376
207.891
208.594
208.759
225.395
208.805
208.859
208.258
225.675
209.147
209.551
206.105
208.81
222.687
208.748
205.828
215.46
219.972
209.118
206.625
209.078
213.006
254.652
200.084
198.882
196.477
211.7
200.281
198.588
197.548
197.956
212.842
206.414
199.209
197.521
196.892
214.072
197.358
196.956
196.811
207.53
199.274
197.256
198.369
197.545
219.033
198.754
197.238
203.628
198.706
213.047
199.292
198.968
197.826
198.685
211.963
200.736
197.091
197.73
205.701
200.375
199.541
198.528
197.508
216.682
198.122
199.533
199.094
198.714
210.711
199.269
197.926
200.097
213.402
202.778
199.169
199.226
198.432
212.588
199.874
205.25
199.322
197.773
208.923
199.773
200.197
197.747
198.373
212.266
199.774
198.825
198.583
199.884
200.777
198.728
196.893
204.321
221.917
199.97
199.493
199.566
199.091
203.018
200.622
200.188
199.984
196.979
200.188
199.175
199.456
198.734
208.502
208.288
198.768
198.797
200.014
211.984
200.282
199.034
198.462
200.118
215.713
198.341
199.636
199.27
209.334
200.758
199.048
206.113
198.955
213.95
199.009
200.345
199.974
199.366
212.065
201.064
197.588
198.79
199.481
201.15
196.749
196.606
195.357
218.925
202.233
198.507
196.979
198.366
210.939
200.823
199.806
199.56
198.02
214.447
198.999
199.7
201.053
208.248
200.796
205.442
196.986
197.57
219.35
200.172
198.908
198.579
197.441
213.402
200.582
198.702
198.447
200.128
202.344
200.027
200.311
204.482
208.766
199.121
197.451
198.922
199.984
209.722
200.068
201.11
198.98
197.701
213.349
199.054
200.122
198.206
210.012
207.216
199.6
199.104
198.514
220.215
200.263
200.573
199.74
200.068
202.854
198.688
197.765
199.927
200.462
210.705
199.947
205.517
197.959
205.48
200.892
198.39
199.849
199.624
215.714
202.076
199.698
197.708
199.359
211.506
200.281
199.987
198.925
214.409
201.828
199.119
197.277
199.503
215.693
201.063
200.419
200.194
199.172
214.146
200.913
200.887
200.118
198.768
200.231
205.972
199.786
199.858
209.611
201.031
198.436
200.395
199.851
211.189
198.901
199.118
199.072
200.813
218.002
206.744
199.897
197.899
206.969
194.537
192.265
190.908
190.39
206.056
192.248
192.579
191.891
190.123
203.33
192.157
191.389
191.389
191.091
213.982
193.1
189.956
189.665
190.545
208.63
193.675
191.148
192.331
191.037
195.42
191.145
190.715
191.035
200.339
192.569
197.145
191.031
213.578
238.771
215.716
214.486
213.538
224.231
216.092
212.072
212.255
211.115
225.936
214.033
213.608
215.343
229.278
213.639
211.807
211.882
210.704
234.113
213.103
210.781
211.545
223.463
214.273
212.841
214.368
213.93
216.736
212.219
219.105
212.847
221.247
207.75
207.184
206.61
221.057
218.845
215.088
213.642
214.597
226.517
216.395
215.87
215.884
231.609
221.164
214.55
214.397
214.013
216.372
209.421
208.261
207.085
230.727
212.803
213.839
212.234
225.753
214.795
213.923
212.326
216.946
231.921
213.569
214.023
210.835
226.008
214.004
212.331
213.527
220.729
213.258
213.508
250.698
277.271
219.088
214.393
216.659
214.444
225.662
213.98
212.766
213.741
229.391
215.361
214.935
212.093
209.168
222.161
212.513
212.14
213.578
226.059
218.949
213.201
210.868
224.953
213.796
213.996
212.291
211.707
229.811
211.944
210.029
212.311
230.838
213.909
211.713
211.875
233.428
215.574
213.434
261.081
215.927
222.56
244.953
236.366
225.157
226.04
208.098
205.106
206.634
224.358
209.68
207.034
214.431
208.141
278.014
283.846
271.617
301.561
283.03
281.651
285.543
272.73
270.064
285.208
288.862
284.961
221.883
208.028
319.158
266.819
211.459
222.784
211.033
208.685
207.284
208.485
222.056
210.512
207.015
205.457
216.651
209.28
206.252
206.032
212.456
224.281
208.595
208.427
205.993
217.736
208.014
208.568
209.365
208.805
219.3
208.366
207.376
209.698
216.229
199.433
204.476
201.244
199.208
222.637
206.297
206.369
204.331
215.609
207.815
206.216
204.402
206.327
282.995
216.389
204.231
207.229
221.959
208.729
203.748
206.645
204.375
219.063
204.336
205.505
206.005
216.212
206.405
204.505
205.431
206.69
215.119
196.512
200.993
194.446
193.408
200.59
195.06
193.6
194.488
209.777
197.071
193.899
192.398
192.584
203.588
193.954
193.892
193.393
201.385
207.184
193.26
193.164
194.228
195.223
210.097
194.524
195.267
193.144
203.222
194.448
194.04
193.535
193.72
202.977
202.013
195.835
193.609
192.42
202.244
195.627
192.707
194.01
194.147
206.878
195.203
193.693
194.952
193.456
203.745
193.399
201.943
194.922
201.422
192.737
193.984
193.191
193.391
201.601
194.676
194.217
193.819
193.549
203.225
195.831
192.987
193.802
201.723
197.997
192.875
192.523
194.28
194.163
205.154
193.071
196.297
193.333
208.578
195.787
193.954
194.45
193.873
206.304
201.183
194.953
194.578
192.397
204.53
194.097
192.012
195.143
194.233
218.3
191.743
189.221
190.182
189.725
197.99
188.385
202.528
206.328
211.393
202.493
200.191
200.241
199.839
214.713
201.705
200.617
248.596
268.729
251.561
249.294
249.45
254.346
255.111
248.602
239.596
249.805
238.729
250.259
249.42
266.392
250.644
249.949
265.798
252.795
250.158
246.65
269.11
252.906
257.741
250.938
250.743
252.511
234.828
247.95
264.131
251.552
251.987
248.238
251.204
250.89
248.197
265.021
249
253.433
255.755
216.89
201.46
200.254
201.086
201.455
212.548
201.086
251.828
249.953
240.03
246.642
227.47
216.231
224.775
215.884
222.838
230.588
240.243
217.442
230.637
228.468
244.472
218.39
228.819
229.668
230.781
229.148
227.92
229.608
228.519
240.074
235.687
228.191
226.948
244.317
228.95
216.041
232.497
244.932
241.84
240.739
245.324
256.302
234.85
230.174
231.353
241.597
236.165
215.486
233.609
230.14
232.368
233.167
230.186
248.095
220.66
216.75
214.829
229.869
215.421
214.874
214.721
213.756
234.074
243.31
246.077
249.361
228.51
251.319
216.336
208.648
224.014
208.08
203.286
203.488
214.938
204.309
201.504
202.456
207.927
217.418
201.069
202.491
202.342
200.383
203.325
202.417
203.737
202.149
209.01
202.755
201.752
201.981
202.233
217.337
212.345
207.707
206.637
221.332
206.189
203.921
202.868
206.585
225.284
207.178
206.33
205.136
216.435
206.971
203.878
204.044
211.339
219.511
205.03
206.163
205.157
216.841
204.811
205.854
205.746
205.388
216.108
204.399
205.681
204.947
204.331
206.462
211.47
206.444
205.843
215.858
206.254
205.625
204.903
204.123
213.271
205.334
204.636
203.118
217.939
205.381
207.07
203.275
210.684
222.941
206.073
205.358
204.94
210.102
227.142
210.092
207.59
206.326
218.678
206.672
205.361
207.514
218.056
207.867
212.826
208.399
205.93
216.892
206.754
208.074
207.001
221.434
207.524
205.946
206.795
206.778
218.669
207.497
207.132
207.279
224.733
209.267
206.249
204.816
206.15
219.349
206.368
205.184
206.932
221.866
206.065
205.226
204.18
208.502
218.832
204.943
210.271
207.416
220.567
208.531
207.403
208.172
205.103
216.977
205.322
208.519
204.947
217.689
207.436
206.871
239.753
237.644
221.415
211.743
208.873
208.038
220.508
212.028
210.651
208.902
220.963
212.753
209.804
210.129
208.239
224.014
209.749
208.703
214.224
224.586
209.782
209.953
209.217
209.211
217.833
209.178
207.283
209.675
220.755
211.744
209.866
207.213
209.247
221.147
215.961
209.882
206.832
215.47
210.23
211.072
209.924
209.433
228.801
211.127
208.458
208.445
219.311
208.338
209.926
210.694
214.339
218.952
210.36
209.472
210.568
222.164
208.538
207.316
209.301
207.599
221.519
211.415
210.581
210.408
221.494
210.04
213.644
210.286
208.396
216.152
207.297
208.104
206.431
222.348
230.135
205.133
201.808
200.588
217.211
202.551
202.914
200.245
222.193
202.831
198.606
199.94
199.908
214.123
204.586
199.924
201.683
199.639
212.592
197.952
199.715
200.756
210.597
202.911
207.735
200.142
199.645
210.231
197.805
198.127
262.275
279.591
210.456
207.737
204.511
246.622
243.856
243.159
245.32
251.311
262.464
260.101
255.512
270.735
252.908
255.135
266.065
258.805
254.174
255.377
262.527
252.268
222.324
236.336
250.44
242.123
249.614
246.047
265.893
246.63
241.852
256.212
272.732
256.047
253.481
256.456
252.485
254.871
253.505
261.171
257.862
251.309
248.783
254.886
243.175
255.206
257.618
257.238
255.968
255.239
300.177
259.148
247.115
254.042
253.279
246.033
242.163
258.254
250.613
258.369
242.902
254.664
259.644
256.672
232.699
267.505
257.215
247.862
245.902
254.548
240.548
238.164
253.487
246.527
248.058
243.404
244.255
244.108
245.814
247.316
271.834
245.447
243.385
244.309
253.298
242.732
243.208
243.306
258.06
246.063
247.357
266.227
254.986
253.687
256.221
290.435
245.433
244.776
244.614
257.71
244.198
244.078
241.895
245.197
241.57
242.404
251.914
242.752
251.676
253.76
259.738
243.188
255.432
254.17
270.661
245.936
242.535
241.685
257.081
246.14
252.835
272.775
262.186
257.736
255.912
292.418
254.754
255.924
252.087
244.906
243.262
255.897
255.783
259.518
255.818
255.309
259.526
254.747
259.549
253.065
266.468
255.075
255.539
258.949
255.006
246.457
245.751
273.54
246.652
245.632
242.587
247.752
246.394
244.751
251.495
258.294
243.154
245.882
247.04
266.902
247.671
245.731
257.71
247.959
246.231
245.681
258.565
244.1
246.993
246.851
263.667
245.018
244.47
254.811
242.757
245.48
256.921
257.94
243.687
242.764
242.388
268.123
255.72
253.732
257.975
274.045
261.224
256.225
247.892
258.24
244.055
255.396
266.162
246.534
253.89
244.767
246.474
255.884
256.318
267.159
256.418
254.655
262.018
303.163
258.905
256.673
256.32
270.45
259.547
258.34
267.414
257.702
254.604
253.724
269.705
258.385
256.857
270.571
263.107
258.274
253.822
295.055
257.925
258.093
257.469
266.519
257.672
255.243
256.255
259.964
256.292
254.284
258.007
263.636
216.958
212.42
221.982
209.424
207.73
208.631
217.271
207.004
205.175
208.51
207.647
217.957
204.796
206.935
207.681
217.355
212.532
207.761
203.885
209.113
221.786
209.743
207.479
206.628
218.838
208.848
207.623
205.954
208.743
219.433
207.209
207.843
213.131
221.431
210.37
207.262
204.981
207.644
219.192
205.144
206.955
206.227
203.497
206.12
203.373
203.756
240.352
251.018
209.351
197.016
194.992
262.327
208.519
200.78
199.861
198.842
211.729
197.076
196.845
196.489
196.184
256.114
201.916
194.981
201.464
252.944
254.076
255.258
253.658
297.154
255.288
251.907
262.379
255.706
253.374
253.955
266.951
252.445
251.513
252.164
271.705
253.08
253.634
243.947
259.627
253.937
254.932
258.377
253.958
242.239
249.474
255.819
238.56
238.932
251.977
271.711
247.81
256.262
240.957
251.843
242.419
243.007
250.975
269.054
253.614
253.273
249.035
252.007
254.012
253.214
264.147
251.579
259.345
254.64
243.087
239.91
239.534
242.075
253.631
241.988
238.229
239.375
257.738
239.703
241.513
242.362
299.721
216.269
205.699
200.065
208.927
197.418
198.157
199.492
197.389
201.678
199.657
199.665
196.627
210.782
199.977
197.725
198.504
197.158
236.934
242.604
226.42
221.478
243.259
226.771
211.666
210.812
216.723
215.185
211.225
209.878
212.157
233.822
206.834
201.895
209.838
215.476
204.163
202.907
202.091
200.388
222.46
205.803
202.987
201.834
209.24
199.476
196.618
200.467
197.748
217.072
209.564
202.129
200.518
199.697
216.164
202.532
200.209
199.514
213.7
206.59
200.782
201.425
199.296
214.73
203.117
201.537
208.108
200.493
219.675
203.582
199.665
201.983
228.679
196.069
192.113
191.793
190.921
199.648
192.857
192.043
190.717
191.134
207.198
192.244
191.279
191.287
189.871
207.252
190.945
191.609
191.619
192.833
212.31
186.932
181.697
183.205
209.16
249.667
229.327
219.502
218.641
237.702
219.502
220.708
217.789
238.055
220.499
220.509
219.192
237.702
215.041
216.307
215.842
233.702
236.029
221.394
230.181
349.309
227.467
227.95
226.293
241.114
225.735
226.813
227.578
244.717
259.936
249.009
249.624
265.364
260.386
250.153
251.509
259.276
250.714
249.952
253.333
235.332
248.265
234.644
237.966
240.248
234.69
238.377
237.835
236.051
243.706
241.697
235.702
240.412
235.54
247.713
249.24
251.646
248.865
249.06
267.402
249.711
235.115
236.32
251.745
238.68
244.1
235.516
249.254
239.232
235.526
236.351
253.035
238.264
238.514
236.447
253.379
238.373
240.278
235.774
262.525
237.911
243.486
236.208
253.998
237.869
234.698
240.581
253.113
238.906
240.505
235.435
245.656
242.35
197.659
188.756
213.689
183.272
186.598
181.313
178.447
211.199
188.703
188.568
187.273
189.211
201.985
189.442
187.166
185.863
185.228
229.657
213.773
212.302
234.47
254.928
238.134
239.212
238.377
253.668
239.118
241.886
238.811
253.171
252.313
233.83
210.364
218.784
204.579
204.41
208.877
222.668
201.021
199.076
197.655
197.595
216.869
201.77
202.534
201.421
201.999
202.159
200.657
200.438
204.711
215.236
206.297
202.349
200.796
200.268
212.324
198.456
199.62
199.846
211.984
201.194
199.049
197.936
199.533
218.042
202.39
198.969
204.879
200.239
213.32
198.857
243.364
216.139
224.986
210.11
207.49
214.727
215.373
211.725
208.077
205.595
206.116
224.64
217.631
208.926
206.03
217.986
207.316
208.312
205.261
204.426
220.117
209.752
206.159
207.296
205.448
209.07
209.165
208.771
212.639
224.985
207.707
209.638
207.533
207.674
208.566
207.102
209.695
204.239
222.38
207.783
206.321
207.767
206.708
261.109
235.965
225.885
214.682
236.663
214.675
214.655
216.953
229.9
217.529
217.233
215.702
225.809
219.016
218.254
216.472
216.6
237.915
216.814
216.856
215.335
230.994
217.319
218.653
216.085
226.27
219.262
215.34
228.557
235.666
229.01
217.431
215.798
220.726
230.104
217.886
215.925
217.004
230.186
219.335
216.759
216.964
216.104
220.399
216.602
215.96
216.579
231.367
217.681
223.213
217.515
229.141
218.056
215.609
218.173
226.748
215.666
213.38
213.946
236.787
292.314
252.197
250.039
233.965
246.112
253.705
238.809
238.954
214.269
208.491
241.914
222.851
235.064
226.396
213.555
209.892
223.372
211.016
211.535
211.959
227.315
218.156
211.502
209.651
208.281
226.265
213.074
211.428
212.481
221.227
212.842
210.425
208.932
208.665
223.8
211.913
210.864
218.47
228.425
226.047
207.758
205.228
206.023
221.341
206.621
205.74
206.58
218.854
205.427
205.836
206.621
206.738
215.653
210.263
206.765
204.498
224.436
205.218
207.061
204.516
205.184
224.496
206.587
217.552
207.293
215.593
205.477
206.063
205.335
210.778
229.829
229.838
205.775
200.729
248.38
247.151
249.336
231.87
224.665
212.939
208.418
201.456
210.292
204.605
201.435
207.913
204.596
213.43
203.111
201.45
203.536
203.87
220.265
202.383
201.607
201.95
205.745
203.479
202.633
201.622
201.992
220.83
203.763
201.765
201.471
199.856
209.855
211.79
203.265
202.272
215.54
233.246
220.016
204.491
217.407
209.006
204.461
208.02
205.952
221.883
205.185
204.006
205.102
213.066
209.074
205.577
203.984
202.755
214.696
204.301
202.885
203.462
203.146
222.338
205.083
202.088
205.183
214.469
204.711
205.992
231.586
258.179
257.048
233.365
229.642
265.425
250.232
235.889
209.97
211.045
206.728
205.197
203.329
203.978
216.54
203.529
203.25
203.872
259.597
223.941
220.128
222.547
223.761
235.363
223.655
226.354
220.657
238.574
223.536
222.971
223.175
229.03
219.322
225.923
218.366
229.16
227.887
207.754
188.219
187.52
212.136
198.364
204.446
265.902
222.396
206.571
205.321
205.341
201.969
221.993
204.651
202.387
202.886
214.52
237.205
205.966
199.777
206.033
232.475
204.203
203.253
202.79
228.786
208.612
206.297
208.285
205.15
219.403
207.574
205.395
207.707
215.911
202.829
207.72
202.247
200.386
221.04
203.308
200.954
201.285
208.269
201.969
200.505
201.398
198.564
212.595
199.779
198.134
196.482
205.531
210.736
194.604
193.253
192.889
195.673
220.525
200.027
200.7
198.197
217.776
198.187
194.6
193.547
194.654
228.639
203.036
194.455
193.023
191.196
208.083
197.312
193.047
192.216
194.184
217.836
206.072
198.142
213.266
253.407
200.591
225.377
218.467
216.908
212.214
207.215
208.859
207.008
226.864
208.985
209.281
207.841
216.181
211.269
207.119
206.142
207.833
301.693
196.258
187.663
186.421
185.222
188.57
182.404
185.271
185.024
184.227
201.475
188.044
187.199
186.909
187.37
207.533
189.063
195.526
191.904
203.281
191.559
188.82
202.919
190.871
206.037
186.284
186.002
184.15
184.876
199.589
190.501
190.444
188.378
195.89
205.084
189.091
189.334
187.145
188.231
204.071
187.73
188.396
188.853
187.312
199.59
188.857
187.7
189.616
186.955
204.754
192.06
187.052
186.276
185.438
202.066
188.368
186.54
187.273
185.298
375.431
198.948
215.008
202.13
199.136
196.678
201.392
197.68
205.933
197.624
197.912
196.801
196.887
210.745
200.522
197.76
196.334
195.485
210.371
197.024
198.714
197.262
211.499
198.327
197.024
194.648
194.694
206.383
196.813
195.836
199.266
193.23
214.83
208.419
200.346
199.462
197.712
216.779
206.133
197.462
197.275
207.344
199.874
199.11
199.623
199.078
209.375
199.314
199.149
198.945
199.273
220.878
208.322
205.29
208.843
219.109
204.098
202.964
203.18
202.835
208.512
203.332
203.601
202.41
215.851
203.93
202.364
203.449
204.189
215.72
208.69
203.089
203.196
202.609
218.528
252.045
214.477
207.013
225.425
208.585
207.075
207.049
228.21
209.833
209.668
205.803
213.094
211.662
207.886
206.079
207.752
219.689
208.776
207.222
208.863
206.808
207.921
206.398
208.155
206.233
226.681
207.209
212.428
207.512
219.118
205.646
204.907
205.03
204.395
221.985
207.737
207.891
206.511
216.245
209.411
206.229
208.047
206.431
222.63
207.443
217.15
207.77
190.485
192.419
186.992
186.049
186.971
196.922
188.252
186.922
186.204
186.033
198.526
186.802
192.305
190.179
187.145
197.534
187.353
185.9
186.611
187.753
196.035
185.822
184.568
186.135
187.455
197.755
187.975
183.055
222.02
211.579
204.793
188.72
186.559
186.15
186.488
201.24
188.201
187.604
186.113
185.535
199.596
186.965
187.277
186.697
193.379
201.755
188.102
186.3
187.229
188.762
199.715
202.917
193.082
191.422
192.263
204.334
191.149
190.757
188.951
232.65
218.518
212.65
211.805
211.576
222.746
222.118
214.349
212.135
214.866
212.162
211.48
212.648
226.884
251.97
207.312
190.382
194.857
203.406
192.293
188.217
190.727
202.417
192.302
187.868
189.788
188.022
201.013
188.733
189.555
189.921
190.1
204.153
197.016
190.143
188.128
188.642
202.534
188.621
189.772
188.977
190.691
201.315
188.864
189.711
187.974
273.653
212.892
191.436
195.613
192.141
193.954
191.159
190.149
187.547
187.981
198.765
190.862
187.74
188.498
186.454
197.492
189.03
468.379
196.441
209.795
193.736
191.791
191.507
190.961
205.033
193.013
189.019
193.049
202.828
191.329
190.008
190.901
191.222
210.812
193.394
195.191
190.292
189.944
202.8
191.864
192.021
189.915
191.24
205.665
190.426
191.412
189.507
190.173
216.247
203.794
202.147
205.804
217.148
204.179
199.745
200.386
200.245
217.734
201.538
201.518
199.31
200.212
216.185
201.953
200.582
200.288
211.854
204.125
198.411
196.622
196.362
227.845
215.481
217.512
213.555
357.488
210.323
202.543
204.84
219.108
203.325
204.827
200.869
208.361
215.677
201.756
202.36
202.13
211.791
203.563
202.147
204.11
201.14
215.084
201.544
202.149
201.198
201.266
204.807
207.854
203.216
201.592
210.194
201.027
200.889
203.663
200.762
217.042
200.739
202.431
201.348
213.166
203.74
200.495
201.29
206.467
214.303
202.838
200.204
202.103
200.841
206.988
201.626
202.152
203.084
213.394
201.942
201.278
202.341
202.892
212.766
213.067
202.67
202.234
214.16
201.951
796.843
245.649
253.566
236.315
248.628
235.924
231.344
248.649
240.522
236.768
206.942
219.479
250.789
225.541
222.417
239.446
256.008
241.68
239.704
240.565
241.191
240.402
225.544
226.32
235.81
225.625
222.471
229.305
222.003
226.507
222.004
222.45
219.365
233.12
223.21
225.657
222.174
232.107
221.248
222.32
221.357
239.139
222.548
228.014
222.161
253.829
225.782
221.205
231.63
235.42
219.884
221.006
223.861
224.063
251.675
212.285
209.799
211.713
226.838
218.891
213.057
209.443
216.649
212.311
209.832
211.574
210.792
211.777
201.25
198.681
197.247
197.969
203.262
196.991
195.978
208.862
217.564
197.594
193.892
213.152
297.451
251.748
231.33
236.13
249.329
217.368
206.605
204.202
221.279
204.729
198.217
204.326
199.66
222.138
203.464
199.735
197.76
198.087
211.622
200.246
197.002
197.699
196.574
206.184
197.299
198.472
195.39
219.113
203.759
198.959
199.132
290.084
232.138
202.766
195.491
193.439
203.322
240.046
250.669
223.22
226.979
204.031
202.838
208.32
203.259
223.069
207.296
210.939
207.428
221.922
209.01
206.886
208.242
205.01
224.684
206.162
206.28
205.16
208.813
212.088
208.369
205.261
205.421
218.29
208.058
206.127
206.477
215.388
209.917
206.895
207.908
204.953
219.597
238.047
208.576
185.879
178.431
187.936
177.271
176.336
178.038
177.969
197.169
178.862
177.409
177.003
177.325
201.509
179.764
177.397
177.335
181.956
191.756
178.159
178.251
176.834
178.638
186.822
179.289
177.658
177.893
176.673
177.343
188.334
178.845
176.456
178.621
182.188
182.714
176.386
176.784
176.052
177.665
188.088
178.086
177.379
177.622
177.591
193.445
178.69
177.782
177.176
176.928
182.276
182.67
176.936
178.414
174.67
177.15
198.613
180.041
178.998
177.953
176.432
190.994
177.705
196.177
204.735
180.978
191.644
181.958
179.493
180.482
178.341
193.147
180.359
178.708
179.09
179.583
200.95
182.565
178.937
180.39
179.282
190.556
184.248
179.025
215.831
220.702
216.158
200.255
203.831
197.362
197.834
213.428
198.55
199.021
197.692
202.086
201.728
198.727
205.901
200.549
212.115
202.042
197.619
200.771
200.419
219.199
199.209
197.582
197.214
213.565
201.016
200.318
200.726
198.518
212.41
201.502
200.649
200.812
199.329
216.736
197.166
197.662
198.732
209.605
199.52
199.096
197.962
200.345
209.581
200.451
204.049
198.38
200.646
209.529
203.025
201.244
197.933
208.817
197.87
231.007
211.269
210.062
214.667
208.869
210.045
209.557
227.476
211.547
208.529
207.887
208.203
221.387
210.11
208.262
211.401
218.033
214.76
208.579
206.643
234.872
238.157
211.18
215.049
209.081
226.381
211.58
209.442
207.927
207.84
222.149
209.535
208.804
207.032
220.779
211.96
208.248
206.965
208.311
217.078
208.814
207.617
208.266
226.989
207.965
208.899
206.48
219.007
251.527
229.15
230.17
254.317
252.239
217.487
211.642
212.507
220.887
210.594
208.568
209.611
223.433
207.783
209.736
210.447
208.245
220.964
209.007
209.166
209.178
226.062
208.872
213.136
209.367
220.058
210.407
208.685
208.128
208.499
221.321
209.407
207.734
208.448
219.386
209.485
207.579
207.506
210.667
259.901
216.272
212.078
209.411
251.804
225.719
204.85
195.965
197.652
200.959
195.714
195.968
195.265
212.649
236.667
216.746
221.317
254.681
288.117
283.478
278.511
296.886
284.052
282.224
295.057
285.455
282.333
289.304
270.641
262.2
288.138
285.662
268.569
273.924
270.33
263.4
261.34
257.885
278.444
260.296
261.049
262.179
298.737
269.362
284.77
273.933
259.62
262.348
269.301
274.083
258.086
261.572
274.787
259.346
258.262
261.68
274.053
261.782
257.755
262.24
289.912
273.181
245.184
232.54
236.64
242.094
233.725
238.411
229.09
230.424
230.899
242.046
227.243
226.787
232.164
268.498
230.24
219.501
258.107
257.337
263.45
219.308
218.804
234.447
218.266
217.346
218.492
217.977
221.616
217.963
216.468
217.318
224.496
218.725
217.832
219.927
238.687
219.639
216.956
217.298
230.086
219.641
217.889
216.893
219.635
247.544
221.948
263.843
276.002
267.597
268.664
262.532
285.922
269.707
267.873
266.062
267.068
274.093
280.6
300.523
268.108
267.163
271.232
272.97
261.755
267.904
281.229
262.556
272.654
221.201
200.416
187.876
184.574
183.514
184.602
201.261
184.844
184.305
183.564
183.026
199.284
184.72
183.871
184.584
187.969
196.308
183.904
182.731
182.23
183.841
187.467
183.033
184.542
183.733
183.877
198.691
183.515
184.177
184.442
183.293
210.053
191.119
185.207
185.06
183.938
248.583
187.501
187.007
186.747
185.064
197.91
186.291
184.111
185.329
197.054
186.638
189.378
184.298
184.74
196.523
185.42
183.642
182.866
183.939
184.71
198.442
182.597
181.155
181.177
181.931
250.373
235.759
232.629
239.304
221.949
223.007
217.344
235.261
221.985
220.526
221.824
219.125
239.277
221.453
218.647
232.745
253.26
225.529
227.197
222.758
267.615
266.243
260.38
251.078
265.354
265.279
265.153
286.831
263.592
263.321
265.294
280.371
266.102
254.237
283.492
259.452
261.339
250.892
266.621
252.715
267.09
293.427
270.136
269.846
262.177
280.136
254.365
272.936
267.627
278.305
272.845
251.691
287.853
266.356
274.998
290.163
288.602
288.304
291.278
315.32
336.883
217.491
224.128
240.886
212.643
194.313
196.689
205.97
189.227
186.977
186.464
215.955
228.447
200.155
197.131
195.117
205.212
197.917
195.067
196.821
195.959
208.383
202.033
196.496
196.818
195.089
199.134
195.941
196.777
196.509
200.208
199.006
197.712
195.877
220.159
233.848
221.351
222.629
224.764
239.075
220.001
219.633
219.107
208.271
220.524
219.341
221.552
220.578
220.37
221.252
221.526
220.403
237.381
197.475
223.611
222.07
229.288
219.303
220.747
221.005
230.917
220.972
219.588
219.483
208.482
199.056
219.54
196.529
197.502
215.827
204.036
195.236
194.087
199.364
205.421
195.942
195.086
194.809
198.274
205.489
228.533
209.478
197.496
210.71
197.95
197.999
199.939
194.973
209.862
196.563
195.618
195.143
195.765
202.846
197.323
196.429
196.175
208.579
197.676
195.66
197.038
196.103
214.094
199.467
197.296
195.303
196.397
206.972
197.027
196.506
198.27
204.406
198.294
196.65
195.694
197.65
208.433
197.442
202.649
197.72
195.959
207.673
196.768
196.35
195.998
211.327
200.657
197.909
196.788
196.469
207.808
197.606
197.041
196.615
201.883
210.271
199.477
198.283
197.565
211.944
199.808
196.466
198.789
197.537
210.539
200.426
197.95
197.432
198.298
214.789
203.654
198.027
198.259
206.431
199.15
197.604
197.984
199.11
211.02
198.978
197.929
198.687
199.437
217.252
199.107
196.403
203.069
213.066
200.924
199.695
198.315
196.445
214.379
198.978
197.844
198.68
198.635
202.851
199.02
198.618
197.872
209.131
206.514
198.548
198.9
197.952
210.665
200.65
198.165
196.744
207.968
201.856
198.051
197.326
197.142
211.077
200.427
197.74
203.249
199.707
211.874
198.665
198.654
198.451
211.471
202.458
199.507
197.308
198.87
211.343
199.567
199.708
199.189
198.281
220.168
200.608
197.587
198.916
208.663
199.248
200.096
197.985
198.671
202.725
199.281
197.411
198.652
198.903
210.295
200.12
203.266
199.095
209.662
200.515
198.835
198.328
200.069
212.241
202.047
198.551
199.143
200.511
208.53
200.241
201.424
199.932
214.437
202.909
199.637
199.793
200.169
209.248
198.184
195.955
196.045
203.486
204.406
198.553
197.973
199.372
213.472
198.545
206.343
197.845
198.475
214.581
199.433
197.943
198.879
207.072
202.641
200.224
198.127
197.922
211.607
199.335
198.982
198.849
203.913
208.445
199.096
198.592
197.244
208.848
201.161
197.375
198.154
198.304
211.079
202.532
198.301
198.264
199.812
211.324
205.264
199.604
198.524
219.459
200.765
199.61
199.811
199.102
211.702
197.288
199.871
199.2
207.341
202.075
199.989
199.026
206.294
212.901
199.885
200.121
198.626
199.754
214.893
200.376
200.121
199.119
208.8
202.037
199.865
199.688
198.625
210.945
245.071
235.921
228.202
252.967
231.674
229.372
229.695
246.181
237.421
229.32
229.662
249.41
232.895
229.301
229.535
248.887
256.369
222.008
219.569
228.224
218.316
219.807
218.534
219.142
235.239
218.765
217.836
217.524
230.574
218.621
218.38
218.738
257.461
230.558
216.75
215.416
218.546
214.851
214.538
216.047
215.867
234.914
216.011
214.827
214.788
233.957
216.79
215.424
221.198
229.259
220.598
215.349
214.379
214.669
233.654
215.897
215.903
215.563
226.895
215.496
215.286
214.73
228.964
217.96
223.278
216.709
214.669
227.5
215.314
215.04
216.155
233.822
218.156
215.43
215.902
217.898
219.885
217.047
215.32
214.477
238.31
218.727
216.093
216.084
228.368
230.072
222.952
205.018
221.584
204.72
201.922
203.364
233.626
219.65
203.716
208.383
208.79
228.669
215.804
211.903
211.623
221.193
217.508
211.975
214.427
213.99
228.035
214.156
211.453
215.075
226.053
212.5
220.038
216.077
213.503
230.998
217.454
248.844
214.101
226.504
211.975
210.977
210.091
220.436
211.267
209.703
209.039
207.653
225.76
211.473
208.566
209.523
221.731
209.157
211.824
215.011
230.575
222.137
219.579
232.927
235.66
250.018
232.866
237.623
239.62
226.036
210.158
209.659
208.999
222.687
211.941
208.155
209.491
219.99
212.438
209.542
209.732
208.946
225.208
211.303
215.202
210.601
224.022
212.395
211.125
210.092
208.495
224.684
210.538
208.736
208.646
222.396
211.53
209.996
210.18
207.439
237.293
211.56
210.751
210.441
226.294
210.17
209.819
209.03
217.385
211.126
209.013
209.795
233.682
229.982
207.371
206.805
211.754
211.704
206.917
206.534
204.573
206.18
222.977
206.162
206.544
207.292
206.55
206.958
277.981
258.3
210.45
196.044
200.345
194.711
193.175
207.701
195.704
196.662
196.399
194.958
205.879
194.183
194.366
195.791
194.781
209.407
195.299
194.598
201.057
207.792
197.169
195.031
194.683
195.556
206.146
196.934
195.453
194.306
196.619
205.675
204.875
211.075
201.515
197.642
220.973
198.598
196.817
196.606
210.106
199.55
195.931
196.033
196.179
217.07
198.531
196.282
195.306
195.517
211.469
195.186
199.68
194.489
194.179
219.674
196.076
196.045
196.723
216.366
230.065
204.078
198.769
196.585
210.561
200.138
200.672
197.596
204.027
255.897
249.425
225.745
212.421
220.269
215.095
212.694
234.219
234.979
230.005
227.153
213.588
228.09
228.52
213.352
219.015
221.511
201.761
204.796
197.878
201.046
214.946
211.938
200.961
198.427
200.482
210.287
197.315
198.754
199.563
198.411
209
199.909
199.493
198.495
213.1
213.503
200.663
199.818
199.346
209.712
213.127
199.577
198.597
211.87
214.47
212.592
205.884
211.694
214.728
212.077
198.941
197.478
199.657
216.212
199.416
198.97
199.243
224.546
200.693
198.964
200.325
198.567
220.766
213.661
216.481
199.256
210.764
198.654
196.853
196.552
198.143
212.519
198.447
195.958
196.008
196.109
208.997
197.217
201.351
196.843
195.82
210.567
198.041
195.941
197.142
210.938
197.782
196.489
196.338
197.966
208.886
198.426
198.223
196.369
202.183
201.628
197.956
198.153
196.421
196.543
207.941
197.619
197.69
196.467
209.544
198.344
196.145
196.462
197.991
211.246
203.686
197.959
196.727
196.212
206.315
197.99
196.93
196.398
196.318
208.822
198.808
196.668
196.326
209.337
198.854
196.967
202.037
196.748
209.028
196.636
195.941
197.069
197.141
211.984
198.555
196.234
196.756
198.703
206.567
194.909
247.747
204.898
210.874
193.231
194.971
194.676
194.014
220.178
204.64
201.608
202.594
215.338
201.173
199.934
199.77
199.503
214.708
200.496
205.887
199.537
200.519
216.148
202.57
199.229
199.761
210.775
202.772
200.15
201.168
200.835
213.776
200.717
200.856
199.774
207.958
202.249
200.003
200.706
199.623
219.234
202.861
200.327
200.529
200.131
211.098
202.174
201.164
199.569
209.505
200.619
206.227
199.571
200.479
216.66
202.322
200.032
200.697
200.512
216.396
201.019
200.508
200.577
211.088
200.78
201.35
200.629
206.667
214.243
199.828
201.308
200.295
200.672
201.255
199.008
200.122
218.651
261.876
219.403
215.314
215.997
227.914
217.204
220.368
216.445
215.192
225.612
214.718
214.841
214.793
219.193
212.272
211.082
209.745
258.79
217.421
216.981
216.572
216.54
225.201
215.397
215.731
216.074
256.507
258.46
217.124
216.462
227.256
217.02
214.645
215.44
231.085
216.271
216.727
216.596
233.121
217.858
214.582
216.302
214.41
230.694
217.361
215.54
216.264
232.402
216.697
216.123
215.16
230.471
218.634
214.926
221.344
216.769
224.703
214.735
214.871
215.085
230.548
216.573
215.934
215.647
226.069
216.234
215.881
213.893
214.838
300.068
213.817
185.829
182.32
194.311
182.445
181.199
183.2
181.576
192.714
212.315
219.397
207.68
203.996
221.548
205.818
206.246
209.962
218.781
205.551
204.185
206.297
204.229
217.622
203.87
205.915
205.741
219.575
206.356
204.699
204.603
205.28
219.557
211.376
205.885
205.461
216.826
205.49
203.758
206.605
206.678
219.485
228.627
219.607
207.432
217.501
202.406
201.937
201.162
208.923
216.111
202.292
201.634
200.487
209.274
205.454
201.888
201.363
199.233
212.79
202.778
201.403
201.169
200.793
218.169
209.515
200.367
200.624
210.848
205.534
203.025
202.162
202.212
215.432
203.779
247.95
222.608
226.226
264.151
261.798
256.887
284.238
265.381
262.434
261.03
264.448
248.522
284.798
317.988
273.417
283.018
282.259
261.132
262.63
259.639
272.922
248.047
258.604
262.58
272.814
255.139
255.672
261.709
250.146
206.817
200.179
198.554
202.724
198.341
197.191
197.806
211.43
200.601
209.198
209.284
204.688
215.858
203.891
202.868
202.741
215.43
206.333
203.323
203.232
202.113
214.326
203.015
204.087
202.763
221.157
206.992
203.132
204.033
202.91
212.959
206.52
203.265
203.963
202.537
215.459
203.059
220.183
243.063
221.535
217.774
211.495
206.227
218.591
208.062
203.973
202.801
203.63
215.823
206.428
204.325
203.807
210.649
207.583
205.797
204.976
204.086
222.439
204.025
204.24
204.401
214.251
206.808
205.388
204.212
204.242
225.293
263.364
203.69
189.217
197.331
189.305
188.793
193.01
190.124
200.51
190.363
188.512
187.626
187.726
193.925
190.086
188.664
188.587
189.695
198.53
190.24
190.703
187.101
193.204
207.47
188.512
190.961
189.749
188.897
203.092
185.662
187.777
186.504
185.258
225.798
220.582
206.601
203.767
221.427
212.518
205.367
205.485
202.862
218.931
201.057
203.115
199.567
287.118
209.662
198.278
198.588
196.719
209.962
202.267
199.034
205.611
199.494
202.556
199.129
198.125
198.805
211.911
200.288
199.239
198.439
198.922
214.135
199.226
198.282
199.095
197.47
221.893
201.117
198.841
198.797
200.728
199.379
199.721
197.066
199.848
211.664
201.301
199.101
198.634
198.604
212.577
200.321
204.847
199.834
208.739
198.644
198.995
199.419
198.51
211.362
202.322
197.662
199.44
200.059
213.797
201.421
200.991
198.191
203.99
228.576
202.089
200.014
198.738
209.638
200.318
198.526
198.236
197.106
209.358
199.416
197.893
212.88
216.619
217.783
235.66
223.797
219.349
431.546
231.788
230.805
243.142
230.738
232.152
229.502
241.819
226.17
227.751
227.025
264.259
248.421
248.864
236.472
252.964
239.356
237.518
236.896
253.09
239.842
238.55
240.357
239.798
210.086
204.763
205.139
213.317
204.444
211.329
205.063
203.747
223.66
203.697
202.955
222.196
222.754
208.694
204.095
203.553
205.63
226.224
213.009
210.741
211.094
232.867
215.53
214.104
213.076
212.682
231.81
214.504
211.885
213.157
221.141
212.91
212.837
210.434
226.748
207.653
205.944
209.024
205.12
225.518
212.707
212.318
212.869
222.735
225.632
276.613
246.457
267.196
245.218
242.736
240.63
257.439
238.15
248.525
236.002
256.149
241.165
239.138
238.982
256.136
240.318
238.2
240.807
245.087
242.854
241.191
253.252
238.216
236.59
275.494
252.185
275.223
243.644
239.229
248.147
242.961
240.776
241.659
267.821
253.936
245.019
230.664
236.99
219.747
221.505
226.243
244.997
229.364
227.533
225.956
236.203
229.776
230.255
229.204
244.636
229.745
232.149
228.917
244.098
230.531
225.614
237.411
242.986
232.121
226.8
230.212
236.266
228.466
218.555
258.971
301.589
252.688
238.417
236.049
254.451
237.244
237.9
246.083
241.618
236.714
236.028
254.037
241.746
225.439
224.739
232.345
222.872
220.141
224.076
220.538
240.076
221.986
222.878
228.147
230.958
218.056
215.072
214.348
243.5
223.085
222.202
223.696
237.893
223.103
223.376
222.33
234.477
218.464
214.014
223.713
215.488
236.315
225.23
220.02
223.978
245.024
224.669
222.12
222.775
394.517
227.526
223.34
237.662
218.417
218.685
220.57
215.452
246.143
219.644
218.393
220.85
235.978
223.917
221.437
218.925
238.902
288.869
241.779
230.669
240.035
229.365
233.563
227.675
249.244
233.04
229.923
230.738
246.474
231.158
231.175
229.969
243.696
229.521
227.161
229.392
245.26
225.629
229.972
225.706
244.353
234.759
229.803
231.218
245.097
234.778
227.517
230.431
244.366
231.657
255.99
286.634
257.545
226.345
234.812
228.833
241.705
235.311
230.323
230.471
235.449
233.382
230.597
231.332
243.59
233.119
231.169
231.536
240.182
226.507
223.367
225.738
218.311
244.295
227.21
225.475
227.446
240.663
227.653
228.64
232.288
293.755
600.899
261.623
229.6
224.162
229.575
240.763
265.143
262.041
271.539
260.44
262.302
243.226
235.407
221.027
217.505
220.329
233.262
220.763
220.429
220.513
224.081
242.614
218.207
221.783
218.344
233.999
221.348
219.816
221.11
234.985
217.78
215.379
214.735
216.035
221.788
217
220.747
216.227
253.063
241.094
236.212
246.748
279.133
238.642
241.532
240.408
241.882
238.023
237.735
246.338
222.099
217.808
223.343
218.54
239.67
218.862
219.884
219.805
236.485
220.188
218.667
219.136
231.089
218.221
215.921
217.232
415.822
244.119
264.439
240.662
243.044
263.642
259.75
265.424
245.266
240.589
249.101
274.687
261.071
262.457
248.904
276.876
244.306
220.518
222.154
255.272
216.123
218.948
217.16
235.482
244.519
219.967
218.41
230.699
215.807
218.989
213.672
218.275
231.539
217.798
223.679
216.789
256.795
288.089
299.316
287.69
404.646
314.254
331.337
307.266
243.593
313.338
321.802
302.09
279.102
250.387
321.254
315.801
309.711
224.008
225.518
224.76
245.722
221.337
223.843
224.595
250.009
248.92
217.99
210.778
220.932
210.056
220.992
208.917
224.437
212.959
208.312
211.521
210.964
216.132
211.881
209.169
208.438
221.999
212.312
209.197
210.507
208.693
233.184
210.708
210.303
209.054
225.431
211.256
210.778
237.917
273.471
238.834
237.149
251.327
266.407
249.255
248.791
247.039
272.443
247.982
244.71
230.361
247.857
230.273
226.724
227.155
247.301
231.369
230.219
227.424
244.315
228.101
232.005
229.654
252.672
235.397
231.825
225.804
241.255
219.644
220.85
219.163
238.49
222.538
223.462
224.462
240.236
226.552
521.475
238.913
232.29
210.526
209.684
208.649
231.976
212.818
209.729
210.493
224.44
211.044
208.261
208.385
209.883
278.654
212.313
209.409
215.104
227.934
210.55
212.756
207.423
218.617
219.961
217.203
215.98
216.022
229.087
217.955
216.969
214.554
229.393
215.625
219.196
210.003
208.923
222.412
210.987
211.483
210.654
229.073
218.139
213.618
214.099
224.104
272.391
217.517
240.367
217.694
240.127
216.719
213.207
213.567
223.88
214.467
213.383
213.229
218.549
215.568
212.627
213.056
211.342
228.197
214.938
212.627
218.283
232.013
213.227
213.624
210.055
243.922
213.717
203.087
199.949
200.445
215.338
236.113
246.323
215.74
211.633
199.144
203.272
198.749
197.788
210.536
196.308
196.557
198.219
197.091
210.349
196.748
201.179
217.327
247.285
202.848
198.698
198.731
202.234
215.238
229.899
216.483
224.003
214.856
211.567
213.015
214.818
224.037
211.332
213.401
210.464
230.733
214.116
211.466
215.479
211.517
222.36
214.714
210.092
212.762
227.767
212.923
210.822
212.973
224.63
215.274
210.675
210.766
211.297
228.55
217.668
213.845
209.782
267.389
223.758
215.647
211.312
361.578
213.261
207.637
204.988
221.966
242.039
225.139
204.383
185.183
210.864
182.242
180.537
181.824
179.204
191.199
180.252
181.383
180.758
180.04
192.624
180.755
179.778
180.361
182.349
191.188
186.908
181.1
178.473
180.168
194.008
183.395
180.656
179.705
179.817
194.587
182.857
181.203
178.993
180.896
216.043
182.714
186.232
181.439
179.665
194.165
181.407
180.959
179.629
180.504
180.174
191.583
180.38
182.283
180.19
180.708
200.791
178.113
224.888
227.967
235.54
201.338
196.012
194.969
197.265
209.489
196.576
195.86
194.641
195.777
205.997
195.239
196.509
195.196
215.257
196.106
193.994
195.507
194.855
211.57
197.229
193.823
196.878
193.766
200.457
193.305
237.107
211.053
222.936
213.549
217.201
208.196
208.311
222.472
207.773
209.883
210.521
218.936
212.623
208.415
207.711
209.229
226.833
209.592
208.813
208.573
227.741
210.765
208.936
209.887
207.052
219.787
210.852
210.052
210.906
221.459
206.959
217.275
207.631
208.847
212.72
211.137
213.672
209.706
223.697
209.986
209.606
208.466
220.731
210.778
208.614
211.159
208.075
227.129
211.39
210.893
209.365
224.457
218.675
210.498
210.801
208.749
223.452
209.946
209.541
210.203
225.269
228.845
224.788
214.873
224.279
228.256
211.266
203.504
234.127
241.285
211.77
252.565
244.849
260.592
232.178
227.974
231.109
245.811
223.162
225.083
213.643
225.982
213.918
209.281
218.987
226.731
211.131
210.609
210.554
210.788
230.093
209.762
207.84
210.706
222.175
211.302
208.892
209.151
209.143
228.281
217.092
209.444
210.052
227.135
212.258
211.455
208.849
228.464
213.767
210.938
210.737
211.353
223.323
210.403
209.282
209.601
233.976
243.861
248.774
229.311
239.372
227.072
223.789
224.408
238.204
225.374
221.902
224.228
221.265
237.913
225.708
238.391
224.658
226.34
204.797
203.801
202.156
206.994
205.913
202.372
201.92
201.211
239.106
206.086
200.973
202.284
209.201
204.522
206.748
201.653
199.549
223.135
199.827
202.883
200.87
200.45
220.799
201.133
200.928
202.775
218.131
206.591
201.25
202.441
206.738
215.861
201.232
201.836
199.334
201.755
218.997
202.39
205.181
200.803
219.84
202.091
199.744
200.539
200.842
209.578
204.769
200.88
198.862
212.944
204.209
198.875
199.415
200.652
217.417
201.542
200.502
200.107
199.885
211.894
200.676
201.091
207.792
216.027
204.255
201.635
199.965
200.357
217.532
201.855
199.984
201.98
199.583
222.374
204.281
201.079
201.432
214.294
205.04
200.907
198.007
198.858
336.5
221.628
209.827
209.905
223.047
211.413
207.708
210.184
221.479
211.414
208.584
210.719
216.189
225.639
209.919
208.927
210.208
227.022
215.053
212.563
209.316
210.927
221.408
214.833
210.19
209.702
223.186
212.707
229.244
218.411
223.773
224.508
218.711
220.281
220.305
237.141
221.822
223.218
219.683
230.49
220.045
219.335
216.899
232.339
227.539
222.48
222.624
233.421
222.34
218.2
217.769
217.908
239.828
223.196
221.545
221.589
231.372
222.636
237.705
222.511
229.344
218.026
217.036
217.926
227.346
217.776
215.004
216.847
218.751
227.623
216.957
217.127
215.202
236.598
216.324
215.748
223.28
235.169
216.582
216.138
216.254
229.208
226.495
217.795
216.357
217.049
229.379
216.91
216.402
216.105
233.594
216.735
221.184
217.004
227.924
219.127
214.812
216.874
216.962
230.698
217.977
215.885
212.924
233.01
215.662
216.06
216.044
233.641
223.091
219.634
216.712
227.948
218.146
218.511
217.926
217.581
232.63
216.285
216.312
216.739
230.889
217.364
217.073
216.558
240.282
220.145
216.364
218.565
215.888
231.246
216.67
218.129
217.127
228.443
216.639
216.362
216.011
233.368
218.708
217.57
222.375
233.499
218.394
220.081
216.418
228.092
249.936
215.737
199.289
194.824
209.403
202.269
206.237
206.952
208.118
212.917
202.034
194.897
196.323
208.859
194.923
194.997
194.817
201.034
218.983
206.48
193.394
196.666
195.497
220.478
196.188
194.095
199.085
213.201
198.618
194.645
194.721
194.761
205.631
196.75
196.386
194.015
194.705
208.513
194.414
196.309
193.228
195.59
211.132
197.171
194.962
195.786
203.857
196.82
194.408
196.285
194.123
213.388
200.628
194.61
267.804
313.008
222.111
213.993
218.532
228.365
214.057
209.761
208.71
227.085
208.233
199.856
198.302
199.42
210.767
200.83
197.333
196.377
207.777
210.914
203.733
200.383
199.154
212.07
199.866
198.915
198.445
198.421
210.397
201.154
197.417
198.092
196.916
207.799
199.158
197.217
203.754
209.357
200.135
200.278
196.734
197.128
209.15
198.109
199.349
198.662
198.289
218.425
198.239
198.37
198.232
198.703
215.161
198.68
198.184
199.261
208.322
199.755
195.8
198.406
199.649
214.439
199.51
200.061
197.684
199.435
212.269
198.794
203.002
200.677
198.663
215.489
197.558
197.651
197.461
213.784
197.982
199.552
198.724
198.916
206.911
198.085
200.047
201.003
204.208
201.955
199.035
199.937
198.897
198.049
212.255
198.83
199.396
199.973
227.772
205.943
199.251
200.067
199.368
206.777
205.297
199.956
199.847
198.693
212.13
201.045
199.956
199.772
211.826
201.233
201.166
201.922
197.814
216.591
200.719
206.717
207.336
214.827
203.706
201.411
198.843
198.921
210.246
202.481
201.54
200.102
199.657
218.536
200.544
202.524
201.113
217.186
209.056
201.946
202.465
203.071
212.35
201.079
202.713
202.259
211.749
202.286
201.119
200.432
199.623
217.279
202.262
202.243
204.635
200.515
217.718
205.379
200.528
201.496
211.311
202.747
201.226
201.173
200.435
211.679
200.801
204.662
198.056
197.346
213.117
197.925
194.984
197.733
209.654
198.433
197.2
196.719
197.758
217.3
198.574
197.083
195.381
197.029
209.647
197.687
200.28
197.598
197.621
212.595
196.979
196.86
197.15
207.369
199.354
198.73
195.872
198.706
215.749
199.227
197.33
198.229
200.491
205.618
198.343
198.758
198.039
197.285
213.126
199.387
198.279
198.028
206.292
201.564
198.329
198.996
198.322
216.551
204.294
198.767
197.303
198.413
208.545
197.941
199.378
199.817
196.716
210.843
197.781
197.61
197.045
202.34
196.885
193.724
197.648
194.186
223.134
211.538
203.454
203.751
205.648
218.654
207.522
204.165
203.606
216.532
206.954
203.69
204.148
206.449
223.104
205.675
203.559
202.836
213.958
208.084
204.28
204.247
203.269
217.791
205.327
204.488
203.385
204.575
208.254
205.664
210.21
205.271
216.361
205.976
203.839
202.705
203.448
220.966
203.114
204.271
203.378
214.698
206.226
204.655
204.278
204.418
213.892
205.197
204.662
204.287
216.413
207.019
206.105
203.488
204.181
224.701
204.133
204.451
203.288
203.558
218.191
206.523
210.797
204.521
216.475
205.314
204.373
204.084
204.374
222.878
205.429
203.943
202.918
215.636
204.326
203.231
204.211
202.596
216.123
204.536
202.219
203.272
218.617
209.661
203.61
204.876
203.511
222.696
206.654
204.147
203.389
203.537
227.095
207.396
211.597
204.776
215.898
207.666
203.877
204.411
204.2
223.138
206.383
205.791
204.898
238.357
215.818
209.344
208.275
209.036
225.334
293.671
246.352
215.544
199.268
201
201.585
201.364
207.798
202.781
199.551
202.155
199.828
215.68
200.136
201.86
205.842
215.262
202.847
201.404
199.762
200.97
219.052
202.571
202.129
200.427
199.644
216.639
200.864
202.146
202.087
215.46
207.946
203.58
200.312
201.819
210.498
201.376
201.201
201.752
214.119
212.523
204.309
202.426
202.829
219.4
202.507
202.337
207.638
202.688
204.492
202.574
198.968
203.045
217.89
202.167
203.87
201.21
202.345
215.242
202.687
202.24
202.739
216.107
207.557
205.355
202.421
201.471
216.432
241.404
193.349
181.801
180.903
181.993
178.514
178.677
177.956
178.653
195.541
179.831
184.029
179.182
177.165
191.688
179.806
178.093
178.068
179.152
188.617
180.301
178.848
178.875
177.57
195.48
181.5
179.327
185.715
179.175
188.953
180.288
176.863
178.846
178.384
178.419
192.431
178.385
177.177
178.663
177.856
188.509
178.603
177.143
181.643
178.673
195.843
179.899
178.467
178.032
178.505
191.397
182.178
177.754
178.131
178.024
189.129
179.563
176.652
216.148
221.383
217.524
201.406
199.613
198.924
198.884
217.913
200.424
198.884
198.555
203.155
201.082
200.848
198.737
198.938
211.799
204.344
202.306
198.235
198.128
214.188
199.816
201.041
198.683
216.031
201.113
199.225
199.654
199.421
210.163
198.664
198.055
232.783
220.591
206.638
202.237
201.718
200.569
215.595
203.164
201.645
200.866
198.596
220.201
201.19
201.056
201.833
211.866
208.755
207.444
200.855
200.659
221.357
203.959
200.861
201.257
209.38
202.276
201.531
200.564
200.385
217.327
203.379
201.116
208.372
200.198
219.809
202.088
200.548
199.047
214.482
203.639
202.677
201.033
199.833
219.449
202.697
200.782
200.253
200.388
219.125
200.689
201.789
201.192
213.688
204.601
202.686
201.413
203.308
217.4
201.901
200.878
200.999
200.878
213.23
202.94
207.595
200.948
218.912
203.107
201.726
200.833
200.223
212.26
202.24
200.689
202.713
213.639
201.228
199.929
201.946
201.384
227.947
203.561
200.021
201.675
199.682
213.159
202.794
200.404
202.583
205.329
200.945
201.43
200.265
200.367
213.681
202.088
206.901
201.379
200.825
216.2
204.085
200.391
201.687
215.303
205.038
202.533
201.083
201.067
209.477
201.971
203.402
201.342
208.645
213.316
200.06
202.644
201.273
214.83
203.693
201.009
202.627
200.905
216.442
202.156
200.128
200.766
202.51
203.161
208.047
201.44
199.85
217.217
199.474
201.511
201.684
201.026
218.244
202.133
200.865
200.908
213.918
203.876
201.429
203.191
207.76
216.124
204.885
200.628
201.858
201.474
210.744
204.374
203.456
201.181
215.673
202.508
200.158
201.488
202.584
222.276
209.892
201.283
201.338
202.908
215.258
202.485
201.71
201.501
212.454
200.809
202.36
202.124
200.923
210.671
202.304
202.689
210.834
213.23
204.659
201.727
201.324
201.835
215.583
202.801
203.249
200.635
198.513
204.351
203.281
201.781
201.732
214.941
210.429
202.001
202.794
203.559
213.962
202.76
200.427
201.998
203.769
220.323
202.019
202.77
201.781
214.677
204.559
202.954
209.698
200.989
212.318
202.088
200.498
200.972
202.246
215.357
202.566
200.518
202.512
213.02
202.1
200.563
201.678
200.542
223.549
203.742
200.782
201.264
199.486
204.706
202.142
201.424
202.352
216.108
201.477
203.436
199.448
201.729
206.239
202.839
208.41
202.039
213.613
203.81
202.292
202.199
201.995
220.939
203.952
202.37
201.92
202.402
209.546
188.394
188.355
186.102
190.999
198.755
182.774
185.047
185.697
185.119
198.489
183.118
185.239
183.926
184.588
196.318
183.737
184.451
184.408
186.328
208.475
187.634
184.746
184.677
183.612
196.211
186.911
185.283
186.352
185.412
194.282
186.971
185.023
184.475
186.79
200.358
187.663
183.088
181.702
181.61
204.752
183.961
184.581
186.066
184.768
231.335
220.095
199.548
197.214
208.59
198.429
196.565
202.825
197.9
210.369
196.579
197.094
195.59
196.599
199.251
196.549
195.844
195.84
210.58
198.26
196.705
197.42
195.223
214.091
197.404
196.255
197.117
194.715
208.333
196.582
194.88
195.214
208.931
195.887
196.041
196.617
195.485
205.658
196.744
197.649
196.195
197.244
210.634
197.08
196.104
195.206
204.981
198.406
195.039
194.937
195.533
207.271
196.196
256.935
198.422
241.401
199.403
194.504
196.53
195.662
209.608
197.627
197.915
195.78
196.086
207.522
195.787
195.346
196.262
195.01
210.531
198.919
196.079
195.421
206.768
216.365
200.567
200.186
197.88
213.041
197.796
195.122
197.441
197.231
208.882
205.122
248.452
213.89
221.04
206.049
202.363
201.655
202.398
219.897
203.072
204.503
201.211
221.917
205.006
200.633
202.366
205.079
215.727
207.989
203.334
201.596
216.219
284.078
276.518
211.927
220.799
199.074
199.743
195.352
197.472
216.881
199.662
197.018
194.556
200.126
201.005
216.52
219.612
218.6
224.762
220.952
222.279
218.947
229.71
219.329
220.545
237.213
233.485
220.729
225.235
235.281
245.254
212.125
222.531
211.416
211.957
216.146
245.184
222.346
213.35
223.38
210.661
209.557
211.422
221.157
212.666
214.694
211.718
210.444
226.682
210.15
210.812
209.79
227.016
212.029
212.055
210.39
222.861
211.845
210.868
209.974
209.03
228.718
212.823
206.694
208.445
218.105
210.994
208.135
209.391
208.03
214.996
209.491
209.016
209.37
222.132
210.433
236.758
227.824
212.492
213.729
213.241
210.64
241.673
236.478
244.396
254.424
251.686
262.695
251.706
253.484
263.384
252.651
255.289
255.817
268.264
250.775
253.328
255.473
262.538
252.546
252.003
267.1
267.826
251.693
228.165
228.117
215.752
212.177
212.556
216.78
216.66
211.94
211.838
211.202
226.922
212.709
214.678
211.495
223.006
214.253
213.755
212.098
214.116
228.071
215.448
217.141
214.487
231.749
216.983
214.009
215.182
225.184
215.754
212.85
212.603
211.582
219.112
214.844
215.557
213.034
228.119
216.392
214.745
212.655
214.741
225.274
215.617
213.23
220.432
228.359
213.415
212.562
215.198
225.518
217.659
213.081
212.155
217.29
232.742
211.827
214.23
211.774
227.969
214.083
214.873
212.078
223.523
213.885
213.497
212.348
215.289
228.345
215.142
218.185
214.159
224.188
214.928
212.827
214.149
212.034
228.101
213.855
213.301
212.139
224.008
214.236
213.645
212.97
228.209
218.125
214.102
216.994
213.515
227.214
216.574
212.452
214.728
226.3
214.083
213.211
215.536
223.93
218.099
214.621
214.817
229.656
233.548
213.809
215.39
213.163
233.638
214.189
214.068
212.878
226.464
213.979
214.119
213.515
214.531
226.324
215.974
217.767
214.206
225.159
216.886
213.622
213.446
214.14
216.405
213.526
214.038
211.74
218.66
213.993
214.261
212.305
228.962
217.749
213.048
210.941
211.382
223.465
212.997
210.583
211.656
227.129
212.892
209.975
225.548
222.678
214.787
214.323
213.708
219.436
232.649
214.127
212.369
211.001
224.483
215.978
216.421
212.776
215.292
227.993
215.581
214.447
215.873
225.595
216.799
220.97
215.142
224.135
216.071
213.531
216.482
214.311
232.036
214.916
215.079
212.315
230.52
216.693
214.27
215.157
226.266
220.144
216.359
214.474
215.755
231.623
218.086
214.804
215.539
229.898
215.383
214.815
212.799
224.188
214.976
217.221
214.775
217.662
229.468
216.309
210.907
208.327
219.537
210.556
213.091
209.328
211.13
222.171
212
209.626
213.589
222.423
213.705
216.405
212.535
224.886
215.601
209.594
211.731
210.04
221.996
211.208
210.243
208.967
222.971
214.04
214.127
210.113
212.774
221.656
215.6
212.69
213.31
226.498
216.351
211.522
212.986
212.999
222.561
216.249
212.749
211.433
226.206
210.553
210.721
216.493
221.68
213.294
212.642
210.875
213.555
231.25
214.182
210.069
209.996
222.161
212.196
211.196
253.942
227.319
227.403
224.586
218.2
215.626
228.252
214.143
216.095
215.75
230.066
216.489
217.133
213.806
225.545
214.189
216.3
215.265
213.428
227.761
217.391
214.522
212.923
226.895
215.296
212.826
212.89
212.924
230.267
213.22
213.277
211.093
224.106
216.366
213.949
216.448
225.334
213.671
214.985
212.616
213.003
224.182
213.89
212.011
212.899
223.226
214.751
212.555
214.711
215.155
227.717
216.56
233.244
235.133
230.51
208.178
208.919
208.353
217.738
207.737
208.558
206.013
209.305
221.557
209.863
208.398
209.594
221.358
214.848
207.464
208.729
205.445
222.441
208.085
207.891
205.608
207.405
225.281
212.69
206.135
208.979
221.555
208.619
213.527
209.448
205.464
222.589
207.71
208.913
206.622
223.481
208.161
220.623
211.663
210.203
219.136
210.49
209.41
208.541
225.506
204.45
202.865
217.063
248.946
212.889
205.959
204.742
204.874
212.074
204.712
203.5
202.765
214.748
207.282
204.12
210.19
205.043
215.314
206.717
203.836
204.502
215.195
204.429
202.409
201.872
199.689
238.107
204.348
204.916
201.698
204.291
211.605
204.445
202.096
201.942
212.161
204.405
204.796
201.743
202.011
214.297
201.26
203.226
202.013
214.017
204.696
203.519
206.883
203.479
215.974
200.97
202.474
217.981
244.934
223.328
212.068
211.584
234.062
224.964
313.696
220.276
220.254
202.847
219.187
217.939
231.848
217.101
205.939
207.319
206.183
217.04
206.972
205.247
205.434
218.179
209.31
206.474
205.268
205.776
220.372
206.07
205.157
204.736
204.856
211.31
206.173
205.382
206.504
217.375
206.203
205.948
205.458
207.232
221.929
201.711
204.382
202.517
222.982
205.571
204.519
206.742
204.699
220.44
204.83
205.631
204.977
219.025
205.978
205.705
205.285
204.789
221.882
206.58
205.692
204.18
207.286
208.777
204.802
203.827
203.7
221.301
207.583
204.804
205.439
217.051
206.504
204.477
210.688
207.454
218.56
206.948
204.937
206.154
216.659
211.811
206.11
207.313
204.476
215.569
206.555
207.052
206.651
205.496
213.197
206.967
205.672
204.743
216.907
207.723
207.073
206.197
204.338
221.409
205.742
207.66
206.891
218.976
206.108
206.397
210.728
206.567
217.271
207.722
205.941
206.968
223.527
209.014
208.426
206.768
205.609
218.227
204.676
205.861
234.474
219.717
221.375
207.045
198.601
193.684
199.803
205.354
198.18
200.691
210.297
190.781
188.32
189.649
188.672
202.34
190.492
189.689
200.994
213.407
218.206
203.072
201.341
201.236
211.366
201.648
200.456
201.331
198.169
216.886
200.264
203.758
200.075
200.449
219.266
202.405
199.573
201.054
205.782
202.607
201.429
201.388
202.04
217.238
239.234
238.316
204.157
234.807
253.014
248.345
249.455
234.177
200.252
197.481
198.765
199.756
208.63
197.819
198.126
200.248
205.268
198.267
197.62
198.106
196.171
207.193
200.682
196.933
194.453
197.376
205.936
199.446
196.218
198.564
197.114
210.171
196.666
196.553
196.418
197.552
209.414
198.92
202.779
243.991
224.934
211.83
209.467
214.678
276.993
224.842
214.617
216.385
224.826
220.438
215.727
217.948
214.34
239.68
223.123
215.368
212.078
234.789
215.249
216.141
211.751
233.882
225.912
228.937
221.217
222.819
221.678
223.759
228.348
230.721
222.44
197.884
192.047
193.171
204.201
204.441
200.095
200.29
199.797
213.418
197.521
197.41
196.074
198.944
209.528
199.569
201.809
199.353
198.49
215.283
197.778
200.741
200.277
210.646
200.008
200.595
198.338
199.557
208.645
201.658
199.493
200.455
203.122
213.979
199.683
200.001
198.757
212.733
203.866
200.531
199.509
200.264
210.444
202.417
198.384
201.47
200.166
214.61
203.115
202.183
199.187
210.71
198.42
201.689
198.094
197.228
214.244
198.708
197.487
197.081
195.971
213.65
197.1
196.182
202.678
207.156
197.174
198.254
196.348
200.904
209.314
201.27
198.345
198.143
217.796
280.879
223.983
215.657
215.866
225.18
214.67
211.933
209.331
223.155
213.393
213.039
210.785
209.648
224.741
210.126
208.818
209.912
226.363
212.084
211.456
209.571
214.235
215.991
208.876
211.706
207.751
225.354
212.578
211.546
209.799
220.827
212.144
210.46
208.196
210.259
224.732
210.726
213.848
211.324
220.061
210.981
209.523
211.075
211.375
308.891
214.185
212.813
215.838
232.898
217.966
212.344
217.255
236.207
222.494
212.424
208.184
225.053
212.199
212.159
211.285
209.591
215.117
210.404
209.138
210.189
218.639
215.201
210.564
211.486
214.205
222.653
236.328
204.472
198.683
213.422
199.669
199.687
198.192
200.078
202.601
201.413
197.595
200.698
198.83
203.149
203.47
198.897
199.023
214.175
198.647
199.609
212.2
202.711
222.049
215.712
210.596
211.608
226.183
213.19
211.646
211.479
218.914
217.026
211.991
211.808
210.216
228.902
211.673
214.199
212.046
228.779
213.306
213.907
211.095
212.357
229.564
212.614
217.531
212.367
222.229
227.826
211.937
213.725
225.116
214.978
209.534
210.626
210.382
227.606
240.277
226.49
209.182
224.945
214.8
207.588
205.976
222.226
210.43
209.654
207.147
207.676
217.635
207.84
364.689
210.15
218.349
204.638
202.698
203.739
215.94
202.692
201.621
203.341
199.759
213.905
201.229
201.32
201.662
202.042
215.422
202.386
200.217
203.218
230.041
205.043
207.571
204.18
200.187
216.527
201.739
203.594
201.365
214.542
202.627
208.236
202.015
202.637
210.208
203.748
202.439
202.079
206.767
205.248
199.682
203.739
202.93
215.05
203.147
201.203
199.762
203.272
211.676
201.009
202.517
202.099
214.395
204.906
204.865
202.006
199.144
217.36
201.254
204.681
201.349
201.618
218.881
203.342
201.263
203.705
205.098
203.302
201.267
201.751
206.419
213.366
200.442
199.24
250.419
239.008
217.069
216.2
213.518
215.562
229.087
213.594
210.56
212.869
301.314
225.86
218.846
199.743
214.16
199.436
196.633
198.105
198.304
209.856
193.815
193.866
193.685
193.903
213.909
200.248
197.022
197.49
212.775
201.221
197.196
197.285
196.659
212.033
199.343
196.917
197.024
198.901
214.07
198.213
196.474
199.439
207.108
199.096
200.85
197.98
197.77
215.905
199.181
200.366
197.337
197.133
202.269
199.088
199.907
197.434
196.119
212.315
204.528
200.383
202.037
211.46
199.78
201.225
197.821
200.94
212.019
201.451
196.853
198.397
199.599
214.667
210.881
208.89
206.408
249.865
215.207
208.452
205.771
205.318
207.143
207.081
206.229
206.424
221.454
205.437
205.019
206.482
204.795
217.571
207.078
205.948
209.554
221.498
205.483
205.814
206.397
206.509
223.284
206.355
204.675
205.106
223.007
205.991
204.337
244.222
250.848
221.263
221.548
207.196
206.835
217.594
204.348
206.365
205.311
220.108
207.65
205.653
204.486
205.471
218.406
206.313
205.181
207.055
224.281
208.008
205.966
205.23
203.413
217.367
205.608
205.418
204.986
218.789
206.572
205.04
204.177
207.599
218.617
205.678
208.994
206.515
204.594
208.571
223.978
214.086
212.965
226.448
219.837
217.018
208.179
220.065
206.952
208.299
207.563
206.023
222.871
208.793
207.198
207.192
217.043
209.304
207.07
207.553
205.485
221.439
205.514
207.139
206.835
229.588
210.447
208.195
213.128
209.542
223.286
208.922
206.223
209.886
221.899
209.428
207.863
207.125
207.897
222.417
207.694
208.763
210.076
221.923
212.586
210.594
207.67
208.976
220.993
209.876
208.979
206.935
219.981
210.05
208.081
206.758
207.353
212.06
208.599
207.611
210.967
223.112
208.536
211.039
206.256
222.036
211.831
208.122
207.969
207.52
220.495
207.866
206.715
216.057
217.652
212.114
236.799
212.913
206.989
218.946
205.782
206.04
207.162
216.145
206.917
207.761
206.164
206.778
215.828
208.746
206.645
207.597
215.636
208.165
206.257
205.551
205.06
222.496
207.798
207.285
204.023
210.899
208.219
206.136
204.202
206.224
220.886
205.842
209.356
208.204
218.967
208.814
204.618
207.136
206.326
223.957
206.654
207.1
207.066
219.331
206.487
207.373
206.255
205.893
225.969
207.295
206.721
205.524
216.288
208.161
204.559
204.478
205.108
241.488
208.526
225.214
210.485
218.541
207.791
206.276
210.622
208.197
216.284
206.678
204.974
207.356
233.714
205.79
202.775
226.822
217.214
219.349
204.759
207.233
206.811
219.463
211.031
207.039
205.705
204.829
218.597
206.313
208.219
204.94
218.438
208.86
205.066
207.536
205.743
222.224
207.723
205.288
209.22
221.328
206.914
206.922
204.958
207.078
224.131
206.035
205.226
258.012
245.253
215.413
263.357
222.195
221.612
208.31
213.398
208.656
214.061
208.538
208.33
208.015
206.56
224.611
207.239
206.942
207.598
220.253
208.75
207.248
206.41
206.936
225.117
208.555
205.773
205.718
215.197
209.839
206.728
206.76
205.116
218.311
207.769
205.994
205.087
210.157
207.729
206.317
208.56
223.414
272.102
253.203
221.284
223.903
237.322
226.38
252.041
272.81
251.708
250.871
245.906
267.581
250.427
258.448
274.33
262.162
262.38
248.492
257.272
252.613
250.627
252.116
248.029
251.152
250.639
262.962
250.3
232.125
215.616
271.977
265.635
261.455
261.171
221.927
231.98
232.756
231.946
216.361
212.993
232.512
270.101
250.396
250.411
252.646
252.773
247.879
256.568
276.709
231.78
231.887
213.895
288.116
235.802
231.718
231.699
228.398
249.674
251.62
251.125
235.467
215.453
203.452
209.651
268.658
205.25
206.002
202.884
215.176
204.676
205.259
202.732
202.584
219.229
204.188
202.588
206.257
223.583
206.13
210.009
204.412
202.631
218.336
203.819
204.172
205.434
214.507
204.074
204.875
203.69
204.12
215.674
203.68
216.065
254.895
283.666
220.014
215.367
213.154
224.442
215.094
214.072
212.692
230.758
213.491
214.77
215.058
217.052
214.447
213.667
214.055
216.158
215.496
214.707
213.661
211.93
225.217
214.854
214.543
212.11
233.756
192.989
192.953
191.096
203.101
195.099
190.909
225.013
216.606
206.316
193.455
238.528
230.6
241.833
206.14
206.357
205.889
204.413
218.935
204.823
205.514
204.095
222.487
211.81
205.909
203.812
204.387
219.188
207.095
205.602
205.307
216.192
212.574
209.288
205.846
202.797
367.104
266.911
258.634
274.251
222.591
214.17
211.725
223.954
215.721
213.827
212.535
211.105
225.505
212.982
211.178
210.631
228.771
212.185
211.984
238.619
239.653
210.227
209.391
240.342
191.523
212.816
190.006
187.631
187.877
200.846
189.611
184.271
185.726
226.132
249.127
239.345
240.436
229.03
234.528
216.242
217.745
216.311
225.288
212.752
229.148
226.36
219.165
