553.092
376.443
334.091
281.742
278.984
273.58
270.17
273.13
267.633
268.026
268.535
226.446
197.049
271.585
257.273
204.68
187.841
186.849
184.323
186.787
198.921
186.65
185.441
186.779
184.839
207.275
189.477
185.534
186.254
187.15
196.972
197.64
186.166
186.015
187.261
199.846
185.958
187.155
184.361
184.388
204.732
187.062
184.678
185.748
211.586
220.646
202.372
227.128
236.619
230.813
231.095
369.08
391.835
358.331
347.597
359.886
273.644
330.097
380.882
340.745
351.519
805.704
391.62
352.384
365.661
351.349
242.509
356.612
334.884
343.757
1496.68
227.974
209.012
222.812
211.652
202.467
203.727
203.529
220.431
201.687
202.423
202.819
205.564
220.294
206.713
205.078
204.037
219.986
211.836
206.115
209.188
224.232
209.667
212.02
209.185
210.801
220.407
197.922
199.441
201.233
222.674
231.687
217.325
212.381
209.291
223.695
213.09
212.817
209.488
227.253
211.797
208.679
208.616
210.838
227.734
208.493
207.3
211.615
222.511
211.958
210.384
209.972
230.168
247.067
216.052
216.916
216.008
229.206
216.248
215.957
217.377
231.937
210.874
242.771
239.177
245.334
232.453
232.229
228.68
251.143
230.988
231.889
226.521
247.781
228.927
226.639
226.08
239.267
227.64
223.398
222.41
225.354
221.021
220.244
218.391
221.872
235.898
224.049
222.154
223.017
236.003
224.31
222.358
221.775
236.775
221.723
216.861
226.895
237.353
224.265
221.693
218.698
241.318
208.995
203.35
202.572
203.254
211.576
205.345
202.76
202.569
204.964
210.319
205.153
201.643
203.51
215.504
204.579
205.251
206.05
203.164
234.659
230.221
226.844
215.33
224.744
218.537
218.442
218.43
234.731
220.278
218.844
211.8
219.543
179.386
173.64
172.388
171.161
170.861
194.68
172.29
172.571
171.661
173.507
186.196
173.664
170.8
170.196
171.823
177.306
171.411
172.788
170.854
171.112
170.778
173.938
159.957
159.044
157.393
159.541
159.255
204.892
171.167
170.206
169.795
169.613
183.907
170.253
169.484
168.662
167.327
178.186
171.155
168.538
168.545
169.645
168.709
179.989
170.16
169.389
170.659
168.779
180.882
171.72
169.189
168.986
168.484
167.63
179.08
170.487
168.629
168.123
242.306
246.535
188.429
181.878
179.761
180.505
197.845
179.667
178.488
176.829
175.506
214.346
181.228
180.77
181.147
182.628
198.368
309.296
195.31
184.539
197.905
182.35
179.332
180.97
178.474
232.312
200.991
185.615
184.574
182.673
195.791
185.33
182.158
234.892
187.973
192.646
177.314
299.518
202.775
201.889
202.805
201.485
199.286
212.505
183.644
202.728
200.074
201.544
189.092
203.633
200.458
200.644
180.806
185.945
198.452
197.906
197.551
174.149
225.276
201.919
199.084
178.631
193.676
205.858
203.514
203.975
178.853
196.182
209.364
227.382
198.573
205.987
229.308
204.898
194.968
189.356
218.153
252.796
202.002
198.54
207.429
200.112
197.758
197.251
197.304
208.48
199.055
198.949
198.558
197.334
217.29
198.607
196.576
199.293
207.903
201.869
197.308
197.253
197.518
217.44
200.449
198.173
198.712
198.342
205.668
198.538
197.535
196.95
197.129
212.489
196.763
198.802
195.726
210.691
200.179
198.58
196.538
213.187
226.86
201.157
197.432
196.785
203.884
196.57
196.285
194.108
193.786
205.237
195.878
195.406
195.927
193.966
210.919
196.525
196.572
196.339
193.581
206.513
194.604
195.142
193.267
196.302
208.693
196.142
193.264
195.042
200.516
196.341
194.591
195.897
202.976
213.332
195.184
195.761
196.342
194.236
198.276
195.895
194.219
195.951
194.26
209.721
194.323
195.584
193.341
197.875
197.896
195.669
195.725
196.476
207.582
196.633
195.443
196.232
193.234
208.799
190.273
200.139
216.844
200.696
211.809
189.855
186.053
187.46
188.188
199.838
186.73
186.097
185.635
186.045
200.775
187.425
185.539
185.742
184.559
201.117
185.926
186.423
185.465
185.468
206.962
186.518
185.451
184.853
186.184
201.479
185.698
184.549
185.683
185.391
200.859
189.691
185.328
186.969
185.725
201.181
186.821
186.601
185.361
185.285
208.426
190.159
187.966
187.848
187.115
198.331
189.659
187.706
188.366
187.331
199.067
186.013
185.893
185.255
183.965
198.661
185.093
187.851
186.357
186.294
205.415
188.221
185.304
186.567
186.14
197.866
185.983
186.797
185.057
187.063
201.341
186.069
187.764
188.274
185.749
201.347
187.136
186.029
185.909
186.829
208.087
189.518
187.496
186.447
185.996
199.121
188.339
189.09
188.675
187.336
227.365
197.518
192.429
193.163
202.938
193.016
195.984
196.411
192.083
208.555
195.379
193.786
190.132
191.62
205.839
193.544
191.71
190.854
193.082
204.814
192.341
192.943
192.21
192.289
203.52
194.152
191.45
193.231
206.988
196.606
193.093
193.662
192.815
202.711
193.773
190.973
192.646
192.887
205.147
195.56
192.248
193.394
192.234
207.383
191.407
192.218
194.006
194.583
197.782
193.29
191.192
192.161
193.855
214.434
194.55
193.551
190.621
204.474
195.298
192.591
191.418
192.291
203.28
194.243
193.169
192.511
192.282
208.676
193.385
194.591
194.372
193.037
206.961
194.651
194.113
193.742
192.599
208.035
195.446
194.471
191.942
194.531
208.068
193.286
192.612
193.629
202.22
195.639
194.993
193.022
192.502
207.704
195.169
194.135
194.687
194.113
208.673
196.418
194.324
194.216
193.144
199.788
196.652
195.072
192.609
193.301
212.528
195.403
194.083
194.555
203.316
196.519
284.787
227.425
208.853
209.292
206.799
207.084
212.071
213.779
196.542
195.55
192.452
196.763
206.227
191.436
194.387
195.729
193.602
209.756
193.638
192.973
192.655
205.076
197.571
194.88
195.6
195.078
208.525
198.155
191.917
194.684
193.548
211.834
197.307
195.483
193.06
195.62
204.535
195.068
195.611
196.479
192.622
209.23
194.775
195.857
194.36
207.624
197.271
197.478
194.764
194.42
207.256
197.669
194.562
194.708
195.413
204.97
196.138
197.223
194.306
195.924
208.668
194.98
196.666
195.635
195.37
199.079
195.346
196.339
193.331
199.732
195.372
196.416
196.69
195.511
211.61
198.342
192.686
196.937
194.722
198.841
195.608
197.165
195.308
195.623
209.563
194.065
197.795
196.308
209.342
197.478
195.454
195.146
195.226
211.658
196.673
196.536
194.547
196.256
210.291
196.355
195.28
195.499
196.35
209.153
195.128
195.129
195.724
195.534
198.881
197.586
195.701
197.261
208.576
256.864
243.202
239.418
257.886
243.597
243.118
242.276
252.633
237.519
237.08
227.747
248.372
237
239.044
238.023
243.726
239.425
242.11
237.882
240.949
238.337
239.101
240.685
239.069
242.886
238.624
236.443
250.107
240.914
236.556
240.285
241.765
241.119
237.461
239.68
205.551
190.053
190.466
189.803
202.484
253.007
221.137
218.884
206.277
204.354
202.781
245.949
207.275
205.166
192.044
188.358
189.351
190.92
204.107
191.259
190.189
189.566
188.799
204.255
191.24
190.698
189.398
189.574
207.169
191.65
188.587
189.632
189.712
199.096
190.056
191.716
188.199
189.442
204.234
190.706
190.041
191.131
187.851
199.614
187.413
185.214
185.168
185.515
516.296
217.288
186.781
209.298
182.768
182.741
180.495
180.736
191.386
182.083
179.596
180.465
179.9
185.285
181.999
180.384
180.224
181.371
180.673
194.297
188.823
188.546
187.797
201.47
191.043
230.167
194.216
198.978
198.98
187.901
183.078
185.602
186.041
194.056
191.878
191.172
184.539
185.23
227.119
189.07
184.981
186.025
184.836
201.866
187.27
185.225
184.679
186.216
198.721
186.488
185.617
185.274
184.856
201.178
186.821
186.184
185.274
185.237
207.784
189.662
187.019
186.399
185.371
200.134
186.203
186.995
184.394
187.028
200.236
186.597
186.377
185.996
184.986
199.262
197.304
199.966
207.235
204.595
209.944
196.654
197.063
200.612
211.452
199.447
195.075
196.291
196.91
214.487
199.496
197.616
197.557
196.548
212.05
198.537
195.245
196.471
197.572
207.279
196.666
196.105
196.291
207.74
197.268
197.415
195.423
196.986
214.808
199.253
197.064
197.38
195.439
211.547
197.511
197.705
195.875
196.42
208.646
198.197
195.981
197.295
203.326
200.032
197.044
196.438
196.847
204.817
196.328
197.111
195.44
194.538
206.436
197.279
196.776
197.17
195.728
214.233
196.695
196.723
195.954
196.723
207.734
198.021
196.252
196.03
207.996
197.962
199.012
199.326
197.685
218.76
187.338
185.805
185.509
186.257
199.656
185.515
184.709
184.869
184.166
203.248
186.637
187.65
187.875
186.159
198.958
188.462
186.517
185.146
183.403
206.742
186.697
184.405
184.414
185.449
197.145
185.972
183.821
185.371
187.192
204.914
188.458
185.809
183.99
185.682
195.57
186.767
186.56
185.461
184.82
189.039
186.096
184.326
184.748
186.324
198.931
188.667
185.34
186.046
184.702
197.39
184.72
186.605
186.57
184.173
193.866
186.109
228.853
209.915
220.293
232.733
209.199
209.01
211.369
221.714
207.463
203.523
211.47
205.695
219.056
212.282
206.273
205.448
217.875
212.955
206.059
211.864
197.538
205.347
184.432
184.61
184.234
183.573
203.127
185.198
183.419
183.633
183.376
201.915
185.288
184.843
182.729
185.057
203.259
184.995
183.734
185.055
184.05
204.976
185.722
185.979
185.354
184.06
198.681
186.45
186.032
183.942
183.121
211.175
192.141
191.224
185.648
185.093
207.449
185.404
183.553
185.745
184.356
203.807
184.772
185.347
183.932
184.465
203.011
185.554
184.234
184.207
184.369
203.085
185.821
183.67
183.392
185.983
201.988
185.158
184.066
183.479
182.992
203.695
184.976
185.023
183.718
182.976
201.851
194.871
187.105
186.273
184.285
206.026
190.354
187.177
185.475
185.454
201.466
187.542
186.461
187.864
185.846
205.124
188.957
187.875
187.564
185.843
200.739
188.027
186.363
185.632
185.705
207.999
186.2
185.703
186.988
185.848
216.863
191.83
187.333
188.372
186.002
203.099
187.86
187.138
186.5
186.978
197.758
188.452
185.792
185.947
184.733
204.396
187.407
187.012
187.032
187.255
203.03
188.552
187.175
186.835
185.117
205.199
187.753
189.298
185.445
185.121
199.208
187.659
187.536
186.884
185.653
204.631
187.938
187.022
186.417
187.129
203.423
190.353
188.371
190.768
188.081
205.983
217.248
227.809
211.058
205.755
186.745
181.893
178.894
179.854
193.467
185.282
181.827
181.999
182.002
188.175
183.619
183.503
180.602
188.951
201.214
185.181
176.931
176.876
202.826
218.105
191.543
192.459
193.635
204.258
216.401
196.943
193.86
197.951
194.657
210.437
197.113
197.067
194.835
233.198
249.454
241.595
235.957
250.477
238.571
235.674
233.271
252.876
236.351
235.97
237.214
248.178
236.699
233.601
235.482
245.461
236.83
232.78
234.702
245.903
236.115
234.688
234.466
250.327
233.479
234.026
234.669
251.62
237.138
233.912
235.854
251.399
234.164
237.488
238.158
202.183
235.39
236.61
235.126
230.036
221.364
179.9
170.826
171.105
184.416
174.297
173.193
171.609
171.162
172.359
178.289
172.826
172.887
172.706
172.389
188.329
173.981
171.189
172.386
170.564
181.652
173.962
170.582
171.548
169.983
171.819
189.263
177.144
171.604
170.865
170.771
180.599
170.961
173.475
171.079
170.874
190.543
175.417
172.182
173.368
171.35
171.139
190.838
169.879
171.327
170.894
170.149
183.123
172.084
169.922
171.201
170.65
171.132
174.528
173.4
171.326
171.15
171.971
184.309
173.418
172.672
171.631
171.015
186.531
173.382
171.834
171.436
172.311
171.383
186.624
171.703
172.002
171.185
170.684
184.997
172.014
171.527
171.222
201.13
201.938
190.998
181.595
208.104
202.287
214.334
202.14
201.061
202.044
221.659
201.568
201.358
200.426
201.29
211.13
199.857
201.331
201.806
214.531
201.121
200.932
202.266
200.642
210.601
201.704
200.001
200.816
218.66
180.546
176.535
173.872
173.668
175.326
173.885
188.219
197.096
210.36
203.132
189.559
185.004
185.1
186.011
199.761
187.894
186.213
185.427
186.967
263.81
218.117
195.015
194.2
190.982
201.32
198.296
192.721
193.431
204.344
192.053
214.902
193.575
188.412
201.337
189.341
186.668
188.465
186.826
200.766
190.643
186.814
190.293
191.723
203.058
189.116
186.089
187.731
187.719
201.428
189.857
187.359
187.426
187.075
199.674
188.115
186.483
186.549
187.904
202.614
187.16
186.063
186.173
186.196
200.943
187.905
186.243
187.843
186.843
201.777
188.826
188.489
185.789
187.245
202.21
187.915
186.855
187.951
186.393
203.567
187.557
186.986
189.294
187.446
201.849
188.312
187.275
186.005
189.151
203.9
189.488
188.452
187.139
188.582
201.016
187.783
187.518
188.471
189.094
200.5
186.44
187.8
185.346
186.293
197.134
182.279
182.402
197.876
185.323
215.518
178.44
173.428
172.282
170.571
191.389
174.474
172.556
172.255
170.227
187.509
177.768
172.684
173.469
172.222
170.706
189.74
172.348
171.71
171.9
170.678
192.682
175.533
174.071
173.067
172.35
189.434
181.658
178.804
177.782
176.805
188.94
180.896
177.497
178.621
178.354
178.711
189.467
177.013
178.414
178.669
177.586
195.462
179.416
176.883
182.699
181.979
189.063
179.023
178.146
178.553
177.975
198.08
179.349
177.859
178.46
177.003
186.724
180.921
178.424
177.053
179.493
178.122
193.28
177.587
176.098
177.888
179.276
186.604
178.935
177.719
177.334
177.848
193.277
177.876
177.103
175.935
177.577
188.759
180.228
177.629
176.062
177.965
193.575
181.722
179.748
177.725
176.195
179.542
189.322
177.254
178.35
177.374
177.427
193.281
178.462
178.159
177.843
176.746
189.729
179.785
177.465
177.526
177.397
193.44
181.1
177.89
178.45
176.038
189.352
180.612
177.765
177.845
176.79
177.71
194.167
177
177.388
178.288
176.536
190.166
178.934
177.412
177.111
177.878
199.891
179.586
178.949
178.119
176.726
190.439
179.662
177.605
178.242
176.609
176.44
180.456
177.18
177.892
177.53
176.652
194.116
178.374
178.543
178.909
178.486
189.959
178.303
178.073
178.374
177.266
201.097
178.453
177.258
178.922
178.741
186.911
184.298
180.588
178.045
179.015
186.32
180.234
178.585
177.153
178.878
178.834
193.893
178.423
178.744
177.836
178.013
196.159
178.864
178.322
178.442
178.641
190.582
180.505
179.186
177.942
180.515
192.717
178.835
178.153
176.733
177.094
189.018
179.786
179.37
179.009
177.809
179.379
192.796
177.761
177.173
177.587
176.883
191.063
180.254
177.508
177.18
178.417
201.464
180.03
180.663
177.918
176.916
193.659
179.935
179.67
179.325
177.715
189.367
181.572
178.031
178.41
178.269
175.74
180.462
179.172
178.51
178.458
177.201
198.374
179.326
179.807
178.814
176.559
183.293
178.176
179.422
178.303
177.715
193.417
180.278
178.192
178.269
178.413
178.789
179.422
179.46
178.615
178.477
177.444
193.688
176.837
184.83
181.653
180.318
203.466
179.887
179.189
180.075
178.491
190.765
181.35
178.826
181.253
179.846
193.109
180.426
180.032
178.589
179.617
200.339
179.162
177.561
177.698
181.614
194.715
183.918
178.164
177.084
179.356
188.459
179.984
178.627
176.573
177.786
180.068
193.975
179.263
179.425
177.93
179.436
222.189
204.988
204.038
200.302
214.964
237.319
222.507
251.543
187.249
188.727
204.084
244.165
205.358
219.055
204.907
197.818
206.263
195.135
213.168
192.182
193.421
192.859
205.615
196.393
194.37
192.495
192.669
206.624
194.911
194.387
192.305
192.225
209.491
194.819
194.617
192.525
193.288
206.306
194.125
192.986
192.876
193.277
202.675
193.013
194.722
192.371
208.217
196.284
195.196
192.98
193.344
203.52
194.515
194.527
193.308
192.261
205.738
192.951
194.143
193.288
193.385
206.38
194.995
193.521
193.163
193.43
211.766
193.181
196.345
193.671
204.687
198.149
195.887
192.951
193.485
203.424
195.573
193.83
194.062
192.582
213.254
193.952
193.076
192.335
193.668
208.297
195.617
193.41
193.893
192.405
220.285
198.967
198.119
198.765
200.443
199.895
197.394
194.58
195.353
207.599
196.279
193.705
193.388
193.312
208.252
194.139
192.204
202.637
210.901
207.758
208.642
204.853
205.962
204.327
187.283
200.144
196.044
191.028
192.536
179.455
182.067
178.757
178.132
194.946
179.52
178.561
177.418
177.911
194.892
182.139
180.693
177.728
178.708
194.564
185.812
180.229
180.816
179.547
194.683
183.64
180.599
192.839
179.122
179.366
191.409
181.599
181.649
181.193
179.554
197.78
183.216
184.257
183.683
181.938
198.398
183.085
183.526
181.07
183.216
190.751
180.564
178.7
181.608
178.905
200.69
184.254
181.849
182.504
186.239
198.275
184.965
182.429
184.023
182.561
201.771
185.746
184.195
182.598
182.633
197.371
183.991
181.703
180.667
183.671
198.53
182.578
183.106
180.762
183.256
199.042
182.955
183.716
181.183
181.77
192.864
186.009
182.296
181.087
182.019
201.707
187.487
182.837
184.201
180.75
196.152
185.294
182.744
186.092
185.033
194.021
184.372
182.58
181.394
182.521
184.863
186.368
183.884
181.283
183.04
182.346
199.563
183.713
184.161
182.354
182.291
195.25
182.764
181.695
183.756
181.926
199.63
183.527
184.162
181.626
184.458
195.821
184.115
183.391
183.135
183.039
202.457
182.414
182.889
183.132
182.281
195.416
182.397
181.965
182.862
181.914
195.259
180.929
195.455
186.223
185.228
198.895
186.594
184.244
185.264
184.414
199.383
184.795
184.153
185.337
186.116
201.554
186.594
185.104
184.402
185.139
201.206
185.455
183.947
184.007
184.809
201.077
186.808
184.235
184.546
184.956
200.672
183.677
185.899
184.826
185.317
202.965
185.82
185.24
185.201
185.22
202.543
186.915
185.57
183.905
185.229
200.933
186.106
185.845
186.11
186.279
202.945
185.508
185.207
185.614
185.148
204.255
187.794
185.081
186.043
186.053
198.687
184.907
187.299
184.23
185.367
199.728
186.998
185.761
186.065
188.796
203.086
187.427
187.166
185.599
186.874
200.408
185.996
187.77
185.852
185.228
203.252
186.264
187.633
185.912
186.417
200.708
186.931
185.481
186.434
184.225
201.762
186.161
185.277
185.665
185.949
200.672
186.488
183.973
185.845
184.595
200.545
185.648
186.234
185.184
187.656
197.554
181.972
180.628
180.986
181.645
204.937
187.343
202.951
185.624
186.83
199.484
186.763
185.057
185.497
184.826
195.99
184.413
186.294
184.543
185.803
199.954
185.597
184.428
186.357
183.158
198.221
184.86
185.736
185.253
185.785
198.481
187.115
185.604
185.288
185.241
201.151
186.274
186.038
185.824
185.391
191.84
188.084
185.671
183.968
185.79
200.481
186.015
186.66
185.23
185.011
200.505
185.698
185.057
185.772
184.14
203.452
226.919
281.034
275.81
310.768
247.469
276.406
292.968
275.019
215.329
204.565
213.395
246.095
250.547
208.221
217.768
206.38
202.697
203.268
202.751
217.527
206.845
207.566
203.604
206.098
204.182
204.008
203.15
204.807
218.249
205.635
202.901
205.538
219.533
207.623
205.1
205.02
243.702
227.512
204.946
204.343
204.616
208.137
203.043
204.588
204.915
205.252
216.341
205.422
204.243
205.461
214.67
206.556
205.557
204.504
204.303
223.274
206.486
204.317
203.208
203.854
205.957
204.778
205.623
205.169
215.355
206.305
202.111
205.262
204.661
221.851
203.704
204.51
205.465
219.678
205.794
204.847
204.94
203.955
219.1
205.112
203.608
204.179
213.927
205.129
203.746
232.539
205.252
214.589
192.037
191.041
191.081
190.991
199.063
191.842
191.207
189.83
199.265
192.164
185.948
185.731
184.961
195.525
187.253
185.722
184.479
184.745
199.286
199.728
193.328
192.252
192.992
204.354
191.995
192.195
190.955
190.992
205.096
192.703
192.401
192.195
190.986
208.303
193.409
191.165
190.372
192.189
205.62
193.574
190.843
190.279
190.802
195.46
197.032
193.968
191.193
199.996
192.095
192.694
191.371
191.385
203.679
192.525
191.093
192.916
190.112
203.768
192.008
189.633
190.98
190.718
204.093
192.641
189.422
193.83
190.348
201.296
192.207
190.988
192.609
194.302
208.409
193.034
190.866
190.87
191.12
206.083
192.037
192.431
190.446
203.24
195.037
192.13
192.11
192.429
202.143
193.607
191.855
190.786
190.769
207.184
194.125
193.884
191.367
191.03
201.018
190.192
203.436
213.532
197.936
225.668
213.271
199.753
250.823
222.559
202.375
200.962
199.294
199.548
215.432
200.717
198.748
197.494
211.915
201.139
197.327
198.556
198.031
219.25
205.903
197.887
195.256
198.282
217.195
206.666
250.132
235.169
249.467
249.869
203.69
198.756
213.695
199.553
197.127
198.958
197.541
217.085
199.68
199.202
197.27
207.932
200.751
198.44
199.364
197.531
211.09
201.211
198.182
198.564
204.116
211.848
199.611
198.364
202.401
217.41
201.954
199.42
203.518
230.678
296.603
189.076
181.608
182.998
198.018
187.349
181.865
183.536
181.798
183.906
186.787
185.951
183.941
184.266
183.743
189.95
185.064
183.744
183.722
197.29
188.368
184.755
183.479
184.438
197.645
188.113
183.644
184.359
183.93
197.003
186.407
184.913
185.177
184.174
195.717
187.343
185.394
185.497
184.846
196.12
185.545
184.91
183.079
184.299
196.796
185.936
184.893
185.19
183.788
196.465
186.71
185.956
185.09
184.325
195.865
187.193
184.064
183.894
185.32
196.372
186.906
184.646
185.701
183.653
195.523
187.272
184.022
185.581
183.24
195.968
187.683
185.62
184.228
185.157
195.09
187.493
184.199
185.659
184.435
196.935
186.852
184.399
184.405
185.445
196.943
186.548
186.297
183.78
185.076
195.903
184.98
186.2
184.529
184.63
196.353
187.542
185.097
186.139
183.906
201.424
190.595
187.221
185.484
185.719
190.82
187.571
184.505
186.336
187.393
192.296
188.679
184.747
185.794
185.384
198.209
187.913
186.52
184.128
185.021
196.124
186.053
185.163
186.049
184.405
196.27
187.109
185.965
185.848
186.545
196.191
187.034
186.534
185.404
185.755
205.474
186.463
186.757
184.47
185.316
199.259
186.939
185.431
186.132
185.148
194.726
185.201
186.01
183.806
185.24
197.007
184.952
184.556
185.022
184.084
203.136
186.651
185.375
185.619
185.277
197.034
187.386
184.659
186.374
184.732
198.57
186.006
185.281
185.508
184.031
197.851
187.001
185.097
185.682
185.608
202.274
186.811
186.486
184.419
185.244
198.127
185.473
186.615
185.855
185.036
198.498
186.413
185.163
184.663
186.083
196.956
186.775
185.828
185.08
186.204
205.108
187.383
186.374
185.567
183.935
195.902
186.844
185.659
185.44
185.021
196.489
188.265
187.091
183.751
185.698
195.943
186.884
185.464
186.976
185.153
196.973
187.373
185.461
185.297
186.997
195.857
190.554
188.877
185.806
185.114
200.749
188.685
185.555
185.692
186.456
204.933
189.348
185.706
187.196
185.689
197.091
187.864
187.593
185.361
185.415
190.516
187.787
187.544
186.898
184.508
197.952
187.731
185.858
186.494
186.77
195.407
187.71
186.672
186.74
186.584
198.684
186.877
187.538
186.377
186.335
199.433
188.667
185.254
185.505
186.44
201.494
187.619
185.527
185.008
184.766
189.605
185.094
184.308
185.491
184.565
198.186
181.548
179.487
178.667
180.188
283.954
228.332
195.105
193.127
211.81
190.905
187.533
185.872
204.676
209.298
193.638
191.022
189.24
189.234
203.172
189.8
188.961
190.437
188.185
203.276
190.952
188.973
189.602
189.749
206.781
190.429
189.331
188.663
190.143
206.486
194.037
191.511
191.59
193.006
204.382
189.254
186.778
186.552
188.202
222.757
198.909
195.856
195.511
204.408
199.69
196.171
195.488
231.542
196.785
174.29
170.046
169.469
168.772
182.511
167.806
165.256
163.172
162.827
163.376
179.848
187.743
184.011
184.005
180.91
196.369
183.848
181.544
183.626
181.791
193.397
184.137
182.243
181.083
181.975
193.448
183.215
181.914
182.36
180.266
197.587
193.13
188.221
187.5
189.475
200.025
189.557
188.384
186.808
186.356
200.131
187.854
190.094
187.861
186.67
201.969
189.629
188.954
188.638
187.943
203.323
188.112
189.521
188.429
188.475
200.432
187.924
189
189.87
188.545
201.545
189.358
188.288
189.899
189.262
202.466
190.537
187.553
187.512
189.027
204.589
189.415
189.046
188.184
189.13
203.289
189.831
188.993
190.45
186.88
208.271
188.308
194.842
184.793
185.174
198.204
188.079
186.572
186.196
183.987
197.912
186.648
185.118
185.768
185.283
203.56
189.066
185.741
185.605
187.091
196.639
186.586
186.805
184.299
197.855
201.629
187.028
207.467
208.15
204.342
191.402
190.624
188.714
187.664
208.221
189.825
193.502
193.195
188.809
209.662
192.294
187.826
188.997
189.741
203.76
188.382
189.154
187.957
187.398
203.403
188.653
188.329
191.243
188.826
206.781
189.963
188.922
188.669
189.492
191.154
187.172
189.987
186.665
195.725
191.481
188.116
187.169
188.212
191.9
189.322
189.04
188.345
188.213
203.81
202.273
190.936
190.934
189.123
204.282
190.757
189.635
186.992
191.128
200.676
190.393
189.848
188.736
188.446
200.128
190.664
188.907
189.481
189.25
210.751
198.82
191.403
190.139
192.758
207.463
191.74
189.789
191.756
189.996
219.981
206.765
197.356
195.717
198.531
188.442
188.054
184.866
186.489
200.883
190.197
186.296
188.263
185.382
206.844
190.156
187.702
186.98
185.818
201.377
188.522
188.152
188.411
185.431
202.306
188
184.715
188.239
186.835
198.594
187.914
185.421
187.061
186.805
201.698
187.439
186.711
186.033
186.612
200.122
188.78
184.94
186.099
187.058
195.106
190.302
190.514
185.203
189.508
204.684
188.245
186.743
186.008
186.37
205.446
185.945
186.323
187.235
186.975
199.68
187.245
185.834
185.717
187.034
200.505
186.868
187.229
186.507
185.864
194.244
186.76
186.553
186.798
199.091
186.851
185.89
185.765
186.076
197.472
187.613
187.671
186.152
187.818
196.029
189.337
185.252
185.828
187.9
199.734
187.025
186.826
185.481
186.284
201.44
187.973
185.412
187.335
186.718
191.359
188.516
187.075
186.263
186.858
190.844
190.884
189.124
185.85
186.61
202.461
189.665
187.927
186.57
186.237
205.688
190.044
188.863
188.112
186.781
199.824
187.8
187.31
188.128
187.783
201.704
189.49
186.971
188.809
186.323
199.767
190.637
187.37
187.169
188.131
199.414
188.716
188.39
189.057
188.04
205.559
187.824
187.906
187.92
187.542
202.269
187.499
185.5
187.425
187.569
197.121
187.031
189.135
186.558
187.059
201.882
188.335
188.894
188.047
201.695
194.681
189.95
189.136
186.522
200.188
188.308
186.975
188.865
188.475
198.409
190.293
186.086
187.98
189.124
191.307
197.117
212.85
199.229
201.953
194.441
178.591
176.604
176.628
174.868
189.244
185.927
183.091
179.219
182.083
200.119
201.399
185.953
182.601
182.994
201.945
202.417
185.986
184.095
183.539
195.278
184.636
185.425
183.005
184.565
192.292
184.088
183.891
182.637
182.059
199.713
183.654
191.617
228.261
218.826
235.006
210.754
212.114
217.157
233.969
216.973
217.643
218.45
231.322
216.883
217.725
217.304
216.444
228.342
210.781
210.177
210.18
229.382
218.727
217.9
219.195
228.131
219.018
215.547
217.258
217.822
235.397
217.95
216.523
217.364
235.019
219.704
218.224
217.993
223.63
212.916
212.804
211.038
211.837
233.641
219.373
217.016
217.4
237.257
218.531
217.544
217.584
233.343
217.485
218.529
217.289
228.89
212.475
210.246
209.163
210.855
231.22
222.341
220.932
217.932
229.527
220.474
219.254
216.528
230.146
218.557
218.538
220.052
218.109
226.38
214.401
209.582
207.412
226.646
219.71
218.012
217.572
228.114
216.422
226.254
221.043
217.766
233.595
215.911
213.809
213.983
244.843
210.646
200.736
196.944
212.031
200.42
198.296
197.575
198.775
214.906
198.771
199.196
199.631
212.813
202.628
197.352
198.904
198.748
211.338
189.842
189.882
189.087
187.894
211.684
201.355
196.802
198.768
199.301
212.037
200.492
197.431
197.698
210.269
198.21
196.684
197.632
197.641
206.47
190.983
186.458
187.596
187.838
210.276
200.03
197.17
197.755
197.168
211.539
198.549
197.855
198.173
210.901
200.324
199.102
197.711
197.171
217.136
198.831
196.82
196.317
196.552
213.698
200.613
195.246
196.255
196.234
211.569
197.081
196.997
195.653
207.861
191.767
191.676
186.335
188.369
208.275
200.429
197.565
196.188
195.569
207.43
187.605
188.84
192.131
192.141
220.171
210.177
196.101
196.706
210.019
192.212
188.693
189.528
187.767
206.137
236.389
218.879
213.12
215.473
227.236
211.509
248.366
318.694
215.801
211.995
208.204
207.791
221.945
210.173
204.575
203.209
217.241
205.885
201.539
200.682
200.468
213.347
195.977
195.691
194.998
194.201
213.768
203.129
203.172
201.893
214.246
205.977
201.61
199.98
199.693
221.923
202.738
198.83
200.899
201.879
244.351
203.289
200.345
199.851
219.377
205.431
200.85
200.011
199.81
212.931
201.551
202.964
199.31
212.876
206.637
200.859
200.635
200.435
217.264
201.668
202.136
204.899
201.187
207.636
199.075
200.89
199.53
212.986
204.568
201.846
201.822
203.777
221.919
200.384
197.033
198.625
198.189
214.772
199.466
197.271
197.794
328.132
253.833
311.858
272.622
229.157
205.749
200.014
202.777
189.451
180.224
177.743
179.226
180.94
182.644
179.89
178.621
179.028
178.168
206.156
184.687
180.261
179.433
178.423
192.359
179.72
178.374
178.384
179.56
189.712
173.815
174.491
171.436
172.321
185.802
176.976
172.97
175.327
171.472
171.728
191.875
179.914
177.92
177.679
179.235
195.726
182.15
179.202
178.17
179.897
192.886
178.069
178.955
207.723
228.033
231.404
203.283
214.394
202.026
228.904
210.685
206.067
210.218
204.531
232.198
202.751
204.636
209.051
215.827
189.236
186.618
184.501
185.022
196.481
186.317
184.815
184.703
185.641
200.89
188.167
184.943
184.877
184.823
199.091
186.801
185.665
185.966
185.555
200.378
189.47
185.85
186.16
185.469
197.659
188.044
186.149
183.782
184.489
204.886
188.769
186.384
186.48
185.662
195.721
187.154
185.054
185.175
183.928
194.407
186.487
185.852
183.475
183.745
194.739
185.939
183.88
184.74
184.348
197.508
185.794
182.378
183.427
185.226
198.958
188.739
184.862
185.692
184.09
198.203
248.782
276.562
267.186
296.219
236.6
224.472
250.216
276.299
255.439
246.555
226.911
271.597
248.624
252.657
264.453
229.442
250.899
257.424
272.77
238.759
223.605
220.137
241.755
223.327
219.726
223.719
234.083
221.866
218.819
220.079
219.022
245.625
222.117
222.309
221.377
239.663
219.689
218.54
218.126
238.469
221.65
217.96
218.904
236.421
235.629
220.612
220.579
222.55
223.382
220.489
223.566
218.973
257.979
222.639
225.836
215.945
227.25
235.21
232.528
230.556
254.351
229.987
232.205
232.177
254.191
214.189
202.297
241.257
246.167
230.104
220.147
216.94
227.854
213.782
213.027
210.921
213.755
224.826
214.744
214.526
216.217
232.559
212.88
217.635
215.329
234.888
220.516
212.228
216.079
214.179
230.923
217.007
213.758
212.448
234.805
218.628
218.045
216.171
228.141
218.227
210.271
193.905
190.688
196.071
189.278
187.57
189.17
189.004
193.776
191.451
188.076
187.425
188.288
199.55
187.784
193.328
190.192
187.158
201.649
189.776
188.429
188.144
187.5
198.19
188.101
188.455
186.821
187.98
200.482
186.577
187.896
188.17
187.416
203.373
188.823
186.741
188.74
187.923
192.859
189.679
187.048
188.784
188.895
202.409
190.209
189.274
188.154
188.883
203.577
189.545
187.456
187.754
189.996
201.355
187.851
189.77
187.316
190.769
211.383
347.057
191.96
187.566
206.557
189.554
185.888
186.336
186.51
201.735
187.159
185.641
185.173
186.14
200.542
189.173
186.056
186.137
186.137
202.143
187.202
186.934
184.471
187.544
253.046
224.702
204.603
187.096
207.837
187.49
185.568
185.171
184.716
195.941
183.34
197.116
198.083
194.504
207.226
195.194
192.135
226.857
211.897
194.023
194.911
196.225
223.731
270.664
216.85
196.074
195.587
207.099
198.266
197.03
197.06
195.803
207.787
199.066
195.469
196.657
196.386
208.422
196.582
195.255
195.526
196.84
211.921
195.253
195.66
198.287
210.795
197.56
195.093
210.947
209.939
207.179
192.528
192.99
193.061
191.606
207.039
195.18
191.764
191.058
190.928
194.249
192.511
192.348
191.162
192.111
207.015
191.293
191.549
190.604
191.199
205.358
192.038
222.571
203.259
204.414
194.078
192.425
208.258
206.151
208.06
179.77
175.454
175.055
174.383
188.077
175.891
173.529
174.396
174.447
189.65
174.48
174.958
174.802
174.143
175.484
189.193
174.186
175.557
224.128
213.589
240.947
204.84
183.365
186.166
209.205
187.628
185.383
184.517
185.53
201.915
186.014
183.333
184.415
182.357
196.059
186.075
185.081
185.454
185.448
192.789
184.516
185.647
183.55
183.386
197.328
185.484
185.44
183.536
183.183
198.401
187.112
184.318
186.979
186.002
194.729
185.996
186.26
184.038
183.999
204.582
187.71
185.942
184.426
184.595
197.839
186.784
183.753
184.647
186.14
197.644
189.293
186.737
183.816
184.779
194.197
204.72
190.072
187.256
183.526
196.631
188.062
185.09
185.331
183.68
199.858
187.365
186.577
184.839
185.812
184.712
186.492
184.97
187.332
184.527
184.793
195.767
184.5
184.444
185.564
194.73
216.619
184.515
178.905
179.696
180.06
199.861
179.502
178.773
179.212
179.066
191.87
177.413
178.062
178.45
177.947
197.28
179.817
174.366
174.633
175.74
192.392
184.465
179.946
178.48
178.982
179.447
198.935
179.719
179.53
176.452
177.763
192.669
180.044
180.064
178.714
178.157
187.825
178.033
173.551
175.451
176.67
191.446
184.323
179.727
177.715
178.165
178.667
196.6
179.864
178.433
177.175
178.003
190.648
179.117
177.467
178.931
178.357
191.186
178.11
174.934
174.11
174.393
189.521
184.278
179.891
177.02
176.906
177.922
189.722
177.616
178.025
176.02
178.625
187.521
177.626
178.488
178.501
176.185
186.33
178.52
177.659
178.578
178.778
175.985
179.82
178.08
176.254
177.936
188.769
203.403
186.083
184.084
183.362
182.729
195.516
183.286
183.373
183.541
182.667
195.64
184.224
182.134
181.682
184.047
193.869
183.574
184.896
183.292
181.631
192.272
183.266
182.645
183.724
182.243
201.094
185.418
183.223
183.262
183.604
192.359
183.665
184.636
184.304
182.882
190.12
184.281
182.643
183.563
184.008
196.495
188.234
184.254
182.162
182.565
182.876
186.533
184.868
182.955
183.873
183.156
194.377
183.637
184.134
184.475
184.588
198.543
184.489
183.953
184.538
184.183
195.006
187.47
185.635
185.084
185.404
203.584
183.951
184.895
183.259
184.556
199.796
185.475
184.359
184.107
182.943
196.82
184.188
184.278
185.199
184.227
193.849
184.766
185.046
183.831
183.811
195.156
184.508
183.169
184.098
196.72
195.71
185.093
183.562
185.141
185.277
202.878
185.682
186.908
185.444
184.952
196.391
188.413
185.587
185.782
185.804
202.216
186.129
183.803
182.828
184.557
195.566
187.81
185.388
183.297
184.803
195.216
185.948
184.994
185.811
184.971
195.612
186.967
183.764
184.218
186.944
196.128
186.989
186.677
184.131
183.533
196.061
184.796
185.066
183.774
184.174
198.067
189.093
184.188
196.338
188.206
195.307
189.09
187.614
184.967
197.084
205.635
198.239
195.641
193.98
194.251
206.146
197.475
193.773
194.099
194.083
208.842
194.818
195.83
194.877
192.736
215.085
194.218
193.581
193.485
192.145
195.693
196.184
193.54
193.466
202.252
193.896
192.359
193.287
192.722
213.836
194.778
193.05
194.062
194.682
204.834
192.552
194.25
194.251
192.408
215.092
193.881
194.042
194.669
193.183
195.028
194.621
193.738
193.783
206.059
195.406
193.103
192.793
194.371
206.658
196.57
194.33
192.435
195.443
203.924
192.606
226.504
208.435
213.266
207.169
203.584
204.429
202.743
217.412
204.717
204.142
217.132
243.82
209.81
203.593
195.699
196.465
212.722
183.406
183.637
208.474
216.76
204.452
202.598
201.839
202.801
218.155
202.66
203.526
202.319
214.454
204.364
201.167
201.888
203.104
217.173
202.455
202.74
202.169
212.665
205.406
203.117
203.192
203.937
215.95
203.978
203.67
202.979
212.523
204.334
204.427
202.2
203.601
216.86
204.967
203.026
201.853
211.424
204.205
203.959
202.812
204.132
223.895
203.195
203.151
202.376
212.92
203.8
204.526
202.117
203.785
202.907
202.312
203.86
204.05
212.896
204.389
202.994
203.479
203.414
202.841
203.123
205.004
203.129
216.12
203.86
202.922
202.823
203.341
203.967
203.281
203.701
203.312
215.172
202.6
202.309
199.43
185.478
212.685
186.196
185.01
185.143
186.105
192.716
185.575
185.404
185.975
184.973
188.73
185.845
183.355
185.126
185.833
188.512
185.651
186.917
185.347
185.972
189.157
184.777
185.725
186.349
185.141
189.367
185.993
184.408
186.237
185.742
202.357
196.465
197.097
189.048
199.821
188.723
185.621
184.515
186.488
196.381
188.75
188.24
185.649
187.099
201.274
197.375
262.077
256.629
201.151
187.649
187.365
184.194
184.038
195.989
190.021
184.98
186.737
183.172
184.209
238.417
236.957
233.331
240.413
236.961
236.565
238.664
235.56
253.818
241.671
236.653
251.112
238.463
235.961
237.949
248.299
254.491
236.526
240.717
249.208
236.081
237.304
237.052
240.616
238.053
237.461
237.403
242.059
238.193
238.544
239.884
250.38
239.133
238.102
241.004
245.211
240.462
236.244
236.892
244.742
237.205
238.164
237.469
244.087
238.242
238.146
234.611
205.929
193.116
185.418
185.761
188.342
196.338
189.264
188.131
186.369
236.541
251.901
235.488
222.11
241.036
246.644
239.085
212.358
206.086
226.42
221.807
202.564
202.715
212.83
217.471
204.628
208.938
196.227
208.652
201.455
199.069
194.5
197.135
210.063
196.483
195.429
193.869
190.634
200.449
193.151
195.574
193.589
191.031
196.549
193.386
191.881
190.617
191.412
201.992
191.58
192.895
190.07
190.734
203.245
191.581
191.139
192.804
203.406
193.271
191.506
192.505
191.542
201.043
193.491
190.586
191.342
191.73
206.45
194.13
191.566
190.306
192.522
203.061
193.094
192.555
189.896
192.182
205.233
190.8
190.755
191.702
191.761
202.402
191.716
191.335
191.924
192.752
203.267
190.691
191.413
190.885
204.753
196.387
191.259
189.933
192.636
209.594
196.242
192.479
190.182
191.166
201.19
192.354
191.466
191.487
191.639
202.384
194.33
191.867
189.786
191.487
208.871
192.698
192.802
190.186
190.711
210.955
191.927
192.44
193.19
189.511
198.14
193.241
191.294
191.784
199.493
192.966
193.354
191.247
192.846
206.347
193.412
192.205
192.038
191.316
209.424
194.074
193.117
190.918
191.286
206.329
191.248
191.176
192.924
190.561
202.086
192.573
191.024
192.893
191.124
201.154
194.879
195.069
194.483
201.683
192.907
198.961
190.928
191.605
198.468
190.909
192.598
192.098
191.954
207.924
192.516
190.906
191.737
192.131
205.307
184.887
182.046
183.572
184.198
209.495
192.345
190.317
189.496
191.225
202.333
190.453
189.863
190.42
190.217
200.826
189.782
189.918
189.437
191.382
206.163
190.453
190.525
188.889
191.031
195.59
191.454
189.527
190.106
198.402
191.824
190.751
191.067
189.006
201.394
198.585
190.685
191.002
189.826
209.818
194.483
190.234
188.723
190.105
201.415
191.463
191.03
188.973
189.36
203.252
189.916
190.561
190.329
187.97
193.688
191.19
190.38
189.469
189.328
201.825
190.684
190.673
189.728
188.267
211.37
190.911
190.38
191.191
189.758
191.459
192.713
191.136
190.741
200.889
187.74
188.255
199.105
220.886
220.315
201.515
200.712
200.301
199.693
221.472
199.687
199.984
198.847
210.816
203.277
200.158
200.14
236.84
249.491
206.55
211.858
221.683
211.005
196.808
190.248
180.187
177.027
194.132
181.548
179.166
180.593
180.089
198.447
182.521
178.116
179.998
180.327
193.446
184.025
178.697
178.851
181.569
188.629
182.886
178.243
177.726
180.351
194.46
190.55
185.903
184.568
184.454
198.703
190.653
185.277
185.127
186.096
194.995
187.331
185.541
185.457
184.441
187.984
187.325
185.013
185.788
183.786
195.755
187.319
184.759
185.587
184.36
204.509
187.996
184.983
185.322
185.84
196.293
188.236
185.344
185.051
185.467
199.784
187.56
186.664
186.297
185.488
198.42
187.582
188.236
184.973
185.006
203.84
188.098
186.991
186.404
185.211
201.688
184.182
187.974
186.627
185.469
206.516
217.06
202.844
199.967
227.596
235.957
220.913
215.115
225.271
211.256
204.853
208.145
205.861
220.469
209.615
205.739
206.542
216.612
205.293
204.495
218.329
206.648
250.307
208.086
204.326
212.077
226.08
212.619
204.414
205.103
207.729
233.284
212.817
228.678
207.81
203.688
193.578
191.804
244.755
245.461
256.991
245.425
191.079
186.113
195.302
186.648
189.057
186.811
189.003
199.818
188.622
185.749
184.26
183.81
205.103
188.79
189.17
186.705
188.035
199.796
186.703
186.898
187.081
186.966
195.785
187.395
189.849
189.458
186.44
199.804
189.719
187.445
187.978
197.732
210.998
194.002
193.484
192.68
194.135
218.11
194.338
193.948
193.764
192.308
194.979
192.21
192.007
192.649
202.507
194.522
193.611
192.447
191.352
198.44
194.748
192.476
193.358
192.101
213.584
193.999
191.025
192.573
192.629
206.634
195.158
191.974
194.143
192.468
203.536
192.078
192.075
204.122
242.685
198.339
204.672
192.739
189.836
207.473
194.159
190.799
190.841
189.915
211.393
236.117
213.18
200.666
223.376
200.18
197.945
197.669
196.82
212.071
198.507
199.306
198.147
197.622
212.727
198.862
200.258
198.799
196.429
202.297
214.397
213.515
199.968
205.816
197.687
196.793
196.953
196.308
212.456
197.695
196.029
198.556
197.052
212.248
195.84
196.354
198.094
212.736
200.291
197.441
197.771
198.6
208.574
198.192
198.978
196.309
198.618
208.82
196.147
196.272
195.974
205.956
201.439
196.195
196.24
195.389
210.995
199.388
196.994
196.609
197.016
212.024
209.651
209.491
208.269
197.826
250.019
200.098
197.668
194.666
206.002
195.208
194.072
194.078
191.921
210.609
194.555
193.752
193.478
193.331
207.7
193.89
193.692
194.296
205.93
194.709
191.627
191.25
190.935
204.873
194.621
192.793
193.404
193.016
210.018
194.447
192.194
191.64
191.767
207.148
194.056
194.186
192.208
192.631
204.297
194.2
191.46
191.857
194.38
206.963
193.524
193.491
192.095
194.28
195.971
193.391
193.313
194.143
202.382
196.432
194.124
193.105
192.462
203.74
194.848
193.887
193.084
192.088
203.849
218.196
239.072
215.783
243.815
255.48
302.005
215.991
233.261
225.538
200.422
199.864
215.469
200.807
198.008
221.56
203.941
211.548
192.044
190.764
190.39
192.756
202.856
191.121
191.4
189.458
192.336
205.915
192.984
191.473
190.106
190.955
193.295
193.214
189.369
190.561
204.598
193.755
191.978
191.792
190.556
204.682
193.204
190.607
190.488
190.456
216.149
191.711
191.469
191.045
189.112
205.128
191.617
190.426
192.087
188.886
202.571
191.947
189.791
192.219
191.977
205.076
191.786
191.523
191.235
201.11
191.541
190.149
190.781
192.028
201.278
192.476
192.428
190.62
190.634
201.698
192.137
191.373
190.737
191.415
204.174
191.685
189.833
189.645
191.259
218.962
228.445
195.629
192.964
200.148
195.617
195.554
196.568
201.421
245.571
176.498
166.627
167.115
165.385
176.139
168.265
166.1
166.288
165.183
165.439
180.498
194.2
176.535
167.386
165.749
188.252
199.634
184.342
181.649
181.308
197.325
188.601
185.524
180.712
183.075
197.051
184.766
180.388
180.6
182.623
199.081
183.779
179.867
179.078
179.332
177.807
190.417
182.361
181.935
180.823
181.601
198.18
181.247
177.932
179.62
181.876
200.222
181.282
180.229
182.102
180.419
197.923
177.545
176.162
176.479
174.874
227.169
190.026
179.948
178.294
178.24
218.524
186.902
184.282
186.961
185.342
199.066
186.14
184.443
186.483
186.606
197.731
181.875
180.395
178.977
179.951
198.639
191.013
187.365
185.776
185.454
347.183
201.464
186.444
185.078
196.45
184.001
186.775
184.294
185.879
197.17
184.582
185.514
183.022
185.897
192.292
184.8
186.27
184.275
184.963
201.962
188.457
185.897
183.83
183.232
199.917
187.352
184.348
185.231
183.858
195.481
198.523
262.333
254.758
262.595
232.234
194.077
190.54
188.673
199.834
189.537
189.722
191.933
188.071
206.21
190.6
190.069
190.458
189.496
200.95
190.424
188.61
188.212
192.147
206.811
191.641
189.338
187.398
197.538
188.829
189.885
189.454
189.225
203.142
189.671
189.665
189.803
189.554
203.335
194.012
190.79
189.46
188.345
193.461
190.323
186.718
191.737
207.329
231.669
206.904
204.526
175.884
172.82
186.61
173.153
174.721
174.189
170.985
187.473
174.928
173.317
174.04
171.899
172.115
187.506
171.994
172.128
172.479
171.431
184.967
171.724
172.689
170.804
170.309
183.341
172.432
173.06
170.605
172.353
171.183
189.473
173.334
172.72
171.557
171.921
192.685
173.684
172.314
170.236
174.176
183.366
173.749
172.014
171.493
170.32
173.143
212.272
198.635
194.347
231.093
253.115
243.508
240.215
239.696
265.394
246.992
242.17
235.707
252.231
237.319
237.942
237.963
253.831
241.668
239.864
239.148
253.464
243.32
239.109
258.766
244.231
243.392
239.988
238.249
239.821
214.802
282.766
256.616
241.241
237.13
237.234
245.154
241.731
238.865
239.096
259.036
246.588
242.974
237.986
264.02
242.104
238.396
240.978
245.457
241.648
240.171
241.805
240.026
238.38
238.582
240.757
244.083
238.24
238.333
249.304
237.99
242.045
238.672
276.57
242.489
241.401
241.977
253.064
242.525
238.056
238.251
256.074
241.638
237.13
240.331
246.679
242.31
236.892
253.455
238.583
239.878
239.362
251.385
241.612
240.151
238.857
250.262
212.579
200.997
198.815
227.584
244.192
243.31
215.373
226.033
200.222
191.752
169.128
165.835
165.895
193.991
167.576
164.953
165.507
165.306
180.016
169.634
166.162
166.096
166.175
164.763
179.332
168.25
166.4
166.158
164.153
169.135
166.65
165.844
164.234
167.365
166.153
180.966
166.58
167.365
165.514
188.674
201.396
190.1
186.867
185.504
183.72
197.988
186.966
183.589
183.688
183.308
193.428
186.908
182.981
184.445
184.049
192.385
187.709
184.92
184.193
185.152
197.212
186.827
183.17
184.41
184.117
202.395
188.203
183.372
184.545
183.76
197.407
184.196
184.253
183.682
184.019
197.556
185.212
182.818
182.379
181.805
194.748
187.184
185.414
184.297
183.261
183.134
230.553
241.578
194.915
196.4
230.679
205.415
194.528
191.607
193.271
195.659
192.462
193.539
191.096
199.914
193.349
191.207
193.484
189.812
205.251
193.959
189.572
194.977
192.033
206.23
194.999
194.56
192.251
193.548
202.431
192.408
193.043
191.767
193.812
224.926
203.924
204.014
202.2
216.565
205.411
201.98
201.286
200.071
215.66
201.385
200.496
201.367
201.124
213.715
200.956
198.346
198.198
212.603
200.027
203.125
200.471
200.51
214.51
199.343
200.255
201.34
201.057
217.141
200.687
202.15
199.475
210.246
201.514
200.564
201.442
200.699
204.902
201.635
200.766
197.992
200.201
207.527
201.314
201.153
202.083
203.304
342.069
253.421
223.994
220.976
188.349
185.844
184.774
185.9
204.289
186.301
184.316
189.339
191.728
196.767
186.248
187.453
186.38
186.443
199.164
200.225
187.381
187.394
187.605
196.24
187.507
185.231
186.558
187.29
198.581
188.264
187.544
186.153
186.591
199.558
188.008
188.908
187.446
187.056
194.95
187.985
188.725
186.57
201.889
191.05
187.859
188.76
186.749
192.039
188.586
185.729
188.082
188.74
198.713
188.089
188.31
203.166
216.307
217.095
201.855
218.952
217.493
228.844
217.512
218.197
217.776
220.084
216.616
220.26
207.175
213.578
186.679
190.189
186.104
185.591
198.888
187.663
190.971
202.55
194.781
206.931
191.93
192.471
190.885
193.193
206.592
191.773
190.586
191.585
203.399
192.014
191.129
192.075
191.911
198.013
190.917
193.093
192.011
188.75
204.496
193.677
190.409
193.795
191.705
205.84
193.081
190.366
190.23
193.401
201.912
191.794
191.526
191.437
191.791
202.979
191.701
192.609
191.126
191.632
202.11
193.752
192.904
189.966
203.218
199.433
193.923
194.667
190.952
198.041
192.913
192.538
190.053
194.186
209.077
193.424
193.021
192.643
191.105
205.819
192.041
192.895
191.068
192.622
207.256
193.855
191.815
189.58
191.871
207.846
192.529
193.656
190.995
204.86
194.221
190.805
190.08
241.856
196.992
171.493
169.376
168.483
166.628
166.925
172.153
166.849
166.73
171.497
215.804
231.359
201.171
200.268
201.097
211.093
202.065
202.259
201.705
202.594
214.788
201.635
200.725
203.365
199.085
215.377
200.717
200.602
201.027
209.949
204.446
202.895
199.202
201.221
215.389
201.992
200.251
199.637
199.753
216.565
201.474
201.38
203.042
216.629
194.351
190.564
191.737
192.101
249.926
201.538
192.305
186.781
185.379
197.919
182.657
185.511
185.385
186.052
197.057
186.471
185.036
185.481
184.18
198.277
185.523
185.892
182.934
185.494
202.436
187.042
184.093
184.88
183.783
199.22
188.476
189.789
184.573
205.933
234.872
202.86
187.148
180.986
192.994
184.125
177.923
178.32
177.429
178.751
216.757
183.499
181.498
182.471
180.763
200.583
180.863
181.501
180.044
182.501
193.714
181.831
180.939
179.991
179.934
195.073
182.221
179.941
178.657
181.809
194.832
182.55
181.07
181.939
180.161
200.946
181.334
181.93
180.766
179.436
182.655
184.284
181.203
183.108
180.501
190.333
183.569
180.344
178.895
187.707
181.539
186.029
180.351
182.54
181.769
180.472
193.999
183.776
180.906
182.712
180.636
207.987
182.146
180.541
180.736
183.412
194.841
183.969
182.503
181.518
181.442
193.728
181.217
184.182
180.598
184.612
195.568
184.969
183.044
181.955
181.936
195.491
215.954
202.667
194.922
194.531
215.65
193.205
194.242
194.868
200.513
195.368
193.568
193.565
192.229
206.503
194.121
193.97
194.821
195.77
202.982
193.665
192.074
193.207
193.114
205.391
194.264
193.732
191.148
194.494
205.15
193.163
191.665
199.479
198.149
212.231
192.878
193.25
192.375
202.187
193.019
193.428
193.043
193.323
206.254
195.763
193.872
193.668
192.392
204.468
192.747
195.238
191.748
193.876
207.272
193.244
192.642
193.574
193.889
200.651
192.351
192.532
193.574
192.742
214.417
195.794
193.208
193.903
200.399
196.191
192.468
193.262
193.806
210.597
195.153
194.273
191.774
194.23
202.354
193.665
217.334
202.447
204.655
215.055
196.849
196.328
195.623
204.583
198.119
197.004
195.603
196.267
206.739
199.036
196.331
193.996
194.372
208.654
197.091
197.848
194.857
201.975
213.476
196.876
194.123
195.289
203.908
199.564
194.744
194.641
195.39
205.89
195.467
197.31
196.723
196.7
207.917
196.11
196.81
194.949
193.978
215.552
196.101
197.982
193.944
207.406
197.454
194.282
194.277
196.086
208.324
196.369
194.037
195.49
194.36
206.814
195.074
196.902
195.353
194.974
208.88
196.056
196.666
195.834
204.348
199.66
197.65
195.966
208.375
210.755
195.801
194.167
193.248
195.707
194.525
193.061
192.709
219.62
198.056
196.618
190.008
189.478
230.643
236.65
214.583
216.506
213.325
227.77
217.449
214.727
219.45
210.838
207.239
188.796
184.766
186.083
210.481
215.304
192.487
192.546
190.347
201.317
192.7
190.42
190.35
190.794
199.105
194.306
190.608
189.478
189.142
203.661
194.724
193.238
190.1
193.121
204.845
194.958
193.392
189.899
191.219
207.583
193.978
193.331
190.273
191.467
202.917
190.815
190.775
190.789
190.103
205.274
188.748
190.841
188.982
189.154
207.446
192.041
190.312
191.414
188.432
194.948
190.591
191.151
189.033
199.958
191.916
189.996
189.139
190.949
203.626
191.039
189.548
192.302
189.084
201.537
192.155
191.245
188.733
189.418
220.567
197.19
190.912
192.826
189.996
201.565
191.968
190.182
187.867
189.731
242.534
194.183
193.299
189.424
199.445
187.776
185.714
196.91
212.056
227.555
226.36
320.866
188.245
199.796
184.112
184.645
186.333
185.257
194.664
187.617
185.328
184.372
183.827
188.033
187.175
185.037
183.729
185.18
198.697
187.462
186.558
187.604
186.507
200.712
188.983
186.321
185.187
184.572
194.577
187.175
185.936
186.171
183.808
189.434
187.237
185.502
184.994
185.13
197.052
186.928
184.234
186.494
184.961
195.68
186.778
185.747
186.271
186.31
196.03
187.743
185.134
185.888
183.524
199.83
189.92
185.379
185.136
187.066
196.625
186.807
184.387
185.012
185.725
199.638
186.637
186.131
185.611
185.605
197.567
191.5
209.1
176.936
170.312
183.686
173.29
170.694
170.059
179.88
188.866
227.457
197.161
194.846
194.329
207.653
195.851
195.075
191.557
194.941
239.66
213.798
224.249
238.034
233.806
225.571
224.922
221.399
224.751
198.3
193.169
217.559
216.08
225.418
209.949
219.154
225.996
272.708
270.293
271.963
270.012
291.632
276.013
272.901
285.771
272.394
269.366
266.661
284.293
269.215
267.416
282.071
273.262
268.795
270.753
281.671
270.557
265.327
310.583
270.06
267.364
283.406
273.924
266.763
268.425
286.369
214.585
202.061
340.955
222.763
201.469
270.605
249.229
291.475
271.448
275.139
308.18
268.815
270.326
266.391
292.03
270.333
267.017
280.737
269.329
242.011
205.614
218.639
206.222
221.626
204.756
196.043
208.05
203.001
203.488
200.19
225.435
204.416
203.592
202.11
200.271
217.684
196.144
190.751
190.22
200.704
192.555
190.837
189.41
189.149
212.052
194.642
193.731
194.927
193.43
217.874
192.469
191.111
190.046
189.718
205.413
190.486
190.706
190.767
188.018
207.979
190.416
188.632
189.968
188.412
208.515
193.46
192.28
192.193
199.583
188.969
191.538
192.915
192.114
225.121
202.203
196.483
194.863
193.767
205.511
194.682
191.698
192.695
192.255
208.086
193.084
190.925
193.223
197.151
208.025
194.249
191.928
192.973
205.427
192.982
193.274
193.412
192.432
198.207
192.633
192.783
193.284
192.603
207.837
193.956
192.459
192.977
191.68
205.857
193.972
192.258
192.275
194.14
203.797
194.473
191.981
191.62
193.464
203.215
193.644
193.919
192.666
208.165
193.692
193.021
192.914
192.104
203.235
194.64
193.081
193.507
191.977
202.086
192.903
190.274
190.738
192.542
209.147
194.436
193.21
192.316
192.282
202.999
194.189
195.153
192.779
193.057
208.656
192.902
192.603
191.9
205.328
304.329
204.095
194.672
194.001
205.295
195.861
192.579
193.026
206.246
195.215
193.902
193.347
193.2
205.06
193.141
192.739
195.734
193.4
205.406
194.163
192.733
191.963
191.803
204.536
195.281
193.105
194.047
192.48
208.844
194.483
191.958
192.87
193.932
196.365
194.998
192.829
192.676
205.511
193.319
192.096
193.41
193.358
205.977
193.06
193.009
193.644
193.073
206.598
196.898
197.255
193.424
193.291
205.833
193.161
193.548
191.948
193.524
208.986
193.749
193.408
192.131
205.872
194.12
191.999
193.09
192.56
217.29
195.322
193.625
194.724
192.231
204.255
195.947
193.538
195.208
193.335
204.242
195.031
192.216
193.319
193.855
207.376
196.509
193.154
193.117
205.461
194.618
193.864
193.899
195.195
207.022
193.942
193.558
193.008
193.45
204.348
195.102
193.963
193.908
192.91
198.197
194.107
193.136
193.304
194.374
208.366
194.487
193.702
192.739
204.776
195.316
192.694
195.64
193.277
203.662
195.055
193.141
194.935
192.883
204.631
196.181
192.956
194.089
192.589
209.224
194.263
192.284
194.14
194.192
208.719
194.333
193.31
193.561
204.617
193.01
192.78
193.655
194.707
199.599
194.732
193.177
192.759
192.552
205.167
194.41
196.294
193.608
193.004
207.553
193.505
193.725
192.359
193.19
209.488
193.689
194.444
193.656
193.857
195.493
202.438
229.358
208.237
222.153
203.352
203.824
202.699
204.186
222.314
204.75
204.55
201.586
217.29
204.709
202.691
202.073
203.332
216.158
205.496
203.753
203.432
216.672
206.066
203.436
202.899
205.15
217.35
204.609
204.629
204.037
212.733
206.46
244.083
256.834
264.898
256.482
255.172
253.094
233.61
202.3
203.106
203.036
203.189
215.307
204.125
204.706
204.315
216.195
203.764
204.224
202.43
201.544
220.026
205.692
205.596
202.38
215.256
204.613
203.875
204.085
200.414
216.416
203.266
201.951
202.183
202.474
218.282
203.857
202.194
202.976
218.486
202.88
201.27
203.004
204.482
249.565
214.083
221.695
222.687
226.755
214.912
191.717
188.869
196.235
211.731
188.382
189.11
195.24
214.617
215.268
179.532
180.414
176.397
185.454
182.33
178.08
176.361
177.645
177.377
189.568
174.708
172.812
173.157
172.73
200.356
182.849
180.677
179.333
179.061
194.657
185.247
181.808
181.99
186.808
200.098
185.066
181.514
180.872
179.246
191.784
178.895
177.274
177.225
173.298
192.037
187.776
179.523
181.114
181.241
180.542
185.923
180.457
180.73
181.725
179.921
204.394
185.02
185.959
183.858
184.831
193.605
179.728
180.288
179.57
178.007
213.078
198.04
196.327
193.562
193.532
199.84
193.307
194.907
193.866
210.967
196.669
193.521
194.757
194.484
206.852
196.206
195.596
193.18
194.928
206.772
195.059
194.991
194.333
194.751
208.033
206.934
226.79
213.522
200.766
169.882
166.704
164.4
166.193
166.292
202.964
167.989
166.548
179.856
165.75
171.481
164.605
165.7
164.735
163.799
163.728
175.479
164.879
164.712
165.16
165.38
177.61
165.338
164.176
164.24
163.329
163.421
180.638
165.516
165.33
163.7
164.117
174.56
166.77
164.752
165.222
166.096
163.886
183.977
166.402
164.829
164.41
163.964
176.08
166.659
164.879
164.264
163.98
165.122
176.911
165.411
167.035
168.181
184.112
179.034
166.105
167.119
164.137
164.511
166.226
178.106
166.069
174.53
166.403
166.268
178.729
166.556
165.516
165.255
165.011
166.01
189.357
167.175
165.311
166.083
165.035
166.102
168.114
164.896
165.387
165.353
163.372
175.876
167.549
165.676
165.005
164.899
163.314
179.849
163.549
164.13
167.048
166.71
174.509
166.476
164.526
164.484
163.812
166.018
183.966
168.765
165.221
163.979
165.44
177.759
169.412
165.161
165.537
164.743
166.022
179.666
166.093
166.43
164.481
163.905
179.639
167.721
166.186
165.516
165.333
165.395
185.248
167.498
167.03
165.948
166.056
178.987
167.933
167.117
164.334
167.161
166.018
179.68
167.907
164.903
165.477
165.266
163.368
180.84
167.074
167.27
166.328
164.611
186.632
168.395
166.82
166.151
166.974
165.463
179.092
165.621
166.322
167.294
165.187
180.111
167.673
166.965
165.468
165.651
164.578
180.689
167.234
166.259
169.42
169.461
185.905
170.917
167.565
167.699
165.516
166.246
178.664
167.936
166.484
165.861
166.81
179.745
166.356
165.978
168.274
167.546
167.585
189.471
166.641
167.158
165.765
165.276
187.004
170.653
167.921
166.628
166.698
167.237
179.233
166.118
166.539
167.598
167.949
180.439
168.22
166.707
166.075
165.958
166.61
179.398
167.453
166.737
165.573
167.826
186.662
171.416
167.332
167.123
167.513
167.231
183.269
167.646
167.765
165.58
167.579
180.437
170.388
166.639
167.131
167.468
165.837
178.972
168.19
166.502
166.908
167.067
187.793
170.601
168.25
167.565
168.054
168.037
171.435
168.785
168.124
167.354
166.536
180.474
168.779
167.733
169.269
166.798
166.529
171.793
167.256
166.56
167.953
168.184
180.616
168.1
166.523
168.051
166.86
166.826
182.44
176.866
167.683
167.568
166.908
190.259
170.162
169.464
167.429
169.046
177.12
167.853
167.354
167.533
167.583
167.639
183.529
170.78
169.631
168.078
166.752
180.545
168.629
167.074
168.521
168.484
167.772
181.116
168.454
168.673
168.227
167.402
183.576
169.053
168.821
168.601
167.459
168.488
177.464
166.079
166.64
167.041
166.863
176.342
173.04
168.505
167.817
167.435
168.357
183.04
167.943
167.348
168.628
168.328
179.94
177.026
170.262
168.452
168.197
168.668
179.889
169.6
166.136
168.864
169.681
179.693
174.356
168.839
168.488
169.167
169.822
183.107
170.359
169.705
169.401
169.369
188.06
173.149
168.461
168.253
169.699
169.544
183.254
169.243
169.636
169.044
167.929
184.193
171.262
168.585
217.531
187.063
193.397
189.428
199.784
192.269
194.187
206.204
193.315
190.217
244.147
246.487
240.901
240.135
245.488
260.95
244.559
239.941
241.367
255.076
242.785
241.518
241.121
242.879
239.821
240.715
239.073
246.376
239.917
240.236
240.989
242.382
242.952
240.528
241.193
253.75
245.034
241.418
245.782
257.909
241.265
243.183
240.873
246.751
239.223
243.115
256.264
244.502
239.577
239.905
255.91
245.2
239.311
241.716
258.846
243.8
240.062
242.023
237.49
241.719
240.432
245.222
256.002
245.191
226.579
244.585
247.286
241.295
239.65
244.214
242.705
243.43
244.544
240.809
252.501
243.359
241.609
256.804
292.929
230.227
209.385
203.472
220.305
205.665
203.042
203.313
213.257
206.076
204.345
202.821
202.56
215.181
202.49
204.002
202.798
203.409
219.731
203.602
201.502
202.935
216.556
205.74
202.477
201.016
202.687
217.358
205.407
205.533
202.106
213.063
206.404
204.071
203.277
202.654
219.974
204.448
202.177
202.935
202.158
226.49
204.612
202.269
203.09
215.433
203.577
201.722
201.855
203.274
215.667
203.041
201.833
202.183
210.281
204.649
203.647
201.806
202.805
216.586
204.268
204.631
200.679
204.486
204.669
203.297
201.381
203.554
213.328
204.901
201.512
201.785
206.2
217.656
203.967
202.585
201.133
203.981
222.408
204.158
202.624
201.415
208.413
205.304
203.851
201.233
212.308
217.719
202.864
202.681
204.937
202.817
205.181
202.567
203
201.153
219.608
196.312
196.75
194.012
193.211
204.984
193.858
193.16
193.019
195.806
205.735
193.271
193.353
192.595
192.766
203.024
194.021
193.779
192.94
209.07
196.352
192.809
192.774
192.486
203.491
192.91
193.798
192.672
192.452
205.204
193.471
189.942
191.606
190.257
198.892
193.739
192.011
194.086
190.033
211.326
193.545
192.376
192.526
202.186
195.259
191.737
191.391
193.019
203.936
193.777
192.663
192.502
191.489
205.619
192.654
190.898
192.826
192.294
208.006
193.157
193.8
191.704
195.445
209.806
193.952
193.965
193.531
191.272
210.096
194.045
191.695
191.329
204.278
196.643
193.494
192.582
191.71
204.72
194.58
192.462
193.532
192.121
205.809
194.056
193.524
194.297
193.296
202.556
196.468
193.734
194.515
191.087
206.189
194.66
190.875
192.549
192.802
211.403
194.434
192.111
192.728
204.331
194.059
190.432
191.854
191.49
240.515
263.752
187.981
181.722
181.467
196.549
187.069
186.838
185.758
184.582
204.477
188.113
184.853
184.964
185.228
197.752
187.9
187.237
186.06
185.866
197.662
185.608
186.209
186.71
185.855
199.4
185.688
186.347
185.75
186.182
201.755
185.698
184.97
185.815
185.365
202.35
185.532
184.901
185.692
186.18
198.195
187.246
185.085
185.475
184.252
197.53
186.916
186.108
184.431
186.287
205.104
188.679
184.796
185.725
186.57
197.12
188.224
187.56
186.066
186.36
202.427
187.235
186.384
186.788
185.975
197.454
186.925
186.968
184.603
185.181
203.443
187.794
185.629
186.297
186.07
205.261
186.035
186.293
185.665
187.325
197.117
186.898
185.124
186.006
186.076
202.646
188.279
185.434
185.959
187.719
203.677
188.198
185.266
185.01
188.017
201.746
189.291
186.751
186.263
187.148
197.437
188.769
187.416
187.858
186.222
197.996
187.163
186.498
185.485
186.216
204.533
187.048
186.249
187.049
186.612
200.118
186.861
187.069
186.868
186.522
205.295
188.209
187.518
186.236
187.028
205.312
190.694
186.139
185.709
185.418
196.986
189.488
185.473
184.877
186.533
198.494
186.442
181.974
203.269
185.885
206.662
183.84
183.735
184.172
183.133
201.199
183.48
182.985
182.077
182.715
201.103
183.012
184.307
182.274
183.262
200.75
185.535
182.889
183.517
184.252
201.62
186.888
183.65
181.752
188.134
199.44
187.958
184.241
183.082
182.907
194.844
187.563
182.029
184.022
183.861
197.32
184.428
182.621
182.351
182.644
195.492
188.576
184.763
184.448
182.86
181.759
187.696
184.381
182.296
294.705
216.054
187.356
184.164
184.144
184.536
195.175
183.76
183.757
183.752
184.238
193.235
184.793
183.219
182.19
183.218
202.288
190.04
186.636
184.79
183.887
202.017
186.82
182.864
183.219
184.056
194.714
185.114
184.01
184.007
183.205
194.771
185.204
185.885
185.298
183.957
193.706
184.03
183.968
184.035
183.86
195.198
187.873
184.861
183.72
184.401
183.283
196.203
183.312
183.937
184.726
184.525
191.644
184.051
184.174
183.235
182.862
200.465
184.354
185.211
183.635
182.848
194.922
183.276
182.36
183.786
185.081
197.194
186.423
182.838
183.767
182.697
196.06
184.747
198.823
187.123
184.09
196.476
201.831
183.039
183.765
184.39
197.334
185.16
183.245
182.751
183.843
203.993
183.713
185.175
184.579
183.309
195.882
183.816
182.855
182.164
213.404
230.321
220.454
245.855
273.157
275.05
271.81
272.831
271.882
275.857
277.863
271.416
288.411
274.613
278.973
286.85
274.38
270.083
272.294
287.911
270.023
272.361
286.731
274.466
272.703
283.386
275.196
275.356
275.716
290.07
273.651
269.839
286.3
276.04
275.824
272.065
272.919
274.296
269.891
208.598
204.687
199.483
199.77
200.075
214.032
213.117
201.524
196.639
198.209
213.362
201.067
198.511
198.538
207.27
200.636
199.308
198.832
199.53
208.991
199.349
199.119
199.105
199.514
211.281
199.744
199.099
200.763
209.076
201.803
198.266
200.398
199.629
214.11
201.144
199.25
197.701
199.149
213.181
200.244
198.297
197.952
213.378
203.665
200.714
199.192
200.643
216.195
199.346
198.381
199.382
199.095
214.593
200.895
198.741
199.887
247.934
203.199
228.138
201.445
199.948
214.967
199.596
201.267
198.612
208.739
202.98
200.736
199.467
200.411
214.309
201.815
198.526
199.246
199.89
215.973
200.718
199.677
198.153
205.1
226.817
221.845
215.3
223.5
237.779
207.078
204.543
213.889
224.058
207.332
212.083
215.639
213.561
208.348
215.349
207.446
203.237
228.823
206.153
204.435
215.359
193.361
194.447
201.295
185.509
187.071
202.221
193.321
186.687
185.744
185.98
202.297
188.269
186.11
185.752
185.749
200.104
187.761
185.848
185.718
185.984
197.32
194.01
188.044
187.246
185.716
196.104
192.231
186.293
186.882
188.354
198.39
189.541
188.94
188.631
188.689
192.687
187.524
185.706
185.864
186.51
196.236
188.366
185.554
185.617
185.722
195.647
191.028
189.491
186.601
196.268
204.983
188.462
188.793
189.357
188.068
202.3
189.465
189.344
188.128
187.368
201.873
188.084
185.752
186.634
184.815
205.926
192.028
188.121
189.401
189.873
207.817
192.385
189.989
188.088
187.202
204.323
188.255
190.838
190.471
186.908
202.528
184.928
184.291
183.355
181.782
205.942
188.964
187.187
187.155
186.549
208.843
188.453
188.624
187.854
188.057
204.06
187.6
187.691
187.9
187.707
201.96
189.695
187.608
187.091
185.782
205.274
190.737
187.094
187.967
186.879
200.886
189.773
186.965
188.092
186.657
190.299
188.709
191.93
189.457
200.847
192.327
187.713
188.694
186.802
199.533
193.29
187.834
189.511
188.68
200.502
194.55
189.972
189.364
191.517
210.763
192.03
191.615
190.24
191.276
201.725
189.398
191.094
189.388
190.28
203.808
193.235
191.235
190.07
191.453
197.933
192.244
191.5
190.26
191.253
205.054
192.081
191.551
191.837
191.416
202.607
190.688
192.131
190.961
200.991
193.228
191.713
192.69
191.688
201.578
193.111
190.952
194.23
192.633
208.729
192.525
190.693
191.049
191.042
201.063
191.352
190.244
191.376
193.141
197.399
189.872
189.127
189.963
197.076
227.229
206.848
202.246
201.695
211.229
203.359
200.225
198.697
199.265
210.376
202.717
200.779
198.631
200.088
212.904
198.106
198.857
198.909
208.576
204.074
199.603
198.517
199.984
209.433
199.597
197.475
198.336
221.752
219.046
207.78
205.247
203.86
215.196
202.33
218.712
315.796
196.228
191.606
186.769
184.24
184.588
202.67
189.09
184.402
184.044
182.751
227.977
211.424
199.004
195.368
193.196
206.821
193.016
194.106
194.216
191.497
211.483
195.897
196.432
194.053
194.639
195.878
196.347
192.964
192.376
208.683
197.95
194.735
195.027
192.817
205.86
197.013
194.493
194.846
193.725
204.405
197.348
194.713
194.938
193.596
213.966
196.372
194.02
195.262
205.741
195.572
198.979
193.872
193.565
208.495
197.07
202.909
203.881
200.595
210.651
194.658
195.923
196.162
196.134
207.082
195.057
196.061
194.048
204.997
195.529
196.327
195.887
196.813
208.45
195.189
194.064
195.373
194.54
209.266
195.977
193.377
196.694
194.032
213.569
194.71
193.145
196.135
203.813
197.662
194.504
196.796
195.584
201.966
196.898
194.581
193.741
195.874
205.99
194.185
194.314
193.557
197.013
219.212
208.543
196.586
197.066
245.524
247.368
233.771
244.41
256.368
245.229
243.001
243.792
289.809
212.239
197.752
196.868
241.101
247.122
246.835
246.42
256.046
245.482
245.136
242.979
265.177
245.83
244.977
243.175
259.924
242.724
241.75
259.876
248.632
243.115
244.492
253.297
246.937
243.015
241.064
263.996
244.207
245.147
244.726
245.719
234.604
244.461
241.09
259.149
244.312
243.057
256.021
212.628
227.834
243.422
252.675
247.868
235.5
233.806
256.752
233.315
233.372
233.887
257.474
246.27
245.84
245.789
263.089
212.944
198.922
199.135
245.518
247.537
246.083
245.502
247.688
242.993
239.165
240.757
256.032
247.184
243.819
247.563
260.357
245.074
245.812
243.596
261.91
236.777
245.207
257.493
248.901
244.959
242.918
249.243
246.152
245.208
233.812
246.886
275.817
247.009
226.645
232.592
214.678
215.407
241.896
264.071
205.776
202.132
203.415
262.465
239.313
235.74
233.442
248.583
236.613
236.302
233.761
241.857
235.548
236.236
237.521
247.734
237.858
210.347
209.988
205.107
227.306
206.711
210.156
209.157
220.146
208.285
206.826
206.644
204.485
219.585
208.812
206.527
207.686
220.234
206.541
206.795
207.506
207.908
219.894
207.61
206.14
206.428
221.728
207.305
207.53
205.749
206.728
221.214
210.01
206.805
206.745
221.859
206.768
208.318
209.403
206.05
219.563
206.24
206.732
208.169
224.739
194.493
195.96
196.105
194.544
211.435
197
195.887
195.076
195.335
210.404
194.764
195.7
195.188
207.44
197.398
194.006
194.26
197.34
211.864
197.991
197.079
195.183
195.153
210.126
196.576
195.878
194.997
197.578
208.463
196.708
194.276
194.382
205.624
196.565
195.824
194.249
193.809
212.591
197.073
194.889
195.012
196.642
212.053
197.986
195.873
193.07
195.723
210.233
196.913
196.279
194.744
196.137
196.044
197.461
194.778
194.269
213.388
198.534
195.235
196.041
193.882
207.108
197.421
193.74
195.64
195.554
209.421
196.84
196.161
196.15
204.143
196.899
195.4
201.03
197.776
215.756
198.173
197.89
195.161
194.825
208.425
196.99
196.274
197.572
194.29
206.367
196.251
195.998
195.813
199.43
196.381
195.352
195.837
194.594
212.823
196.753
194.707
197.744
195.794
207.173
195.954
195.89
197.054
195.804
210.788
195.884
195.642
197.786
204.137
197.094
195.43
195.527
196.673
217.32
195.573
196.593
195.541
195.757
211.044
196.883
194.352
196.021
195.656
206.345
195.292
196.206
196.712
204.763
196.845
196.622
195.31
196.038
213.128
198.811
195.397
193.424
195.164
210.968
196.6
196.57
195.078
195.891
211.329
195.583
195.283
195.43
205.996
196.432
197.111
196.645
195.166
203.436
197.822
196.758
196.295
195.791
211.467
198.396
196.199
194.601
195.729
210.61
196.467
196.72
195.175
206.414
197.3
196.708
195.085
197.237
208.989
196.356
195.551
196.907
196.622
210.952
196.7
197.706
197.06
195.497
209.22
197.371
196.134
194.781
205.804
200.214
198.33
197.645
195.497
205.414
218.409
183.412
179.59
178.817
192.632
182.685
182.341
181.343
181.331
194.712
180.837
180.583
180.456
178.068
193.897
180.426
177.559
178.541
178.877
189.572
180.281
180.007
177.519
178.724
180.38
182.561
180.001
179.728
180.354
177.173
194.664
181.2
181.292
180.565
180.392
224.988
212.083
206.283
204.204
221.964
208.101
203.832
204.436
206.057
218.956
205.169
205.221
204.911
216.596
205.846
203.679
206.084
203.237
217.014
206.117
203.335
202.631
203.714
219.012
204.43
203.392
203.662
214.608
205.473
202.375
202.461
202.584
208.968
205.486
206.049
204.526
214.608
205.709
699.057
270.889
188.536
184.084
183.103
197.853
186.689
186.003
182.424
183.565
198.611
183.257
205.974
193.972
189.978
240.842
253.984
246.77
239.004
250.417
187.343
187.472
184.272
184.769
197.812
188.613
187.112
183.313
186.224
194.955
186.564
185.383
184.179
185.627
198.802
190.042
184.748
185.173
184.289
198.791
184.73
186.333
185.818
184.943
199.39
185.097
185.117
184.482
185.206
201.635
187.62
185.542
185.43
185.293
196.901
188.676
184.478
186.472
189.438
198.71
187.295
185.562
185.54
185.414
198.67
187.68
187.091
185.632
187.656
198.453
189.094
185.05
184.169
186.012
199.159
186.973
185.736
184.498
192.432
239.184
229.4
231.34
204.171
215.061
201.054
203.803
198.608
198.387
218.681
199.824
202.023
199.64
211.944
201.926
200.453
201.02
199.824
212.141
202.764
198.296
205.765
200.047
215.727
201.638
200.128
203.723
220.182
196.927
193.318
191.376
190.895
205.037
193.147
193.388
201.167
199.3
236.843
207.683
188.889
182.162
191.933
205.89
246.284
230.169
215.943
224.086
208.865
208.553
212.662
212.077
202.707
264.689
265.929
276.055
266.13
262.167
236.182
219.001
235.891
266.737
262.504
272.203
265.71
246.449
217.174
231.795
219.702
200.628
195.822
240.255
264.636
256.049
231.867
248.81
261.722
254.441
201.259
255.823
232.064
230.072
197.081
205.53
194.2
232.384
197.705
190.459
197.202
191.93
258.601
232.953
208.669
194.237
192.449
191.294
191.012
207.569
191.828
192.954
194.266
202.292
193.711
192.329
192.136
192.612
205.685
195.008
192.589
192.796
232.45
247.629
232.883
196.868
207.463
227.413
198.441
192.028
194.297
192.489
206.159
192.908
191.301
193.154
193.885
202.026
194.137
194.111
192.035
194.273
202.77
192.91
193.68
193.281
205.866
195.103
192.331
192.459
192.302
205.839
194.534
193.535
193.641
192.711
239.854
233.292
196.753
193.914
194.296
236.989
205.903
194.531
261.171
245.566
199.623
194.751
193.938
205.388
196.255
193.803
193.368
193.736
206.775
195.794
192.864
192.655
193.421
196.925
193.532
193.066
192.146
194.357
211.298
193.23
194.24
194.161
193.514
196.486
194.758
194.544
197.311
200.48
195.162
193.475
193.626
192.239
260.162
235.638
231.266
203.469
221.358
218.468
243.366
268.916
292.552
239.359
208.837
237.695
280.646
270.134
270.817
282.764
239.359
204.917
202.006
203.704
206.655
201.611
202.941
201.803
201.144
218.18
200.793
200.03
202.675
218.036
204.601
202.715
200.747
201.771
209.412
202.428
201.852
203.249
201.07
206.787
201.993
201.846
201.081
216.789
203.529
201.051
205.391
201.505
212.679
203.229
201.061
202.414
214.044
203.202
201.849
202.05
201.616
213.383
205.078
201.5
202.471
202.357
219.707
202.816
201.271
201.945
217.684
207.577
201.469
201.406
202.609
215.677
202.02
203.069
205.521
202.131
229.291
238.621
175.526
171.673
180.792
172.422
170.732
170.016
169.785
169.989
183.392
170.841
169.966
169.173
169.809
183.421
173.204
169.816
170.485
168.411
167.898
183.974
170.095
169.448
171.509
168.497
183.43
171.637
168.506
171.208
172.959
171.263
174.634
171.781
168.392
170.182
170.196
184.158
170.862
170.952
167.537
169.775
181.184
170.443
168.949
170.63
169.866
169.438
184.937
169.529
169.854
180.438
170.514
181.514
173.081
182.771
198.789
173.231
183.229
203.262
198.586
197.063
194.787
208.579
194.077
193.819
193.397
193.906
211.071
196.703
194.594
192.321
193.866
209.428
196.296
196.194
194.263
205.469
200.817
195.373
195.878
196.218
205.725
195.129
333.184
208.773
206.811
195.641
192.342
191.313
193.924
204.489
203.196
193.743
192.448
191.239
209.563
191.602
198.501
197.388
205.331
198.38
200.75
196.285
208.673
239.931
237.762
199.992
198.516
190.53
186.392
186.209
203.794
199.059
191.036
188.195
197.119
204.691
257.098
244.691
243.624
195.985
211.658
193.402
191.937
191.754
191.698
203.938
193.275
192.834
188.714
189.97
210.13
188.219
190.408
190.491
189.135
200.043
191.029
188.556
189.174
205.986
204.058
197.485
197.421
185.474
180.274
186.438
183.483
182.247
182.689
182.871
196.259
182.06
182.158
180.578
182.405
200.336
183.269
180.376
210.088
224.889
189.906
188.111
187.41
188.142
197.671
188.546
186.718
187.048
187.36
197.548
187.186
188.261
187.817
187.239
198.51
189.198
216.047
189.056
193.837
201.13
183.777
183.824
182.357
183.106
197.705
183.918
182.321
184.826
183.425
194.879
185.106
181.608
182.303
182.891
193.863
184.031
183.891
181.632
183.065
196.552
185.482
182.564
181.906
182.069
194.547
183.791
183.469
181.946
182.544
192.889
197.769
197.3
212.725
203.589
202.915
197.531
204.565
237.244
210.491
198.012
209.758
298.531
239.734
169.632
163.68
163.039
162.023
161.391
177.297
162.524
162.496
160.976
161.947
159.93
173.521
161.09
160.112
158.745
160.432
212.592
189.134
164.857
161.988
162.395
164.067
183.871
164.251
162.768
162.126
160.634
173.38
164.562
165.758
166.202
163.442
161.525
175.262
161.805
162.526
160.808
161.846
160.363
184.432
161.946
161.478
162.624
162.213
167.073
165.584
161.297
162.703
161.706
161.455
171.737
163.963
160.553
161.13
162.123
183.851
198.059
178.184
176.53
176.21
176.742
188.301
175.469
177.211
175.715
177.143
195.948
178.257
175.906
177.894
175.259
181.316
222.964
178.928
184.76
193.919
190.481
184.041
191.009
196.155
196.989
208.533
196.489
196.388
197.885
197.716
210.177
195.663
194.153
194.495
207.627
196.33
194.904
195.012
210.233
197.418
196.835
194.173
198.895
276.146
190.435
183.075
180.699
202.02
181.321
182.712
180.777
181.999
192.997
184.172
182.116
181.374
179.35
199.446
181.936
181.15
182.059
183.085
191.031
182.38
186.109
183.656
181.41
198.344
183.539
183.012
181.771
182.17
193.822
185.442
179.484
183.4
179.933
198.498
185.385
182.721
180.362
181.762
194.814
180.853
182.132
185.094
183.054
198.106
184.516
182.375
181.726
182.226
179.523
187.016
183.373
184.047
182.333
183.668
189.013
183.052
182.33
182.203
181.634
196.747
182.831
183.303
182.444
183.307
199.165
185.148
181.536
182.628
183.941
193.096
183.259
182.714
180.465
183.797
196.88
183.006
184.763
183.804
179.628
197.464
181.421
226.493
215.635
202.387
211.256
198.778
196.399
199.218
210.914
202.622
195.96
197.535
196.759
215.218
197.962
198.129
196.512
197.073
210.209
198.819
196.823
198.516
207.9
198.949
197.869
196.369
195.569
213.487
200.634
197.433
197.316
198.049
208.769
200.228
196.932
198.425
197.433
210.306
196.255
200.091
197.482
203.824
198.249
198.73
197.48
197.619
210.067
198.625
197.027
197.341
195.406
213.13
197.761
197.301
198.323
212.239
201.022
199.486
196.081
197.191
213.234
198.271
197.665
199.362
196.736
214.059
199.693
199.121
196.905
199.699
201.956
200.194
198.111
201.391
211.918
200.201
194.774
215.223
202.176
209.214
195.099
197.05
193.223
196.294
196.633
193.107
190.841
194.42
196.386
196.185
193.676
195.86
194.359
209.073
193.307
201.301
195.844
192.142
204.361
195.803
190.387
194.11
191.788
197.568
192.081
193.788
190.952
193.193
213.638
192.318
191.151
194.772
192.921
195.283
191.804
192.926
191.422
204.318
194.377
192.916
190.919
194.335
203.491
193.081
190.6
191.87
191.68
211.392
193.629
193.091
190.363
191.647
205.866
192.542
191.773
194.252
190.942
198.407
190.584
191.815
189.665
218.458
211.066
194.772
194.798
193.698
203.166
193.05
188.9
190.026
197.602
211.124
192.438
188.769
185.775
192.574
245.686
183.186
168.642
171.175
168.451
181.504
170.354
169.307
167.954
170.799
166.917
185.25
169.412
170.23
168.568
170.572
190.53
175.616
170.119
169.019
169.268
170.225
171.638
170.2
169.809
168.804
169.515
185.183
169.948
172.756
173.077
170.19
180.585
171.734
168.186
170.433
169.127
170.434
184.065
171.215
166.808
170.273
168.149
185.698
173.618
171.202
167.807
171.47
170.754
184.636
168.793
171.24
168.177
170.922
181.555
172.185
169.796
170.103
168.925
170.988
182.868
170.469
168.866
171.346
168.952
186.083
171.851
171.319
171.189
171.787
179.546
173.177
172.408
170.366
169.271
172.228
183.92
172.732
169.975
170.17
168.729
204.209
197.187
208.447
191.661
194.728
235.593
221.264
190.821
188.022
196.109
189.377
188.444
186.522
185.641
197.368
189.789
188.66
185.612
186.51
198.303
189.382
187.988
187.59
188.879
198.36
188.224
187.854
186.531
186.838
198.026
190.612
186.631
186.603
186.649
197.437
188.578
186.6
188.025
189.701
203.508
190.61
186.37
185.944
187.099
201.902
189.368
188.114
187.65
184.891
197.725
186.183
184.931
186.499
184.305
197.174
187.193
186.702
186.015
186.368
198.09
192.336
186.915
186.731
188.321
202.007
186.134
181.731
181.271
181.861
193.464
185.355
180.893
181.515
179.83
194.887
183.482
181.906
180.359
181.966
193.217
184.923
180.832
205.662
206.219
225.287
182.423
194.143
182.184
200.085
184.685
182.697
181.389
205.431
215.364
205.894
203.867
204.077
215.125
185.512
181.803
205.802
203.579
221.627
205.257
206.419
203.937
223.774
227.44
207.064
192.372
189.711
210.236
192.165
190.547
190.466
189.876
204.275
187.698
191.076
190.805
189.859
203.308
189.891
188.266
189.538
189.388
205.501
189.469
192.558
188.428
196.061
207.638
191.59
188.356
190.732
197.852
188.522
188.973
190.694
189.222
197.337
189.622
191.47
190.471
189.015
199.931
192.315
188.857
192.191
189.65
207.927
193.548
191.232
187.443
189.271
202.811
191.714
189.454
189.936
187.843
200.823
187.427
192.318
223.978
198.176
218.162
202.354
200.111
200.916
212.675
204.011
200.151
203.55
202.703
216.038
202.584
200.654
198.78
199.697
211.761
202.374
198.928
200.955
210.495
202.454
198.754
199.34
240.863
263.283
206.303
196.008
193.007
198.87
185.724
184.558
185.514
182.476
194.87
183.859
182.608
181.549
180.89
196.545
186.202
182.83
180.668
180.831
181.845
193.985
179.978
181.427
181.871
182.139
191.275
181.849
182.881
181.329
179.883
194.656
182.463
181.928
182.073
182.042
199.853
183.017
180.342
180.475
181.14
195.931
181.316
180.623
182.549
182.35
196
182.349
180.861
181.183
190.754
231.4
211.185
208.214
209.597
216.278
224.976
213.906
224.92
194.002
201.958
189.909
189.635
188.756
189.709
201.785
191.433
191.253
191.807
190.132
205.566
190.159
188.566
190.014
190.159
200.682
192.516
188.649
188.108
188.67
202.279
189.013
189.575
188.475
192.967
201.226
188.94
188.789
190.357
191.088
205.227
190.651
192.098
190.838
202.156
191.794
188.796
195.035
191.707
201.795
190.357
190.043
188.384
188.646
201.461
192.297
191.019
191.65
189.698
203.303
191.196
189.575
189.454
191.496
204.305
190.38
191.173
189.021
188.501
201.388
190.297
189.31
188.675
189.963
198.884
189.951
189.337
189.882
189.912
201.703
187.975
193.494
191.286
188.04
203.283
268.85
206.852
197.955
187.022
172.946
172.027
173.013
170.266
184.733
174.366
174.272
172.883
173.141
172.24
187.71
173.512
173.668
174.173
174.745
185.695
174.721
173.19
173.448
173.695
197.725
179.78
174.69
173.535
173.28
172.407
187.529
172.813
173.358
173.351
174.086
185.35
173.117
173.297
173.271
172.215
209.086
175.613
173.56
172.937
174.34
186.32
178.401
173.108
174.347
171.938
175.464
186.591
174.36
173.01
173.892
172.699
189.108
174.161
173.741
173.733
174.066
184.771
178.553
173.448
172.883
172.867
173.157
191.21
174.919
172.546
171.069
170.804
182.827
172.967
176.272
172.591
173.775
187.181
173.349
168.714
170.069
169.975
201.184
194.507
174.45
171.667
171.53
180.898
230.565
183.392
176.639
173.027
186.496
193.829
174.7
174.54
173.187
173.184
188.014
175.457
173.959
173.534
172.624
185.903
178.341
174.531
174.601
173.261
172.498
185.264
174.436
175.369
173.749
173.41
182.597
174.306
175.028
174.528
173.855
183.968
173.29
174.393
175.697
173.385
172.649
189.535
173.744
173.424
