315.819
281.81
281.021
200.441
195.734
222.861
202.766
218.713
218.207
196.342
198.511
175.412
179.626
177.92
176.504
204.979
182.437
172.437
174.341
226.856
220.669
189.666
181.339
180.724
181.556
196.46
182.769
181.031
181.199
179.872
198.191
181.399
180.888
179.991
181.466
193.449
181.583
180.674
179.672
179.592
195.915
180.642
181.963
181.373
180.504
194.389
181.055
212.147
193.257
183.897
204.718
186.518
186.382
200.155
208.155
263.718
238.642
239.647
268.565
228.014
231.935
216.826
198.302
235.329
215.089
219.957
348.175
295.756
293.15
285.131
256.697
282.023
283.109
306.044
287.818
282.888
295.382
252.017
281.275
283.947
302.784
284.907
281.638
298.21
229.963
212.221
210.728
209.343
248.455
235.473
220.669
211.011
227.184
211.912
208.362
208.356
225.141
211.764
212.291
209.304
209.783
222.534
209.752
209.334
209.046
224.814
212.479
209.927
210.67
206.511
223.335
210.341
205.163
208.351
223.787
211.633
210.05
212.437
209.111
212.255
209.536
210.994
209.843
220.115
211.159
211.025
209.343
221.716
209.37
212.826
213.217
211.87
225.867
213.806
213.743
214.396
224.282
222.624
244.37
227.154
245.963
229.864
228.288
225.935
248.724
228.963
226.813
225.4
236.487
232.184
226.014
223.665
216.697
201.485
284.276
219.505
212.278
224.589
232.164
243.47
231.064
240.691
217.993
215.425
227.805
247.946
223.963
218.444
227.474
238.737
222.773
223.658
220.517
233.484
220.878
220.35
216.808
233.463
227.22
225.175
225.984
225.77
241.734
210.275
198.803
191.434
201.015
186.688
188.663
187.348
184.968
197.267
186.753
183.708
187.958
187.581
197.92
189.496
187.932
186.338
188.218
199.798
188.661
189.326
187.825
189.078
206.272
189.496
187.13
186.593
187.876
201.894
188.792
189.085
187.806
187.789
201.851
189.715
187.755
188.049
189.352
206.131
190.626
187.418
188.183
188.034
200.146
188.863
187.365
187.401
186.338
199.263
188.287
187.701
193.066
232.239
210.634
186.1
186.404
183.185
184.345
200.116
185.63
183.914
184.566
185.695
199.252
183.469
184.81
185.431
183.566
194.788
184.471
183.181
184.108
183.905
199.484
184.866
183.854
183.069
185.057
196.739
183.244
184.155
182.938
185.548
197.144
184.205
244.944
222.441
215.927
195.019
191.43
192.503
191.67
209.645
194.344
192.73
192.413
210.838
207.677
194.428
194.127
191.493
194.203
234.35
192.515
186.835
185.583
185.675
191.169
186.173
188.628
185.719
196.579
187.036
186.035
187
186.941
197.301
188.291
186.57
186.111
184.476
231.085
224.435
194.717
186.715
189.008
203.202
189.625
188.608
187.072
188.185
285.887
210.521
198.42
196.569
206.804
196.681
195.903
196.869
195.96
207.901
194.571
195.659
195.84
198.842
218.287
199.972
197.399
196.446
207.13
196.263
195.327
194.73
195.688
208.899
198.146
197.1
194.567
195.57
209.609
195.052
194.209
194.346
195.777
204.035
194.186
194.113
193.935
206.35
197.746
195.433
195.377
194.892
210.116
197.53
195.747
194.812
193.614
210.788
195.954
195.606
193.244
194.949
205.104
196.035
195.165
194.126
205.358
208.125
197.151
195.944
195.693
206.731
213.023
209.618
183.915
179.061
191.031
179.649
178.564
199.484
178.2
185.984
179.596
184.014
177.157
177.177
191.791
179.398
261.425
188.7
183.593
202.871
178.334
177.484
183.313
178.56
204.625
184.088
183.091
183.753
183.71
197.917
177.311
176.312
183.413
177.238
197.497
178.166
183.71
177.016
182.777
197.084
184.606
182.911
184.08
183.623
197.731
183.526
177.352
182.224
176.875
197.082
184.435
184.173
176.198
177.782
205.532
184.393
183.436
183.135
183.423
191.091
180.736
191.552
185.837
184.21
264.976
190.762
186.698
186.994
188.708
201.837
186.806
186.345
186.344
185.837
198.459
187.048
185.981
186.978
183.549
189.4
185.86
184.494
185.072
185.433
206.134
185.616
183.552
214.265
215.889
225.159
204.673
204.497
206.936
220.189
202.192
201.55
336.441
197.091
185.713
191.004
187.692
187.948
193.048
189.726
187.741
187.024
218.607
239.89
210.902
205.885
217.849
211.916
208.766
215.701
209.689
207.296
231.15
219.723
204.47
206.865
226.808
205.746
207.68
214.254
204.082
219.319
204.335
188.466
188.596
215.912
194.091
188.231
185.514
185.781
200.287
188.481
185.933
185.9
185.124
195.084
187.608
186.392
185.731
184.254
199.542
189.56
187.883
184.992
185.099
197.524
196.119
189.376
198.623
184.912
207.409
187.203
182.81
184.548
183.471
200.725
185.256
183.184
184.36
183.648
200.497
185.884
184.981
184.97
184.17
207.4
204.311
196.099
192.102
251.371
220.26
191.046
186.777
188.125
188.595
213.783
186.736
185.362
184.768
185.75
197.205
181.21
180.102
179.334
179.377
204.091
198.579
186.71
184.979
184.086
204.576
185.954
184.192
185.122
184.36
228.433
191.458
188.917
190.198
199.479
199.869
197.377
190.94
189.064
204.787
197.98
196.718
190.598
189.974
205.109
198.6
196.784
189.998
189.313
240.873
197.898
191.121
189.833
188.277
207.432
195.664
189.738
188.428
207.032
198.777
198.46
193.158
191.375
209.781
202.456
196.995
190.773
190.509
212.153
211.207
192.625
190.603
189.54
208.849
187.891
187.538
186.666
186.045
209.766
195.041
190.259
188.846
190.974
239.801
219.322
207.981
193.764
208.234
193.948
195.59
194.386
193.543
214.463
227.033
228.358
195.726
215.823
214.517
231.591
215.176
225.375
194.441
193.509
192.006
194.839
210.912
194.487
191.166
192.424
191.504
205.853
192.226
191.501
190.544
204.716
195.311
190.966
191.582
191.374
205.532
194.351
191.688
191.243
191.615
205.859
192.216
190.953
190.487
191.65
206.512
192.797
190.722
192.77
191.78
210.806
247.604
222.363
229.274
234.57
217.377
215.506
212.459
250.33
223.523
214.55
214.507
221.485
198.861
195.479
193.818
193.321
203.68
192.397
191.066
190.522
190.025
226.182
206.263
187.225
183.123
182.285
195.211
183.803
185.315
184.804
183.037
193.298
184.26
184.188
186.57
182.907
195.494
184.115
182.958
183.286
185.053
195.853
184.565
184.228
183.132
184.18
198.492
184.071
183.9
184.128
184.164
198.107
184.789
183.804
183.856
184.527
197.328
184.516
185.565
183.629
183.723
198.453
182.914
181.845
183.449
182.36
218.82
185.999
185.142
183.375
185.445
198.793
184.067
185.018
184.652
184.405
198.705
185.134
182.672
184.227
183.714
198.083
185.659
184.793
184.462
184.82
199.866
185.657
184.535
183.984
183.767
200.585
187.186
184.049
184.014
182.705
196.886
185.16
183.83
182.758
182.952
210.401
225.796
208.811
195.621
193.044
196.075
193.508
193.853
192.696
202.969
194.822
193.134
191.801
193.025
205.342
198.836
194.31
195.972
191.982
209.706
195.819
194.475
193.655
193.874
205.318
193.351
193.315
194.353
203.792
196.71
193.943
193.954
193.148
212.356
194.807
194.591
192.25
194.073
208.106
193.605
192.789
193.639
193.408
210.692
193.167
192.82
193.627
208.653
196.313
192.664
193.94
193.411
197.348
197.014
193.967
192.332
193.932
204.305
194.905
208.398
229.638
205.596
252.83
195.326
190.761
192.938
213.095
193.675
192.092
193.038
194.177
207.829
194.19
193.164
194.484
191.995
207.553
191.885
357.397
197.007
212.256
192.871
193.462
194.051
206.676
195.026
194.438
192.128
192.172
196.076
194.746
191.102
199.921
214.819
227.849
209.836
211.454
206.487
219.658
211.534
198.989
192.079
192.447
205.659
188.093
218.882
263.523
215.473
271.771
169.592
163.678
162.43
176.494
168.446
162.532
161.917
161.823
162.12
176.208
163.191
160.696
161.756
162.331
160.59
173.191
162.499
161.526
161.577
162.211
173.536
167.921
163.219
162.057
163.07
162.109
174.345
163.589
161.612
162.628
162.084
162.93
174.222
162.21
162.03
162.277
162.25
174.608
166.147
163.072
163.534
163.073
162.221
175.832
162.304
162.074
162.016
162.213
162.06
174.313
158.18
159.125
157.215
186.411
226.176
184.714
177.879
187.598
215.093
191.135
176.342
175.141
176.008
178.727
187.851
175.987
176.758
177.178
174.945
224.239
177.281
171.396
171.923
171.057
169.673
190.861
173.671
172.832
172.09
171.723
189.702
173.274
173.208
172.853
169.95
186.937
175.021
172.864
174.276
171.703
170.124
195.547
174.432
172.579
172.134
171.747
191.845
176.014
175.779
176.421
174.922
192.766
176.973
176.275
177.193
174.634
183.661
175.728
173.24
173.921
171.53
171.426
200.9
175.758
176.362
177.084
176.324
192.508
177.704
176.98
176.582
176.185
191.353
177.926
177.631
177.479
175.273
186.397
180.78
175.285
176.09
177.235
174.648
186.763
176.054
176.098
177.527
174.889
225.838
198.132
169.998
166.449
164.501
176.22
168
165.567
164.926
164.698
165.018
168.203
165.35
165.471
165.467
165.638
179.245
166.897
165.888
166.145
164.562
165.187
204.12
178.814
176.863
175.901
175.97
189.018
176.164
175.301
175.723
174.827
186.439
205.765
200.131
200.033
199.487
212.282
201.033
198.713
201.37
219.702
201.759
200.726
200.832
198.738
212.932
198.703
198.905
200.546
203.131
200.248
201.257
199.59
201.668
217.316
200.823
200.921
200.799
203.602
199.777
200.198
201.931
199.818
211.876
176.856
176.194
176.91
174.483
187.072
178.579
175.004
175.354
174.613
186.614
177.894
176.633
175.198
177.959
175.473
189.253
216.294
195.355
174.514
171.703
178.064
176.231
173.403
175.185
198.621
195.061
186.384
184.33
184.619
184.747
203.476
184.318
186.634
183.846
184.405
199.383
185.956
185.709
184.926
185.308
196.585
186.107
184.167
183.532
184.546
199.767
185.329
185.592
183.115
183.334
202.012
183.571
185.477
185.806
200.258
199.72
187.109
183.86
186.543
185.268
197.885
185.749
194.207
184.094
184.599
200.187
184.606
183.303
183.229
184.659
196.727
185.915
184.549
184.932
185.06
197.621
185.244
185.644
183.744
184.522
194.296
183.232
183.644
182.597
183.091
198.304
184.369
183.663
182.117
183.577
195.993
184.522
183.631
184.543
181.803
196.114
185.268
181.695
245.985
192.75
197.858
188.978
186.727
186.43
186.244
197.044
187.593
186.768
186.017
186.697
202.297
188.853
187.148
186.618
185.611
197.952
189.494
188.014
184.813
185.701
199.804
188.289
187.178
183.78
185.797
200.756
187.311
187.232
185.845
185.48
198.113
188.902
186.992
187.461
185.385
197.236
187.965
186.156
187.646
185.494
199.525
188.062
185.259
186.137
186.301
200.028
187.854
186.814
185.86
187.673
199.984
188.484
187.638
186.37
186.661
200.085
188.649
186.971
187.69
186.404
200.436
189.285
186.417
185.394
186.55
198.63
188.377
186.486
185.779
186.774
200.598
188.697
189.615
188.168
186.578
202.562
188.874
185.589
183.593
243.932
212.228
194.852
192.426
189.684
190.366
202.09
191.884
189.938
190.574
191.097
198.51
189.678
190.537
189.652
189.951
194.925
190.61
191.503
189.736
202.188
193.596
190.198
189.854
189.819
201.464
192.481
190.687
190.033
190.698
201.14
191.612
190.053
190.441
190.462
205.118
192.902
191.373
190.426
190.259
204.185
191.175
191.644
190.551
191.079
202.858
191.151
190.387
190.631
190.015
195.373
191.058
190.718
190.291
191.001
209.912
190.527
192.757
191.112
190.26
205.351
190.838
190.791
191.151
200.348
192.115
191.81
190.209
190.149
198.032
191.222
191.608
191.222
190.751
206.059
193.99
191.12
191.454
189.509
267.016
210.026
190.477
187.078
185.258
202.095
186.922
185.128
188.025
186.735
200.703
191.042
187.673
186.474
187.456
197.499
228.779
209.478
212.966
222.086
207.45
207.166
213.247
217.845
225.545
220.9
218.296
204.47
205.289
187.831
182.909
183.95
182.775
209.952
188.678
187.339
186.42
186.735
205.07
188.486
188.501
187.836
186.548
194.39
190.811
187.66
186.774
187.851
202.266
190.053
189.572
189.223
188.622
210.07
191.162
187.062
187.076
185.891
206.068
190.526
188.843
188.329
196.368
191.611
188.466
188.887
189.19
206.156
189.957
188.565
187.797
189.38
204.45
191.075
190.677
191.37
188.125
210.548
191.526
900.773
221.852
220.282
207.61
224.145
203.266
205.597
204.891
203.578
207.693
202.735
202.628
320.805
224.619
203.211
202.056
202.639
217.905
202.501
206.976
210.58
204.5
222.917
204.266
203.918
202.444
215.382
207.62
208.829
203.692
205.825
225.758
232.436
196.97
191.265
193.991
194.654
189.528
191.145
191.861
209.692
194.64
191.93
190.467
193.484
205.555
192.688
191.5
191.331
190.793
202.831
192.78
193.117
191.56
192.184
204.549
190.988
191.236
193.848
191.466
200.106
190.829
188.82
189.977
220.54
197.986
195.686
193.344
195.764
201.562
197.421
194.76
195.551
195.138
213.929
196.08
197.704
194.233
196.23
207.221
193.599
194.073
195.125
206.971
198.618
195.032
195.193
194.042
212.6
323.994
201.508
190.229
200.322
223.422
232.602
230.941
284.11
194.982
174.947
172.666
172.777
182.237
176.041
171.168
171.499
172.118
172.192
189.83
178.393
170.586
171.854
173.261
187.658
173.37
173.083
172.379
174.441
181.977
173
173.414
172.587
170.327
172.67
195.626
175.833
172.799
172.85
172.188
204.443
192.969
193.383
221.244
238.254
233.976
234.134
236.342
233.773
234.838
230.69
232.823
236.612
233.087
233.945
236.522
237.956
236.787
231.52
234.374
250.791
234.748
233.685
235.091
245.879
236.175
233.788
238.892
271.821
233.188
234.968
236.88
245.802
232.904
233.611
238.555
251.199
235.39
233.23
238.574
246.251
233.107
234.691
238.42
259.4
235.272
234.143
238.817
235.139
233.268
233.559
252.712
241.41
232.876
233.173
243.313
235.066
234.8
238.122
237.407
235.9
232.682
234.45
232.957
235.831
234.799
233.559
234.611
236.776
232.79
233.515
232.155
238.249
237.846
233.647
244.7
240.347
237.214
236.345
247.021
234.524
234.811
236.065
249.123
235.199
233.797
234.25
246.683
236.616
234.107
233.855
250.634
236.001
233.605
237.368
251.627
236.14
233.599
237.678
256.111
240.857
232.582
238.485
251.961
234.597
232.649
235.767
239.172
237.395
233.828
246.4
236.375
236.786
234.754
240.041
235.935
237.872
234.423
239.933
235.169
234.33
236.533
233.195
237.279
234.294
234.221
250.656
239.795
236.568
235.473
246.545
236.201
238.721
234.521
250.102
236.766
237.006
235.282
249.678
237.304
233.996
234.954
254.144
237.1
236.569
236.054
251.661
235.763
235.627
236.101
255.5
234.637
238.278
239.629
237.341
233.98
237.254
251.28
238.501
234.711
236.508
240.348
238.097
233.889
237.84
251.279
236.412
234.224
236.752
255.389
235.8
234.404
237.49
271.079
240.278
234.153
240.687
264.926
239.75
237.93
236.138
248.519
236.889
234.137
237.702
252.543
236.929
235.395
253.021
243.984
238.327
235.248
239.044
241.756
238.219
205.692
194.835
197.467
193.478
192.08
224.054
251.422
244.185
238.303
240.425
249.842
244.045
238.065
236.252
247.939
237.267
237.451
237.145
258.478
240.146
237.668
239.235
237.641
237.067
235.91
247.158
238.007
238.221
235.81
239.306
238.341
237.749
236.592
245.514
239.162
208.323
195.54
195.313
201.836
193.578
232.964
185.014
182.61
180.056
175.917
177.054
176.992
177.949
191.84
177.594
178.383
177.695
177.247
193.145
177.872
176.775
176.405
178.825
192.315
177.899
175.672
178.059
178.08
199.247
181.571
177.778
177.063
180.071
185.892
181.734
176.138
176.937
176.733
187.707
180.098
179.506
177.761
177.474
178.081
193.974
180.627
177.93
176.892
178.507
194.945
180.011
177.709
176.402
178.564
194.417
177.945
178.765
179.015
177.461
191.516
178.692
178.627
178.366
176.97
187.349
179.807
178.456
179.096
177.825
178.834
183.864
177.899
178.708
178.537
178.41
191.583
180.552
178.013
180.117
176.443
191.88
179.81
179.293
178.985
178.022
193.451
178.507
176.077
175.91
219.215
213.353
183.794
181.301
183.944
183.335
194.55
181.906
181.638
181.668
183.198
193.424
183.927
180.369
181.13
181.789
194.35
182.488
180.856
181.687
182.822
197.404
184.904
181.292
180.799
180.526
191.715
183.379
181.914
181.687
180.609
181.35
185.151
180.679
181.19
180.789
181.565
201.703
182.026
181.346
180.82
181.782
199.611
183.018
181.466
181.59
180.97
191.882
184.068
181.472
182.317
181.298
195.546
183.496
181.838
181.642
181.583
195.146
183.235
181.711
182.357
181.597
196.736
184.88
184.604
181.529
181.073
192.72
185.427
183.229
181.791
181.859
193.461
183.703
182.387
180.017
180.907
197.713
188.525
182.196
182.925
181.457
195.302
184.793
182.149
182.825
180.258
181.638
186.721
181.404
180.306
181.168
181
194.402
180.983
181.084
183.236
181.809
195.562
182.176
182.838
182.396
181.187
195.601
214.153
184.922
209.658
182.437
203.53
185.855
182.889
182.841
184.636
199.927
183.547
183.418
183.101
184.198
198.314
183.279
182.507
182.297
183.386
198.484
185.986
183.392
182.447
183.396
188.649
181.558
182.854
181.677
182.961
201.31
182.945
181.539
183.304
180.889
198.613
183.181
183.707
182.243
182.477
200.188
186.723
183.036
182.752
182.79
197.741
184.978
182.068
182.426
183.436
198.919
181.054
177.43
178.759
177.283
189.193
184.787
183.68
181.885
181.675
195.633
186.61
182.944
183.106
180.67
193.882
182.286
181.812
180.678
181.929
181.999
184.799
182.504
182.237
181.226
180.895
193.319
183.031
182.594
180.832
185.401
200.706
183.185
182.486
183.687
182.384
196.062
182.494
181.714
183.984
181.298
200.595
183.4
183.658
182.673
182.514
193.04
182.189
181.909
182.817
182.55
196.96
182.976
182.701
183.21
184.272
194.852
183.481
181.942
183.636
184.155
198.32
184.038
183.075
181.733
182.553
196.08
184.971
181.058
181.535
183.058
188.669
185.256
181.458
182.086
182.631
195.778
184.474
181.367
183.987
182.035
194.925
184.833
184.011
182.339
182.289
182.803
186.76
181.948
183.045
182.045
183.674
189.404
183.154
181.888
182.554
182.598
191.927
182.858
183.026
182.612
182.399
196.735
184.528
181.749
182.403
180.9
189.02
182.224
180.429
180.777
181.611
201.304
196.321
192.017
185.669
183.827
208.125
185.646
184.451
183.135
183.373
198.982
184.598
182.992
182.179
182.762
208.853
193.539
187.782
187.463
185.779
201.789
186.717
185.6
186.236
184.003
201.866
188.715
188.845
188.485
183.9
196.258
190.41
188.781
190.353
188.399
208.173
190.591
187.71
190.34
189.278
196.022
189.38
188.326
189.685
189.382
212.839
192.304
191.21
189.729
204.064
191.694
191.44
192.838
190.513
206.944
194.842
191.549
190.76
190.895
205.652
188.784
188.623
185.595
188.258
201.211
191.908
188.326
190.39
190.97
203.6
190.88
189.267
189.267
189.654
201.505
192.092
189.167
187.455
190.23
203.894
191.9
189.1
189.073
189.725
205.295
190.153
189.475
188.53
188.733
201.569
190.216
206.417
190.225
201.567
192.315
190.186
188.512
189.048
200.902
192.771
191.656
189.063
189.499
198.266
190.772
190.32
190.408
191.199
204.399
191.022
190.421
190.564
188.868
198.715
189.649
190.958
191.199
188.426
204.974
191.626
189.818
190.17
188.662
202.387
192.15
188.708
190.768
190.009
191.857
191.265
189.38
189.936
190.771
205.566
190.762
190.267
189.193
190.576
221.497
201.644
187.316
186.64
197.325
188.703
182.992
185.869
183.319
207.238
189.851
186.399
187.794
189.434
201.903
191.536
188.131
197.007
220.082
210.352
194.263
193.921
192.339
194.138
204.41
238.673
229.461
194.935
210.27
257.225
185.652
183.803
181.791
194.273
181.526
183.22
183.058
182.219
196.354
184.886
181.617
185.247
182.614
195.54
184.065
181.007
182.621
182.784
201.779
181.741
180.673
180.309
179.673
196.816
185.725
184.892
183.238
180.288
193.473
183.459
183.791
183.981
182.022
190.72
185.657
184.228
182.999
183.328
193.762
181.906
182.923
183.977
182.447
195.984
181.852
183.268
181.147
180.974
183.025
183.663
180.469
182.729
179.89
184.449
195.128
184.676
182.126
180.75
184.089
203.196
183.062
183.767
182.067
183.885
195.86
210.227
209.395
258.766
205.849
184.684
183.921
183.058
182.754
191.139
183.923
182.77
183.012
182.285
202.267
184.503
181.999
183.048
183.219
195.608
184.949
183.974
181.622
182.397
194.541
184.416
183.527
181.89
182.263
195.322
183.492
182.583
181.856
182.678
194.618
184.398
182.427
181.455
183.199
197.063
183.751
183.286
183.67
182.741
194.576
183.844
181.601
183.968
181.731
194.921
186.832
183.671
182.822
182.983
193.638
184.536
183.821
183.275
182.582
195.547
185.321
182.639
183.69
183.135
194.708
184.044
184.216
183.776
183.072
213.818
196.272
195.593
193.128
193.733
210.012
192.916
193.671
194.661
204.128
193.678
192.648
192.432
195.186
205.082
196.652
192.197
193.013
194.533
206.814
194.179
193.679
190.372
195.228
206.817
192.626
193.106
192.141
192.831
205.749
193.966
193.779
193.758
205.311
194.022
194.685
194.664
194.751
212.643
195.539
192.817
193.391
194.754
203.881
196.155
193.484
208.548
197.2
214.911
194.75
180.903
178.736
180.384
184.926
180.01
181.154
180.035
179.28
197.448
180.571
180.083
178.914
180.401
195.376
179.413
181.614
180.326
179.283
218.409
208.017
201.804
199.276
206.409
201.379
199.22
199.524
196.652
214.759
211.988
252.39
213.153
212.642
196.211
194.922
197.369
197.31
208.407
197.016
194.073
194.152
197.442
197.689
194.27
194.601
193.511
192.91
217.138
196.077
194.687
194.71
203.018
194.191
193.999
193.415
194.213
201.975
196.428
194.351
195.085
194.844
204.962
194.712
193.341
193.798
196.071
207.447
199.37
195.576
192.405
192.957
208.219
193.524
196.529
192.983
208.766
195.454
196.084
192.311
192.289
206.827
195.628
192.381
194.743
195.496
209.027
197.236
193.132
195.975
195.801
199.936
190.05
188.372
188.438
187.226
208.311
191.67
195.723
192.339
205.206
195.887
195.292
193.987
193.475
206.575
192.305
191.523
193.051
192.299
202.197
191.473
190.48
194.69
194.612
197.806
190.788
191.422
194.817
195.172
210.888
193.858
194.936
192.57
203.365
193.855
191.887
192.076
194.217
205.228
196.368
193.866
192.234
194.711
209.913
194.667
191.906
194.6
194.637
197.07
192.323
191.888
191.669
194.819
211.527
194.4
194.675
190.618
202.459
190.865
193.545
194.09
193.241
220.218
184.318
184.007
188.049
172.034
179.129
169.364
166.912
165.156
167.045
164.733
179.968
164.525
206.352
189.16
183.689
203.596
185.738
182.585
182.373
182.771
201.113
183.034
182.333
180.97
183.68
199.355
183.43
186.327
184.423
182.488
202.112
180.375
179.545
177.252
178.167
196.342
183.786
183.081
180.489
181.912
200.849
183.306
181.978
182.805
180.72
198.98
187.096
184.314
185.364
185.909
197.891
186.544
186.631
185.156
183.186
196.034
183.791
182.982
182.42
180.247
199.566
187.553
186.322
185.539
185.695
188.872
186.417
185.719
185.022
184.188
197.649
184.161
184.422
185.234
184.649
189.13
186.422
184.646
185.236
184.827
196.775
185.053
185.286
184.051
184.793
198.17
184.589
184.252
184.646
184.615
198.17
185.993
184.856
184.408
185.646
202.973
186.872
184.94
184.615
184.883
200.188
185.732
183.532
184.837
183.199
198.337
185.526
184.011
184.778
184.943
198.51
183.953
185.584
184.58
184.254
199.115
184.793
185.523
185.42
184.609
197.999
185.508
184.525
183.112
186.294
198.941
185.491
184.006
184.359
184.212
198.928
186.894
183.626
184.745
186.621
198.57
187.262
184.528
184.97
185.508
197.897
186.407
185.741
183.186
216.165
214.526
198.39
196.973
191.445
198.29
188.847
187.724
187.129
185.737
194.621
190.523
186.917
187.659
187.102
195.161
191.518
185.19
187.693
185.872
198.908
187.767
186.646
185.945
186.474
196.318
190.23
186.781
187.22
184.874
200.792
190.918
187.686
185.638
187.544
190.601
189.397
187.639
185.742
188.023
190.677
187.713
186.714
186.588
188.799
193.034
188.465
186.393
188.058
185.869
200.239
190.922
188.763
186.598
186.131
199.83
189.064
187.357
187.974
187.221
202.633
189.92
186.016
186.592
187.142
201.966
189.953
188.244
187.457
186.31
199.41
187.048
187.099
187.586
186.862
201.413
188.144
183.726
184.107
227.433
206.093
186.952
185.144
183.412
185.562
199.737
185.094
184.114
183.985
183.088
197.32
185.792
183.226
182.966
184.288
194.374
184.95
183.223
183.764
184.666
197.464
184.336
183.917
183.365
182.553
195.921
186.227
185.268
185.935
183.18
194.365
185.843
185.986
183.539
183.852
198.209
186.906
183.767
184.085
184.489
199.106
185.866
184.509
184.84
184.348
198.176
184.857
183.473
184.71
183.016
194.292
187.054
184.889
186.016
184.234
193.764
187.517
184.255
185.942
185.92
198.089
185.936
184.165
183.632
186.206
197.662
184.619
183.105
186.447
185.471
197.71
186.414
185.225
184.642
186.234
198.441
186.341
183.103
184.215
184.06
196.209
185.365
244.782
201.213
179.968
180.766
176.444
173.487
172.913
172.165
172.8
178.439
174.982
173.608
172.499
172.502
186.45
173.613
173.866
173.956
173.21
188.97
181.983
179.283
181.238
180.747
192.981
182.648
180.351
179.27
179.699
179.202
194.371
181.55
179.699
179.999
180.128
191.931
180.426
179.703
179.93
178.721
192.709
180.483
180.428
179.917
178.85
200.983
190.998
186.853
212.448
186.053
196.739
185.014
186.135
183.566
183.506
195.59
185.153
183.614
185.305
182.846
196.451
185.48
183.302
183.412
189.018
199.243
187.557
184.592
183.811
183.701
194.274
185.548
185.685
185.592
184.745
195.517
187.971
185.037
184.161
184.281
196.158
186.731
184.528
184.362
184.077
196.94
188.139
183.126
183.235
184.97
184.363
188.418
183.99
185.364
185.171
183.776
196.579
185.876
185.589
183.476
187.486
192.446
184.522
184.248
185.341
185.285
206.444
184.092
184.416
185.347
184.528
199.052
187.009
185.138
191.887
188.114
197.872
184.702
186.017
183.121
185.088
198.847
186.186
185.652
186.474
183.598
187.884
187.971
185.264
185.587
186.378
199.911
187.065
184.756
184.239
184.723
199.808
186.874
186.455
184.987
184.81
196.869
187.213
185.174
186.835
184.549
198.457
187.55
185.344
184.212
185.295
196.543
187.178
185.5
185.708
184.391
197.949
187.576
185.763
184.54
186.634
197.381
187.327
185.651
184.004
184.085
199.145
187.015
184.639
186.458
185.222
192.814
187.463
186.164
185.175
183.992
200.967
188.515
186.64
185.36
185.946
195.229
186.458
184.499
185.535
186.086
197.375
186.805
184.792
184.24
189.828
195.164
189.424
187.927
185.277
186.083
196.629
186.63
186.751
185.385
187.758
197.034
187.159
185.709
184.411
183.998
197.796
187.527
186.965
184.684
185.055
185.078
188.856
185.713
186.998
183.947
185.755
191.045
187.65
183.797
184.934
183.677
197.351
185.515
186.457
184.75
185.538
197.741
184.909
185.923
185.818
184.763
204.715
185.991
186.194
185.373
184.472
198.237
186.938
185.338
186.414
185.153
198.52
186.11
184.509
183.754
187.066
197.345
187.62
185.888
186.312
185.625
188.792
186.09
185.825
183.46
186.531
199.897
187.051
184.987
184.305
185.491
200.213
187.683
187.025
186.332
185.873
197.264
186.17
184.422
184.901
183.293
197.562
181.865
180.676
181.855
179.361
196.774
188.113
184.164
186.799
184.566
196.837
186.438
185.334
183.409
187.251
192.225
186.498
183.965
192.492
185.876
189.626
186.534
185.043
184.541
185.804
196.916
188.823
184.459
184.883
184.64
196.781
185.948
184.793
183.713
185.174
200.702
186.496
186.537
186.009
184.142
197.228
188.534
185.582
184.435
184.206
184.793
190.871
185.403
185.572
186.163
184.74
199.275
182.724
182.39
183.639
182.279
203.665
185.856
185.421
182.874
715.758
195.82
189.29
197.274
186.29
197.434
189.375
185.966
201.063
186.657
184.062
200.564
188.585
201.194
187.142
185.103
184.007
186.076
199.83
184.839
187.559
184.947
186.067
200.382
185.448
185.74
186.446
185.081
201.394
188.05
186.645
186.156
185.364
196.848
186.561
185.776
187.383
185.039
197.807
186.771
185.415
186.458
185.647
197.775
189.03
185.175
186.447
186.09
196.726
186.23
186.523
184.287
187.299
198.883
188.699
185.673
185.309
184.296
195.048
187.719
186.502
184.465
186.052
197.09
188.563
186.575
185.716
184.164
198.762
188.561
187.178
186.327
185.168
197.749
189.234
185.487
186.272
185.388
195.436
186.526
183.343
181.956
237.05
233.088
221.111
202.393
212.585
275.996
210.408
203.382
207.045
204.318
216.128
205.645
205.234
206.958
213.95
218.327
227.364
213.151
211.978
235.959
211.225
210.096
213.187
231.897
214.968
210.754
210.697
220.684
193.013
188.867
188.622
199.153
239.817
201.649
191.674
189.836
188.185
245.752
212.038
209.011
197.114
205.728
198.705
197.615
232.967
236.85
282.06
264.898
265.885
278.996
267.53
265.737
267.286
275.355
268.836
266.36
268.728
269.786
269.412
265.761
280.69
272.027
264.985
284.57
268.074
264.495
266.805
289.629
264.288
271.663
280.595
265.208
265.398
267.343
279.716
267.223
270.243
283.262
264.966
266.39
265.858
287.63
267.169
271.44
279.212
265.341
271.382
264.883
280.562
265.619
266.695
267.704
267.072
270.39
265.939
276.626
270.039
221.26
274.018
257.985
241.94
236.251
208.899
217.736
212.373
202.419
200.457
207.853
201.635
197.544
197.537
196.431
207.419
197.578
198.298
196.019
198.69
201.512
199.639
196.136
197.129
196.816
199.084
194.933
196.681
195.75
207.525
199.09
198.627
195.359
198.229
236.03
200.731
197.546
195.766
196.391
209.709
196.969
197.807
195.937
210.15
199.772
195.917
196.728
196.076
210.345
196.502
194.751
196.732
196.781
209.919
197.628
196.698
196.917
214.684
201.134
191.859
188.194
187.014
198.873
189.498
187.832
187.028
184.626
198.731
189.387
186.993
185.688
187.354
219.675
210.707
206.473
186.597
384.888
253.531
247.944
297.732
256.742
248.269
250.414
259.6
248.122
246.525
258.395
253.625
247.636
250.488
250.772
246.374
246.707
264.02
251.044
247.764
247.777
251.593
248.017
246.932
260.84
244.385
246.922
264.038
247.313
245.969
261.993
247.631
253.773
247.126
261.004
247.153
244.239
261.118
249.801
243.758
244.682
248.429
246.973
245.843
259.714
250.05
247.837
251.52
246.665
244.489
247.088
260.074
243.794
246.808
247.62
216.962
201.65
193.625
192.709
206.705
191.845
193.855
192.536
195.951
195.338
192.194
192.594
191.728
214.035
218.129
202.814
182.377
179.683
197.611
180.254
176.861
175.813
177.355
190.895
178.863
176.655
174.169
174.804
187.483
176.669
176.602
176.18
175.857
175.997
196.853
177.99
175.012
174.906
175.509
188.829
175.819
175.974
173.926
175.319
193.287
178.146
177.439
177.076
176.096
185.596
175.022
175.689
174.949
174.053
176.257
184.632
176.378
177.137
175.496
174.718
188.692
175.078
178.215
175.219
175.704
194.277
177.41
177.684
176.943
176.473
187.457
180.525
229.417
254.501
255.019
196.05
185.535
231.283
231.552
396.73
249.575
242.234
252.143
239.446
237.711
238.504
254.36
236.484
238.243
238.427
278.294
238.691
239.915
249.926
240.091
236.679
236.878
247.599
238.11
238.086
243.32
252.612
240.573
235.275
242.099
242.585
240.291
237.902
236.319
240.162
239.824
236.94
237.873
247.475
240.076
236.402
235.804
249.966
241.725
234.655
236.251
284.716
241.635
235.785
236.345
254.073
240.054
261.076
241.678
254.076
243.626
240.535
250.129
241.879
243.38
237.767
241.013
240.312
240.445
239.674
254.107
239.988
230.293
266.112
217.956
198.128
189.082
189.979
189.919
207.905
190.578
186.966
189.646
186.205
200.884
188.571
188.337
186.178
188.987
202.262
186.969
187.775
187.357
188.175
199.876
188.033
187.955
187.3
187.016
208.236
187.19
186.758
188.241
189.61
193.378
188.397
190.872
189.359
198.076
193.125
189.155
190.181
190.5
190.594
191.831
189.693
187.411
187.251
202.732
186.611
184.686
186.163
184.758
197.97
188.602
185.954
186.404
196.416
250.764
188.459
184.212
183.36
203.748
219.083
206.28
205.138
203.624
207.077
187.176
204.968
204.466
204.413
217.722
205.88
185.956
202.047
204.522
220.797
211.878
203.642
248.364
238.832
199.566
195.727
199.262
196.399
208.812
199.406
228.345
204.856
213.127
211.731
205.184
202.126
207.413
216.902
202.381
205.424
185.863
190.988
186.594
181.325
179.673
181.224
182.73
198.745
181.813
180.9
181.378
182.033
202.814
185.034
181.812
182.374
182.363
193.879
182.425
180.745
180.174
180.276
203.761
182.966
183.193
181
180.484
199.518
182.981
181.747
182.627
181.163
195.136
182.032
182.143
181.929
181.511
192.342
183.267
182.516
183.236
180.269
194.988
186.366
181.323
180.685
182.908
195.553
188.242
181.811
181.512
182.524
182.116
194.854
183.323
183.322
182.345
182.27
198.312
184.098
183.292
181.11
181.498
323.425
188.201
183.186
185.016
199.841
184.954
183.135
183.53
183.756
193.568
182.513
182.297
182.643
180.826
194.49
187.036
183.446
182.368
182.293
194.609
188.308
181.481
181.809
181.959
182.835
199.848
182.499
183.533
183.309
181.89
198.904
182.969
182.363
182.935
182.928
208.964
183.998
181.409
180.597
184.188
196.143
183.431
181.713
181.731
202.522
200.158
198.284
183.93
181.638
183.294
203.042
181.087
175.912
173.387
173.464
187.382
176.609
175.172
173.283
173.031
187.61
177.437
175.039
174.544
173.919
173.565
178.834
176.245
174.984
174.11
173.433
191.607
176.176
176.448
174.037
174.704
186.24
177.617
176.077
176.889
174.423
189.819
183.981
231.583
184.937
207.324
210.968
194.954
193.465
192.544
191.859
203.412
190.055
185.774
185.26
186.743
199.235
191.676
185.239
186.122
187.389
198.657
185.781
184.524
185.567
185.796
192.616
181.893
181.862
180.241
182.118
209.928
188.351
186.103
184.381
184.064
211.302
187.687
185.354
184.893
185.393
191.886
186.512
184.325
185.073
181.367
188.856
182.9
183.179
181.486
180.226
204.679
187.525
184.756
185.069
184.442
200.478
185.685
185.397
185.254
185.501
200.405
186.149
185.197
185.32
185.397
197.82
182.634
182.737
180.947
181.098
201.333
186
184.896
184.204
184.168
200.823
184.213
184.843
185.166
184.675
197.703
183.456
216.747
198.064
194.287
184.729
182.067
182.789
184.048
194.825
185.498
182.698
182.168
183.33
182.809
191.53
181.85
181.172
182.16
181.651
185.122
182.374
181.586
183.046
186.378
194.364
185.565
182.448
181.221
182.273
195.213
185.257
183.738
182.408
183.827
195.568
182.407
182.554
183.12
183.161
195.01
184.571
182.768
183.36
181.054
194.671
183.761
183.504
182.428
181.953
182.12
196.483
183.001
182.562
182.701
184.011
201.242
183.594
182.668
182.537
182.178
194.193
183.287
183.792
182.872
182.073
194.765
185.035
182.464
182.906
183.354
193.859
184.788
182.352
181.86
182.945
197.084
185.182
183.376
184.67
183.641
193.353
182.912
180.629
187.377
219.202
211.179
194.253
193.625
193.603
192.758
205.604
193.013
185.801
183.716
182.44
195.492
182.566
182.867
183.065
182.971
194.767
182.86
182.992
183.753
182.702
197.815
183.798
180.523
181.317
182.965
197.624
183.201
182.33
183.574
183.862
196.752
183.389
182.593
183.068
182.854
187.97
192.628
197.301
191.533
191.526
204.191
192.916
191.543
191.788
191.485
203.686
190.878
193.616
190.962
192.051
199.148
191.476
193.046
193.876
191.262
212.089
192.215
192.345
192.294
202.851
194.667
193.042
190.41
191.243
202.618
197.263
194.056
191.085
190.73
202.131
191.473
190.45
190.052
213.652
218.129
183.77
179.386
179.21
185.836
236.883
198.268
192.426
191.44
185.343
190.781
185.591
183.398
182.36
183.178
186.264
184.008
182.553
182.925
183.536
186.949
184.198
182.504
184.141
183.061
197.25
183.175
183.376
181.926
182.39
195.908
183.821
184.308
182.14
183.277
195.24
183.352
182.501
182.63
183.851
201.632
183.105
183.87
183.995
181.928
201.247
183.569
184.642
183.409
182.534
197.166
185.288
182.777
183.496
183.479
196.702
183.764
182.684
183.091
183.476
202.398
183.53
183.096
184.522
182.439
201.388
183.868
183.555
182.844
183.972
195.963
183.551
197.978
210.434
259.904
230.467
193.919
191.045
195.251
208.553
192.954
192.613
191.491
191.363
230.444
238.697
201.895
196.38
211.385
195.842
196.318
196.195
194.133
208.401
195.799
195.962
196.199
192.041
202.674
196.765
194.707
194.297
208.397
197.511
195.579
194.436
195.24
207.044
196.341
193.297
195.816
195.91
208.522
193.657
195.66
195.038
193.781
200.388
194.578
194.81
194.474
205.556
195.666
195.09
192.064
195.758
211.978
196.304
194.584
194.536
194.774
206.914
195.516
194.824
195.777
196.06
201.029
194.761
196.181
194.523
207.765
198.74
196.508
194.088
196.46
209.029
196.668
195.474
194.134
192.706
210.424
199.572
223.479
228.6
199.208
185.394
179.927
179.574
180.617
197.231
183.037
204.801
229.807
198.496
199.714
187.21
189.145
188.697
187.191
196.516
186.004
187.438
187.173
184.894
205.539
189.54
188.187
186.729
187.83
201.141
186.703
187.407
187.857
188.472
200.84
186.674
187.904
186.04
184.416
199.832
187.667
187.399
187.661
186.568
204.134
189.411
187.892
189.085
190.01
197.646
178.045
176.932
177.438
178.067
197.095
188.251
187.948
185.081
187.241
199.065
187.868
185.692
185.869
185.576
199.036
184.391
183.7
183.176
184.289
200.139
188.443
183.83
185.67
184.078
196.383
183.357
183.681
185.591
208.28
204.954
193.703
196.927
193.962
203.828
201.273
182.114
183.928
182.07
228.135
196.386
181.482
178.572
177.324
189.892
231.33
196.803
189.215
168.915
164.269
177.113
163.878
164.319
163.155
162.954
163.703
175.131
164.998
163.288
163.591
163.696
172.011
165.127
164.676
162.824
163.18
163.451
175.68
163.793
163.578
163.883
164.491
163.031
168.908
163.94
163.616
163.985
164.244
178.061
167.037
163.723
164.169
162.512
164.294
174.804
163.33
162.764
164.698
181.905
188.097
176.966
173.106
199.007
175.047
184.659
175.351
172.756
171.97
172.424
171.292
226.154
197.52
198.565
198.68
208.421
199.302
197.944
197.267
199.492
209.634
199.429
199.386
198.059
210.369
201.676
197.214
197.127
197.83
201.765
199.451
197.828
197.428
175.335
190.694
173.096
172.354
173.518
172.017
201.091
225.29
200.931
200.125
199.463
208.285
218.46
209.199
201.551
225.614
217.043
206.89
204.125
201.977
215.096
204.187
204.533
201.626
248.85
231.112
199.1
192.149
196.293
257.692
256.395
234.702
198.483
263.851
262.862
230.654
198.702
270.221
262.456
264.111
241.704
236.044
199.316
231.666
267.461
263.777
266.312
236.275
226.759
241.021
267.496
264.182
277.896
261.896
264.412
263.886
268.925
265.022
263.668
276.285
266.092
268.198
237.792
212.582
197.234
197.241
232.021
273.638
236.774
236.495
201.584
209.147
275.304
244.885
188.59
166.455
182.12
164.469
164.7
165.683
163.41
174.706
170.826
164.428
165.746
166.096
163.23
178.353
164.867
163.109
163.477
163.688
163.206
165.528
163.393
163.965
163.333
163.196
183.164
166.06
165.712
163.29
164.025
164.133
177.202
164.372
164.908
162.711
165.954
176.033
166.108
164.884
164.045
162.478
163.568
177.111
165.538
163.123
162.932
163.942
163.788
166.782
163.848
162.507
165.074
163.301
182.07
168.854
164.563
163.707
164.733
162.852
179.907
165.752
165.091
164.306
167.32
177.906
167.624
164.482
164.025
162.551
163.964
179.848
164.587
164.44
164.559
162.918
177.483
164.218
161.603
161.445
159.597
160.659
180.425
164.012
162.698
162.668
163.699
163.243
177.174
162.684
163.263
230.584
211.273
212.582
195.964
194.395
208.525
221.969
201.796
201.872
199.771
199.691
210.016
199.005
195.836
195.734
197.481
217.672
198.67
198.789
194.501
211.069
199.484
196.978
196.672
205.611
210.496
198.214
197.405
201.782
200.439
212.468
200.497
198.064
201.578
211.073
200.148
200.652
198.431
200.775
216.412
200.959
201.037
198.915
199.091
210.577
201.16
198.609
198.781
209.061
203.112
199.452
199.295
201.106
213.401
201.006
198.747
198.808
200.582
216.462
200.236
200.487
199.536
210.056
202.692
198.51
199.554
200.687
209.905
200.836
200.621
198.917
199.226
218.39
185.058
182.303
182.279
248.055
220.121
195.495
186.776
186.247
193.617
190.13
189.327
188.443
187.45
199.588
189.95
187.965
189.087
187.384
200.87
188.462
187.257
188.827
187.612
200.415
191.099
186.311
189.098
187.904
199.77
188.661
187.669
185.892
188.019
198.98
188.365
187.5
188.316
186.605
201.047
189.528
189.705
188.263
187.715
202.767
190.337
186.931
187.621
188.376
199.898
188.136
188.476
187.17
187.203
203.5
188.599
187.607
188.743
187.507
201.531
187.05
188.319
185.968
189.033
199.988
187.386
187.146
187.126
187.868
191.58
187.655
187.848
186.749
195.805
190.581
188.52
186.909
187.146
196.272
191.285
185.697
187.159
187.053
194.763
219.811
198.948
191.368
191.677
201.6
192.66
190.07
187.677
189.97
204.907
191.012
187.867
189.771
190.567
205.143
190.306
189.187
188.673
189.755
200.83
188.766
191.574
189.729
189.475
203.78
189.752
190.519
191.018
187.604
203.753
189.692
188.931
190.375
198.049
193.945
189.618
190.835
190.105
196.619
190.029
190.855
190.029
189.652
203.463
190.206
191.058
189.003
188.94
202.985
189.722
189.157
189.946
189.286
201.294
190.922
189.181
189.383
190.513
201.932
190.062
191.973
191.145
191.266
206.798
189.788
189.247
189.564
189.327
200.245
191.542
189.465
189.019
190.143
202.135
189.831
190.41
187.934
190.959
204.008
200.714
212.883
204.288
220.155
202.625
202.764
204.171
202.209
215.5
203.115
201.765
212.188
210.026
204.629
188.366
182.396
181.545
194.931
183.866
181.244
182.685
179.894
192.696
184.685
181.652
180.449
181.394
192.558
182.611
180.334
181.043
180.808
180.837
185.71
182.768
181.081
180.077
179.65
193.708
181.267
181.06
181.267
180.569
193.872
181.769
179.793
181.559
180.2
192.763
181.665
181.421
180.302
180.965
193.845
183.713
181.34
180.628
180.568
193.518
182.805
181.41
180.629
182.892
186.909
189.208
183.4
182.16
182.137
194.614
181.824
182.369
183.028
179.881
192.935
185.19
182.293
180.916
182.527
183.71
186.335
181.187
184.546
258.36
231.021
223.036
212.286
211.493
220.092
209.551
209.256
207.256
206.895
224.411
210.793
208.669
208.971
223.235
212.88
207.784
207.83
207.435
226.347
213.401
208.673
209.479
225.382
207.299
204.865
202.411
199.056
262.803
472.157
219.959
242.912
212.382
225.141
214.827
227.628
208.9
189.966
184.983
185.554
196.476
225.016
216.567
205.923
209.912
195.86
194.357
194.523
193.986
207.226
195.867
194.261
196.636
193.839
205.755
209.824
192.3
191.34
190.564
210.176
191.685
188.612
189.09
189.454
203.707
188.508
189.869
188.409
190.327
198.972
189.205
189.027
189.288
191.463
203.841
188.549
190.854
189.057
200.989
191.373
190.035
189.415
190.252
200.275
196.389
188.817
188.225
190.994
199.213
189.443
187.533
186.943
194.118
277.074
223.673
241.719
172.299
172.071
173.525
171.529
173.461
169.206
171.68
187.308
170.909
171.105
171.943
170.339
184.378
172.125
170.523
171.687
171.311
171.133
181.742
172.474
172.026
170.016
171.372
182.907
172.513
171.992
171.308
170.985
181.581
171.356
171.067
172.896
170.805
170.519
183.84
171.539
172.071
172.742
169.499
182.871
173.279
171.145
171.121
172.582
171.777
182.095
171.569
172.022
172.118
172.79
183.78
172.328
173.365
171.512
170.835
184.119
171.701
184.375
174.002
170.901
172.462
184.599
170.591
174.035
171.139
171.476
186.031
173.328
171.4
170.778
169.969
171.252
173.936
172.628
171.366
170.721
174.501
180.979
169.969
171.901
169.601
170.774
191.016
206.241
186.939
185.634
184.208
250.39
239.53
233.978
233.842
248.973
237.222
233.223
234.417
246.072
238.943
237.808
234.742
246.444
238.143
237.01
235.467
244.74
236.82
235.617
237.558
249.575
234.882
236.92
233.307
244.212
236.612
232.93
238.01
246.878
237.371
235.124
236.441
250.732
237.526
235.917
235.33
247.27
234.688
236.201
236.375
247.014
236.035
232.506
235.71
250.187
239.267
233.027
236.117
248.125
234.254
247.567
238.179
243.579
237.361
231.891
238.336
292.728
215.812
210.7
211.683
204.97
181.746
178.327
175.966
177.06
188.699
177.341
176.766
175.719
175.389
175.365
189.668
176.144
176.531
173.64
174.277
189.325
175.241
174.07
176.498
175.564
187.313
178.267
174.281
175.791
176.074
183.944
178.249
175.921
175.97
177.054
175.046
187.808
175.43
177.046
174.594
175.537
187.878
175.794
174.637
175.569
175.988
182.312
177.641
175.774
175.214
176.666
175.37
190.988
175.84
174.44
174.056
177.067
188.63
176.241
175.52
175.153
175.62
189.842
176.886
177.208
177.271
174.819
185.685
179.602
177.602
175.023
175.793
176.492
191.225
179.182
176.859
175.74
177.803
188.739
176.543
177.031
174.784
177.07
187.93
178.111
175.686
174.991
175.723
185.792
179.876
175.517
176.651
177.545
177.301
186.48
177.831
175.343
176.563
174.932
186.125
177.969
177.079
176.018
176.068
191.112
180.593
175.962
176.953
177.385
186.676
178.398
175.816
176.125
177.097
175.108
189.312
179.92
176.304
174.898
176.08
188.662
177.355
177.353
175.824
176.799
189.09
177.094
176.342
178.547
177.236
182.42
179.192
175.633
176.151
176.176
175.081
185.98
176.799
174.681
178.303
178.158
188.943
176.82
175.71
176.714
177.338
191.346
178.898
177.003
175.861
177.214
183.252
179.367
176.625
175.156
175.626
177.293
191.492
177.912
174.387
175.081
179.004
188.116
177.111
178.331
175.837
176.332
189.148
178.871
177.447
175.774
177.304
185.675
179.843
176.73
174.82
176.612
176.422
190.213
178.29
177.963
177.503
176.247
201.416
190.341
190.424
188.69
188.249
205.154
189.508
187.804
187.636
187.673
220.337
205.969
205.381
194.421
197.012
187.54
185.439
186.72
184.484
193.449
187.352
186.723
185.543
185.854
201.389
189.38
186.365
185.52
183.94
191.654
186.759
186.054
184.865
186.6
189.026
187.361
186.178
185.774
185.674
196.646
185.246
188.281
186.178
185.106
196.39
187.211
185.647
186.229
187.578
198.402
191.801
185.716
185.753
187.455
197.59
231.797
220.886
219.091
226.901
267.421
246.66
243.75
222.88
199.833
193.984
210.429
203.261
209.544
195.223
192.711
193.84
192.871
200.264
196.657
193.811
192.032
195.388
205.627
197.276
193.476
195.278
212.081
196.089
193.433
192.086
193.028
196.982
193.367
193.22
192.711
191.789
208.555
197.701
192.808
193.185
191.776
204.444
194.084
192.556
191.741
191.812
205.442
192.107
191.217
192.642
191.665
207.184
191.241
192.383
192.822
193.929
205.54
195.985
193.626
192.206
191.655
204.013
193.497
193.396
221.136
209.56
197.837
193.913
191.548
228.276
230.363
216.029
214.138
214.281
215.157
211.836
210.019
212.036
220.246
224.387
205.175
201.78
203.342
240.582
233.875
215.918
213.534
222.046
215.68
211.93
209.445
228.999
241.126
216.23
211.427
211.06
229.211
213.541
219.513
206.153
211.744
208.783
205.611
204.439
204.329
216.218
206.466
203.767
202.928
204.355
219.46
207.8
205.321
206.029
224.997
210.58
208.579
208.482
206.763
222.661
206.167
203.704
210.925
225.954
206.615
192.177
191.832
253.47
246.721
242.393
243.06
252.816
245.435
244.654
243.922
248.714
242.988
243.096
241.727
258.58
232.421
197.631
189.881
188.538
205.847
190.375
188.611
188.544
187.19
202.236
186.101
185.827
186.705
185.416
211.765
193.563
189.256
191.247
201.923
192.67
190.508
190.263
189.893
204.61
222.7
191.671
190.994
188.071
204.848
190.419
189.37
188.558
188.113
202.435
191.779
190.612
188.778
186.572
230.818
199.557
273.891
268.104
242.279
210.583
227.846
212.823
223.701
216.17
215.219
216.88
228.152
219.034
216.282
201.208
197.56
201.707
219.019
205.457
195.268
203.1
191.445
186.97
188.296
186.973
198.213
188.822
186.281
187.782
187.171
196.874
190.522
186.351
185.039
186.365
192.346
187.428
186.431
186.573
186.007
198.365
189.316
186.696
187.314
186.755
199.219
187.923
187.912
186
186.573
199.651
191.211
186.823
186.248
185.6
199.575
192.215
188.137
186.505
188.913
198.067
189.299
187.263
186.669
186.446
197.061
187.778
188.44
187.233
185.692
251.287
203.532
196.808
191.748
192.437
213.994
192.979
193.506
191.545
202.453
194.402
189.56
197.446
198.94
202.432
188.904
185.31
184.587
185.275
192.794
187.905
185.603
186.224
185.385
201.243
188.403
185.026
206.081
196.17
200.42
187.135
186.399
183.686
185.242
205.96
187.479
184.48
187.912
185.222
198.144
186.899
186.083
185.8
185.396
196.132
185.344
186.535
183.906
185.139
200.981
187.545
185.31
187.438
186.248
199.842
187.407
184.822
186.077
186.606
196.488
186.649
186.84
185.169
186.311
197.256
185.515
184.757
186.169
185.727
205.262
188.819
183.899
184.128
187.201
197.27
186.335
184.893
186.687
185.388
201.226
182.636
183.554
373.63
206.91
187.345
186.589
184.607
183.066
202.054
185.99
185.333
184.081
182.666
203.558
187.274
184.179
183.592
184.637
201.957
187.337
184.211
184.61
185.026
197.653
184.477
185.536
184.744
202.811
199.885
188.236
185.927
186.238
186.435
201.388
187.848
186.787
186.299
187.274
206.589
187.732
186.526
187.641
187.437
199.154
187.861
187.197
186.868
187.684
196.855
187.909
187.701
186.11
188.266
202.515
187.085
187.542
187.618
186.489
246.799
213.933
196.266
192.271
202.053
187.872
186.122
188.168
185.74
202.928
190.24
186.915
187.81
187.439
189.144
190.335
187.978
186.675
187.757
198.547
189.15
187.586
187.316
188.348
200.61
189.298
186.222
187.53
188.269
205.431
188.967
189.766
186.518
187.954
201.371
188.853
187.407
187.114
187.586
204.034
189.624
188.503
188.311
190.336
200.391
186.468
187.777
186.271
210.092
236.763
199.559
196.143
192.243
208.934
198.273
194.29
192.429
191.366
206.526
193.494
194.119
191.672
192.066
207.487
193.238
191.76
194.727
194.125
187.911
177.006
184.95
179.964
176.228
197.491
176.878
179.593
177.231
178.39
190.646
177.467
174.564
173.266
176.997
182.935
175.292
175.289
174.227
175.532
175.559
190.317
175.108
174.655
173.986
173.773
190.347
178.51
174.283
174.822
175.213
178.784
176.104
174.544
174.297
175.808
175.533
184.655
175.778
173.708
173.913
175.063
188.062
174.176
174.432
173.472
174.798
199.103
180.693
175.729
170.534
171.466
194.672
179.903
173.442
172.165
171.77
182.551
188.938
173.622
174.854
174.006
175.175
185.969
210.206
191.824
178.401
182.423
200.873
178.237
176.456
175.139
175.002
188.652
176.886
176.405
175.804
175.425
189.74
177.477
203.396
200.028
177.948
185.553
176.596
174.739
176.933
175.169
185.695
176.525
175.392
175.646
175.226
174.807
193.611
175.569
175.015
175.301
174.676
185.268
175.406
174.15
176.81
175.03
189.931
176.989
175.967
175.877
202.173
208.429
202.811
200.535
201.551
201.05
215.543
202.313
202.373
201.193
215.673
178.146
176.419
174.915
176.215
191.296
177.16
174.57
175.638
200.97
189.909
177.051
177.749
176.488
177.183
174.958
191.614
176.191
175.313
173.945
174.708
188.351
175.377
173.521
175.86
174.465
190.657
176.886
204.182
201.29
175.001
186.991
174.523
171.576
171.974
171.748
181.21
177.347
172.949
170.999
173.885
171.656
212.272
199.911
198.797
198.678
197.537
202.321
196.636
225.018
239.37
251.557
241.505
240.747
240.041
259.063
242.772
239.791
240.315
242.104
239.123
241.055
252.723
240.323
240.05
239.626
239.761
242.718
239.834
244.596
253.181
244.827
244.011
243.601
256.844
240.099
239.449
240.469
260.502
244.219
245.542
239.182
255.267
211.911
200.225
239.406
220.913
189.053
201.885
214.24
255.253
216.976
188.111
231.259
199.911
217.795
193.532
191.373
247.004
217.124
196.161
196.413
195.226
194.324
223.857
190.929
172.245
172.615
171.319
188.268
169.689
169.079
167.654
167.142
167.697
178.495
170.64
171.553
170.958
170.38
192.341
189.028
177.999
175.643
175.326
191.076
176.392
174.979
173.521
172.873
209.863
198.397
197.141
209.488
197.706
217.875
203.269
200.571
201.09
217.057
200.556
200.988
199.629
200.862
213.651
201.935
201.163
200.378
214.007
203.684
201.966
201.314
201.258
214.895
201.716
178.474
174.537
176.041
188.685
174.969
174.633
174.718
174.647
256.657
195.112
187.933
187.281
196.693
191.536
188.076
189.03
186.159
202.641
232.958
220.559
214.299
231.77
233.417
235.746
220.171
219.699
238.336
219.032
219.426
222.471
245.643
221.512
221.671
221.134
235.56
219.992
219.71
221.539
228.824
220.747
217.828
218.61
221.328
231.847
218.467
218.673
217.401
243.096
222.655
222.36
222.35
233.404
215.998
215.632
213.885
226.041
312.439
227.036
239.657
242.998
228.489
228.011
226.504
316.301
226.223
247.463
225.462
233.624
217.932
219.94
215.526
225.746
215.71
211.539
215.21
211.536
233.795
218.995
211.64
216.041
229.458
216.324
215.365
215.616
220.516
218.179
215.836
214.978
214.914
259.374
241.617
219.7
215.894
216.603
208.051
206.396
207.305
232.185
219.497
217.162
213.558
214.878
225.672
216.663
213.133
214.344
232.923
215.61
214.222
215.051
223.97
211.984
206.711
207.374
208.161
226.224
216.85
217.502
216.122
225.04
216.05
214.667
214.658
214.868
230.098
216.144
212.81
214.778
231.283
208.302
207.967
207.743
207.552
245.211
212.432
224.88
213.588
223.382
216.82
214.442
213.902
227.272
215.812
213.773
214.5
211.761
215.96
212.18
209.117
212.486
231.967
214.111
214.745
214.862
229.344
216.673
213.166
213.973
213.752
226.88
219.596
301.205
224.055
226.338
211.022
212.258
212.202
235.626
215.991
214.152
216.946
225.857
216.055
216.603
214.2
215.849
227.493
215.87
215.807
214.026
227.65
211.088
211.232
210.396
223.415
217.83
218.915
215.186
306.384
221.557
240.753
216.576
215.553
226.798
216.961
212.745
214.499
228.279
215.307
212.315
214.36
237.645
234.802
236.274
220.606
218.406
199.539
228.076
215.343
216.549
238.711
216.787
215.506
214.57
224.017
216.639
212.305
214.471
232.419
216.432
213.909
215.43
210.785
223.416
215.857
213.56
214.038
226.113
211.908
213.879
216.378
317.917
221.923
213.511
212.311
210.441
229.942
217.921
216.85
217.328
230.602
217.406
219.543
216.089
228.324
224.348
216.351
214.194
213.933
222.351
216.098
216.418
213.114
230.982
216.359
216.008
212.88
234.755
210.345
207.626
209.385
210.673
229.839
217.936
213.714
213.646
261.849
270.378
276.282
213.277
230.333
209.365
212.135
209.304
231.519
211.677
209.253
208.642
209.111
233.71
212.92
212.182
214.441
233.345
210.464
211.517
207.524
227.162
212.633
211.52
216.887
231.049
246.189
251.958
268.266
250.2
213.027
168.339
163.885
162.982
162.317
375.445
167.901
162.782
162.717
180.603
162.724
160.241
160.519
161.051
160.021
196.318
163.457
160.919
162.968
162.159
172.365
176.284
163.773
160.606
162.017
161.404
179.787
163.9
162.628
162.575
162.019
162.667
168.799
162.537
162.009
159.517
159.861
171.843
161.231
158.2
155.451
153.852
156.988
183.726
166.561
164.567
160.766
161.093
159.74
203.157
192.188
184.603
187.536
185.251
196.559
186.955
181.708
182.727
185.924
189.601
186.079
184.549
182.246
185.615
201.323
183.139
186.692
182.23
176.863
213.776
186.868
182.129
181.613
181.337
199.603
184.769
183.175
183.018
182.162
195.71
182.982
183.166
183.704
181.136
194.412
183.65
182.224
183.232
181.244
195.645
183.497
353.561
171.335
166.273
173.127
164.923
245.706
193.037
198.203
195.569
186.455
187.674
184.955
198.537
187.142
183.373
186.109
184.331
253.452
238.978
190.498
185.608
184.565
194.955
185.946
183.145
185.909
186.396
198.541
185.581
185.457
182.468
186.609
199.352
185.584
186.395
202.934
212.384
292.195
212.75
218.093
216.079
276.071
214.838
212.953
211.172
224.696
207.856
210.249
209.206
219.65
223.89
212.383
213.611
228.397
221.642
193.893
196.14
196.846
216.12
210.303
208.762
197.221
199.8
233.611
203.834
196.883
197.746
208.473
198.968
195.67
197.531
195.96
224.438
292.753
217.331
228.976
246.324
227.977
227.066
221.725
230.694
222.323
215.53
212.793
228.297
212.646
205.016
216.823
216.086
1879.01
227.999
222.222
208.739
248.793
250.784
247.6
235.206
236.019
239.563
236.486
232.961
225.712
230.901
235.801
229.528
206.748
190.323
191.915
165.11
162.312
161.465
162.578
176.558
199.262
194.483
192.224
191.426
214.537
201.046
198.895
196.857
197.86
217.391
200.866
198.255
173.154
167.689
191.352
168.171
167.574
168.227
165.828
189.223
164.044
161.635
164.762
162.732
162.466
185.202
166.996
166.089
165.842
165.716
197.945
230.327
198.097
193.77
192.501
209.407
193.779
193.76
193.247
201.897
186.401
184.111
182.485
182.931
182.186
212.472
195.066
188.378
185.977
199.68
207.641
199.031
187.804
186.995
203.512
194.013
240.306
239.156
212.188
185.632
181.294
181.301
181.915
178.891
201.037
180.943
180.204
181.522
182.314
186.877
181.744
178.854
179.848
180.092
198.333
214.095
182.064
180.639
180.563
209.485
187.45
182.336
179.47
180.395
196.01
185.711
185.036
182.424
183.255
216.146
191.66
190.861
188.807
189.124
200.631
189.508
185.274
184.612
183.168
204.225
186.042
183.259
185.274
184.883
195.589
187.52
186.601
187.811
187.209
197.271
231.677
242.771
196.469
187.643
204.068
189.223
188.759
188.236
191.169
193.141
189.395
188.546
314.968
220.041
202.105
217.15
216.589
224.666
217.14
215.275
201.498
217.061
238.162
213.175
212.207
213.007
218.035
218.007
202.22
238.887
234.043
216.666
206.129
214.715
215.707
244.148
213.896
201.909
199.18
217.554
201.295
200.76
199.887
186.431
215.572
202.209
200.057
200.411
213.76
203.034
226.444
205.932
207.066
219.941
204.935
203.226
205.173
217.063
204.686
203.464
203.632
205.467
221.806
202.116
206.646
205.956
203.593
218.802
204.926
204.868
203.79
217.385
203.847
204.586
240.44
206.181
212.622
198.007
195.767
266.97
274.31
266.357
265.452
273.789
243.449
281.671
271.432
242.026
205.762
189.187
178.393
177.905
193.798
178.748
179.613
193.121
179.413
195.557
177.969
182.619
180.769
182.113
197.999
183.012
178.778
181.327
181.619
195.54
184.973
181.961
181.39
176.104
199.183
179.656
180.276
177.274
175.145
177.584
193.785
180.552
182.768
176.889
181.237
204.239
182.132
176.964
180.952
175.653
200.432
183.449
177.939
183.84
180.589
199.015
177.128
182.132
181.665
177.706
195.066
183.305
176.008
181.162
181.093
195.816
184.011
181.875
181.258
182.595
196.95
185.19
182.109
181.166
196.742
260.697
198.912
192.96
190.323
194.195
209.137
194.153
192.041
192.014
191.734
197.196
193.133
194.745
192.364
202.146
195.523
193.257
194.002
192.48
202.557
195.229
192.831
193.274
193.999
204.054
195.392
195.53
193.952
193.665
206.106
194.35
194.299
193.084
193.782
210.631
192.188
191.386
192.609
192.188
209.355
192.541
194.129
194.571
206.23
195.602
193.094
193.438
193.822
201.584
194.021
192.9
193.43
195.005
204.279
194.43
193.959
194.442
193.861
207.212
195.396
193.875
192.356
192.946
211.223
193.601
193.07
194.492
191.783
209.13
192.037
193.484
194.146
205.701
211.35
190.245
188.896
190.089
215.963
216.229
194.725
192.851
192.699
212.031
193.302
192.981
191.995
192.43
207.266
192.482
192.593
192.87
202.894
193.875
194.09
191.721
192.238
203.975
195.49
239.919
193.886
192.68
212.636
193.225
192.65
192.136
191.6
231.721
194.37
192.683
191.721
200.778
195.267
192.145
192.159
193.185
206.763
195.523
191.625
191.273
191.453
207.523
194.199
192.608
190.87
191.458
206.689
192.302
192.099
192.31
190.795
203.877
192.213
191.8
190.662
191.16
208.851
191.684
191.369
192.601
199.831
193.609
189.212
190.785
191.976
194.1
193.528
191.794
190.655
191.603
207.45
195.467
192.37
192.74
191.36
207.514
190.205
219.502
207.276
193.739
210.644
201.789
211.606
205.011
205.329
203.856
211.11
193.288
192.299
203.029
191.914
189.923
189.553
200.039
215.874
199.196
219.906
207.895
213.804
202.198
198.496
199.163
198.014
212.671
199.982
198.009
197.712
197.856
211.032
217.729
208.554
202.911
239.803
219.852
208.497
202.397
231.27
204.214
206.542
217.308
208.373
225.11
210.348
214.699
200.019
209.78
216.924
204.069
203.267
213.304
205.952
190.412
191.43
187.826
187.439
200.917
187.807
187.139
187.331
186.013
203.255
187.566
185.524
186.691
186.393
198.778
182.715
180.952
180.718
181.249
189.448
183.733
183.943
218.211
218.901
232.446
204.309
200.883
198.998
217.557
207.845
200.771
214.583
244.268
208.666
202.169
200.924
197.318
208.463
199.871
200.557
200.713
220.466
203.227
200.506
201.378
204.279
228.801
201.399
200.808
201.387
216.94
205.967
202.575
201.87
201.69
225.511
236.123
224.852
200.383
219.182
226.261
204.131
199.858
201.514
213.731
200.769
202.257
201.972
209.403
203.112
198.101
197.999
199.641
216.271
201.024
196.867
202.631
201.698
228.408
203.352
207.241
204.565
214.477
203.989
199.884
200.185
198.871
215.045
200.595
195.954
196.733
195.972
205.334
191.9
192.462
193.434
220.215
212.068
197.698
197.483
197.341
214.119
199.944
195.899
195.847
192.899
205.564
194.342
194.671
196.412
192.959
206.631
189.955
189.663
188.079
202.31
233.182
211.534
203.871
204.542
225.168
210.646
209.516
209.625
230.518
212.123
210.974
211.778
208.76
220.393
215.034
219.821
198.383
212.151
195.734
192.91
197.356
193.923
208.625
193.064
205.939
196.333
195.986
208.643
195.9
192.546
193.938
205.13
195.988
193.168
192.549
193.977
207.352
194.336
192.842
194.521
194.494
218.643
195.518
194.934
197.695
194.284
211.332
193.133
193.397
192.017
194.667
202.158
202.751
195.737
213.963
237.979
200.7
194.51
196.477
195.767
208.168
196.372
194.864
195.936
194.453
198.898
194.27
194.528
193.835
205.879
194.203
194.766
192.579
196.97
211.546
194.918
194.938
194.714
192.934
208.682
195.541
197.502
194.864
194.654
200.511
193.13
194.123
191.731
204.837
199.68
193.689
194.12
196.054
203.587
194.297
195.416
193.648
194.239
211.445
193.448
194.036
194.79
205.795
204.886
196.842
194.547
194.559
194.167
209.812
197.093
195.319
194.715
203.692
196.869
194.303
193.401
197.079
206.751
195.4
193.699
191.881
198.371
200.923
190.875
211.653
214.65
214.894
202.677
197.963
198.364
198.414
209.651
198.469
194.499
194.384
193.025
208.822
199.509
201.553
220.597
216.727
204.727
206.42
202.928
202.518
218.093
202.338
199.888
201.828
199.897
234.037
221.461
220.67
212.508
222.423
210.357
208.034
209.267
220.222
210.043
206.391
208.763
208.589
215.734
210.496
216.68
216.903
227.176
214.108
212.042
213.032
211.835
235.833
217.109
198.216
199.794
220.242
196.989
194.634
193.227
192.832
207.506
194.858
193.194
193.03
193.091
203.446
208.501
192.865
193.111
193.572
198.705
193.706
194.306
195.214
209.164
196.427
206.006
194.426
193.635
206.288
195.59
195.035
194.457
192.696
206.864
196.723
193.124
193.815
201.361
211.858
195.83
193.786
194.837
196.314
192.419
192.492
195.879
193.304
200.445
195.263
200.696
193.541
192.147
206.059
195.225
197.081
197.081
192.248
206.812
193.244
194.517
193.551
194.379
207.992
193.133
198.822
196.363
196.132
194.243
215.283
230.3
210.794
220.673
207.489
207.003
205.418
220.618
208.562
218.149
208.101
207.573
224.992
208.117
205.461
203.129
211.033
207.457
205.911
205.857
216.645
217.616
208.182
206.277
206.287
216.218
208.353
206.436
207.279
207.907
231.754
210.026
204.128
207.039
217.768
209.599
208.9
208.359
208.128
224.085
211.042
207.099
206.42
214.604
214.137
229.397
227.293
224.995
236.596
225.421
223.15
247.913
236.406
219.051
220.07
218.066
228.169
222.564
241.218
218.296
229.652
281.087
207.466
200.332
217.129
204.015
199.884
199.222
200.993
215.597
207.09
202.524
199.303
200.346
204.707
199.77
200.499
200.659
212.518
197.462
202
198.836
200.845
210.441
197.86
199.219
201.456
197.696
202.349
202.217
202.801
203.172
217.338
199.186
198.399
200.175
195.727
231.982
220.282
215.062
213.712
229.876
213.061
212.71
213.719
234.284
219.507
214.284
213.268
213.753
221.774
215.447
212.042
218.331
221.814
219.574
224.172
220.714
232.951
216.382
211.988
215.604
211.819
225.237
212.556
214.19
224.419
227.507
215.772
220.654
219.005
228.516
220.101
215.787
215.828
211.384
230.84
215.289
212.942
214.644
225.684
232.433
215.026
214.058
230.903
216.109
214.947
214.958
212.482
234.431
215.754
216.557
215.949
234.919
219.585
230.779
217.363
229.654
215.868
212.987
211.941
232.72
216.669
213.272
213.592
213.252
228.049
215.166
210.358
211.775
230.397
216.079
231.818
214.865
213.214
227.884
213.615
214.427
212.055
223.35
214.434
213.426
214.034
227.182
229.128
215.801
213.652
212.731
234.148
215.243
216.352
217.501
231.097
218.518
216.268
214.184
231.096
217.278
213.395
212.341
213.687
223.862
215.857
217.513
216.519
232.805
218.866
219.051
216.387
235.075
216.549
213.693
214.642
215.227
222.331
216.007
216.53
217.356
234.024
218.627
212.402
219.684
236.726
209.313
226.981
212.318
219.124
211.103
206.342
205.947
206.812
227.158
207.659
208.771
203.55
207.477
210.67
206.348
205.268
206.781
223.666
215.81
208.041
205.612
207.482
208.676
205.759
205.414
206.721
221.635
210.72
206.428
205.888
204.929
215.726
206.323
205.25
206.263
218.616
204.402
204.368
205.344
204.643
222.857
206.46
207.262
205.85
216.225
207.74
205.776
205.887
207.092
219.376
206.077
206.613
219.61
213.695
255.723
208.197
249.269
243.981
227.346
227.236
225.522
233.372
209.1
217.552
208.933
208.048
218.64
208.38
205.654
206.648
217.497
209.785
206.646
206.194
206.312
220.592
206.538
205.972
205.024
212.949
206.829
203.878
212.856
208.602
223.639
210.264
207.009
206.948
208.375
209.391
208.947
208.128
207.885
218.441
207.039
206.105
204.974
204.823
216.107
206.357
207.914
208.365
224.131
226.318
206.212
205.492
207.09
218.493
207.311
208.074
205.484
218.637
205.327
206.482
206.914
292.155
329.727
291.65
219.151
223.693
206.3
207.483
207.647
216.076
208.943
206.122
221.256
208.038
222.255
204.733
209.117
207.683
210.443
208.66
206.677
208.198
206.98
228.847
214.205
210.323
207.438
228.442
211.588
211.641
208.152
208.404
219.765
208.728
215.098
209.029
226.877
215.015
208.976
208.261
209.887
217.726
208.054
209.497
208.204
220.67
224.592
207.123
208.823
211.205
222.524
202.104
208.843
208.307
222.221
209.268
217.86
216.673
207.651
213.089
205.679
211.974
209.502
225.405
215.587
209.128
209.254
226.103
215.195
201.222
197.764
197.293
207.543
200.978
197.958
197.274
196.936
206.159
196.497
195.384
211.294
211.82
199.002
198.033
195.391
196.282
207.258
196.322
199.78
198.313
197.176
212.267
195.964
197.938
197.438
207.943
197.826
195.625
195.889
196.307
213.736
199.579
196.464
196.007
197.628
209.724
200.478
196.816
197.732
206.279
201.417
199.221
199.196
198.514
211.312
199.843
196.1
197.714
197.39
210.637
199.041
204.957
197.092
209.233
197.962
199.442
194.978
196.472
218.304
198.972
197.443
196.485
195.984
215.109
206.297
198.476
198.538
208.458
200
198.653
196.454
197.528
204.488
196.989
194.356
195.706
193.336
220.589
199.134
194.54
193.787
193.173
209.814
197.562
194.755
193.189
202.332
208.314
222.661
207.243
204.656
218.624
205.374
203.714
204.046
210.709
205.28
204.044
203.948
202.799
212.599
307.627
227.472
210.228
219.786
198.671
201.401
197.21
198.972
212.214
196.464
196.361
194.881
237.709
230.594
212.897
205.167
202.102
216.198
203.115
198.173
198.03
217.07
203.272
200.068
199.921
201.077
214.439
203.603
201.043
202.588
201.707
213.581
202.173
200.131
199.857
214.697
202.908
219.253
201.608
200.762
215.857
202.137
202.134
199.77
200.683
217.849
201.716
200.191
199.89
212.603
202.712
200.435
200.895
201.972
233.765
201.244
201.672
200.943
218.364
206.195
193.284
195.279
193.985
214.278
205.817
200.4
204.942
213.166
216.812
204.909
202.716
201.216
212.969
198.236
196.404
197.11
194.145
215.579
199.075
198.899
195.779
197.33
218.487
199.019
196.945
202.079
218.152
202.226
203.206
197.958
199.77
217.48
199.75
202.888
197.102
209.023
255.261
200.442
214.86
201.64
218.77
202.323
198.536
199.201
212.542
204.087
203.929
214.6
206.558
218.547
206.294
206.408
205.401
209.265
204.011
199.151
200.715
204.921
217.504
201.025
209.07
201.038
202.056
217.929
201.338
202.824
202.85
224.155
206.089
203.416
205.422
207.663
231.313
226.568
213.013
210.089
221.419
212.82
210.338
210.484
207.27
214.998
210.44
214.598
209.833
224.15
213.171
211.148
209.07
219.449
214.791
211.431
210.201
210.517
229.809
212.288
211.422
212.656
222.448
212.749
231.785
211.623
212.676
218.009
208.123
209.548
227.751
234.855
221.805
221.944
220.893
238.404
220.009
220.791
219.543
230.045
219.537
217.418
235.378
223.313
211.925
201.131
199.86
196.574
210.809
198.594
198.505
192.698
191.306
211.166
194.749
192.223
195.04
196.401
217.326
194.337
193.823
194.881
194.471
212.796
194.942
193.799
193.204
207.069
194.207
198.529
198.301
196.921
210.749
195.661
196.761
197.265
196.036
217.03
201.847
197.479
197.443
196.783
207.805
195.743
196.467
210.789
220.412
196.783
195.458
194.89
194.373
205.249
194.882
201.86
195.734
193.846
215.658
193.919
194.127
193.137
194.507
200.079
195.315
195.895
193.952
202.337
201.709
196.074
195.691
202.371
210.205
193.75
196.449
194.022
194.176
219.441
207.053
207.381
194.806
211.455
198.058
195.511
194.562
195.861
208.213
197.383
194.743
192.731
198.915
212.831
195.848
197.448
194.725
196.55
210.518
194.458
194.142
194.443
208.683
242.685
217.996
210.977
202.631
210.945
207.889
212.096
202.142
211.053
200.47
206.006
200.43
199.811
204.382
200.751
200.316
204.07
199.326
206.498
198.668
197.88
215.634
208.072
204.222
200.423
200.15
201.636
221.697
201.442
199.952
212.406
222.641
221.111
218.232
208.861
228.135
250.953
225.899
234.996
217.7
222.843
201.294
203.607
200.436
206.545
204.6
200.254
199.594
213.165
226.043
231.609
219.384
226.023
231.741
234.859
227.964
218.815
231.168
196.068
209.177
194.698
190.674
217.483
191.979
190.977
198.808
194.869
208.335
192.09
192.106
190.562
204.436
193.269
189.182
193.735
191.601
221.539
229.681
205.982
201.063
198.828
241.695
204.432
199.641
196.98
202.74
200.124
197.004
197.656
197.23
216.261
200.202
198.985
196.983
198.139
212.057
214.975
199.068
202.278
212.579
202.603
198.588
198.664
196.511
212.278
197.575
198.203
198.089
196.532
208.736
205.387
197.532
196.953
204.583
221.616
202.37
201.151
197.722
201.621
202.911
198.426
197.828
201.436
219.49
198.026
198.202
197.508
200.436
215.921
197.487
199.363
198.066
223.115
228.937
217.502
212.841
212.516
226.567
223.944
205.858
208.465
232.111
228.258
208.093
224.769
224.75
209.203
208.636
206.916
206.236
230.774
206.919
206.586
203.536
213.147
211.346
213.328
211.81
211.09
229.383
209.06
210.461
212.549
231.807
197.073
193.204
186.368
189.795
207.292
182.824
182.999
182.411
181.206
194.735
181.109
193.105
181.655
180.853
199.924
183.75
180.522
184.75
181.548
194.324
192.72
261.858
202.798
207.485
199.395
196.12
194.821
195.773
210.006
195.509
197.712
195.8
200.543
205.307
196.224
196.108
194.18
195.398
211.732
195.273
195.019
193.963
210.523
200.613
195.815
194.844
197.304
212.937
197.054
203.311
195.109
195.821
207.68
194.345
196.393
194.795
194.744
206.675
196.921
194.597
195.954
206.314
205.972
196.441
194.484
195.542
213.121
198.668
194.829
195.312
196.453
205.293
195.419
248.914
196.384
209.936
352.406
192.429
191.937
199.492
205.031
189.833
187.836
187.552
203.55
189.557
189.567
188.762
186.353
199.203
188.538
185.281
187.991
188.555
200.098
199.981
192.195
190.487
297.699
239.87
196.771
192.687
195.247
203.894
194.339
195.145
193.26
200.88
206.353
192.234
194.615
194.35
194.387
253.662
179.554
175.974
176.469
175.039
187.81
176.633
175.896
174.474
176.529
189.377
175.367
170.423
173.217
171.335
200.838
182.137
177.728
177.321
177.176
192.443
181.722
177.257
175.965
175.529
177.16
191.905
175.489
174.905
176.604
174.791
192.549
176.596
175.68
175.069
177.595
191.59
177.475
174.083
173.731
175.725
183.953
175.158
205.692
192.733
172.135
177.914
180.45
171.199
169.127
169.307
170.446
207.623
198.288
193.963
229.596
234.164
234.437
241.963
233.539
245.59
236.687
236.106
233.978
239.787
235.329
236.609
235.533
244.974
238.447
234.933
234.21
274.658
241.453
240.103
233.589
252.222
238.49
235.15
237.355
249.282
233.875
253.756
236.66
246.209
236.074
235.843
238.24
239.218
233.897
236.122
254.944
233.258
238.204
235.015
245.295
236.829
235.63
233.455
240.669
236.983
244.059
234.876
251.143
235.809
205.067
226.36
238.324
234.858
205.562
217.524
207.65
212.492
192.959
193.442
193.004
201.996
213.98
196.231
190.985
189.461
202.925
193.261
190.691
194.792
198.641
209.06
192.926
189.541
191.325
206.824
210.444
190.52
193.147
191.684
197.244
206.457
190.871
191.933
190.713
189.608
197.192
191.262
190.247
190.956
203.039
192.405
190.195
190.223
202.26
207.576
191.944
188.853
191.774
232.59
205.442
189.731
204.291
193.203
193.776
205.441
191.653
193.521
190.351
197.094
193.241
192.141
189.06
189.88
201.334
191.106
190.54
189.861
190.462
201.334
191.582
190.23
190.1
191.658
204.883
194.225
192.823
189.372
193.699
202.991
190.322
190.219
189.205
202.191
224.789
188.272
200.934
181.491
183.066
194.332
182.558
183.021
182.795
182.61
196.014
181.763
181.488
182.729
181.094
196.699
184.281
184.506
191.904
185.852
197.802
182.962
184.245
182.237
183.161
192.819
182.381
182.564
182.289
189.304
200.225
185.156
182.919
182.393
182.766
197.18
182.854
183.918
182.323
183.136
197.815
185.018
181.776
183.454
181.388
208.829
185.906
182.773
183.96
182.914
189.927
185.241
184.285
182.994
183.286
199.316
185.855
183.121
183.39
182.589
196.094
185.03
183.316
182.838
184.044
192.842
182.961
194.769
184.161
183.724
191.716
182.513
185.054
183.583
181.668
202.026
185.795
183.993
184.308
184.823
195.804
217.781
200.272
187.746
183.916
196.582
183.503
181.926
183.954
183.214
196.225
184.276
182.798
184.064
183.466
198.12
184.513
188.75
182.855
183.397
193.712
184.856
182.002
184.389
184.606
195.188
184.468
184.147
182.078
184.234
202.778
198.704
183.938
184.164
182.922
196.989
184.044
183.603
184.034
183.78
194.402
185.876
187.326
185.278
184.467
193.551
185.259
183.268
183.493
185.18
194.514
186.333
183.392
184.745
183.36
192.649
193.794
186.961
183.509
185.118
193.225
187.1
184.615
182.965
183.756
184.51
185.421
185.349
183.854
184.904
187.393
201.575
186.311
184.041
185.241
184.685
199.136
186.875
184.959
184.244
185.632
200.358
184.57
230.247
205.896
206.022
193.508
191.358
192.435
191.753
203.697
191.466
191.014
191.018
191.876
210.137
194.654
192.234
192.359
191.289
207.058
193.271
191.229
192.288
191.734
203.085
192.63
191.138
190.393
191.586
202.661
191.343
192.09
191.56
191.845
205.659
210.928
202.784
182.862
240.116
216.638
188.652
185.809
185.278
201.809
186.778
183.981
184.007
185.761
195.397
183.834
185.282
184.161
184.598
203.275
185.999
186.544
185.26
184.338
202.432
186.429
184.546
185.02
183.68
202.501
186.528
184.695
183.226
184.243
198.067
186.253
185.277
183.825
182.968
195.466
189.384
184.657
185.394
182.811
196.001
186.036
183.556
197.377
219.608
224.842
208.693
207.765
207.903
208.503
212.549
210.574
208.844
208.209
224.252
209.291
208.199
210.006
218.099
211.684
210.287
209.028
211.947
223.569
211.43
210.059
210.497
217.1
211.006
210.014
208.97
208.395
220.392
240.619
241.55
236.359
248.558
237.803
239.489
240.812
255.156
240.516
242.273
236.615
251.193
236.559
214.67
210.023
222.227
208.489
207.449
206.523
220.025
214.185
208.383
207.352
210.329
224.685
209.768
208.453
207.942
226.784
212.95
206.499
207.037
214.246
221.815
209.608
206.797
207.62
249.512
241.255
211.218
208.58
256.57
229.184
200.953
200.177
203.945
218.387
207.012
205.789
206.233
216.834
206.38
205.965
207.59
204.983
216.555
206.778
205.716
205.194
213.993
206.286
206.561
207.298
204.724
217.798
206.604
204.532
205.826
220.138
242.898
217.98
217.722
217.509
234.182
218.27
217.227
216.796
231.072
207.199
205.888
207.972
216.555
210.186
207.079
204.679
206.697
221.23
205.561
207.547
206.702
219.56
208.095
204.699
206.504
204.389
217.677
206.082
207.962
209.641
205.638
208.095
207.148
206.988
205.771
224.369
205.304
205.575
207.659
205.407
209.794
210.895
206.835
208.234
226.528
263.167
197.045
188.553
225.22
200.951
190.879
188.072
188.049
206.08
190.688
186.491
188.633
187.871
208.446
194.467
197.02
193.302
193.021
204.744
193.142
192.763
192.496
192.554
207.051
191.739
192.409
192.199
191.547
196.938
193.745
193.041
191.38
202.572
191.513
216.845
207.04
192.644
206.221
189.986
218.06
197.041
279.824
246.05
198.416
195.626
194.48
210.675
194.528
190.086
194.123
201.301
281.635
229.548
199.721
183.082
210.735
197.792
193.568
192.532
195.376
212.348
195.443
191.136
193.545
203.52
198.291
216.385
207.914
204.585
221.064
203.743
236.309
208.687
218.088
238.882
224.812
223.938
218.353
240.652
237.16
208.39
218.775
242.672
242.772
214.129
256.856
243.16
241.926
239.233
247.283
241.247
241.831
254.276
240.446
243.516
215.099
210.216
201.886
204.306
202.949
256.604
246.829
246.28
259.906
242.221
244.507
242.624
260.392
211.218
204.393
201.175
246.745
245.72
243.962
249.755
244.799
243.079
243.454
247.911
242.861
240.654
247.253
247.104
225.229
267.265
272.023
206.641
202.724
201.794
211.99
201.064
201.945
200.863
200.038
215.136
201.191
200.699
206.634
231.664
207.001
205.043
203.028
204.147
218.161
203.389
202.85
202.544
203.393
224.784
213.206
202.115
197.275
278.974
260.755
264.898
270.05
266.271
262.781
264.346
300.023
265.263
280.748
262.766
249.567
261.106
261.383
275.073
259.479
258.778
279.121
264.899
263.308
258.693
263.692
204.368
195.773
263.42
282.984
245.158
233.012
233.24
242.93
234.382
233.495
235.95
243.696
233.683
201.469
231.686
200.98
203.578
189.941
190.375
189.172
190.589
205.49
189.873
193.945
191.839
189.902
236.321
199.909
192.708
190.42
236.189
206.267
204.968
203.039
228.938
205.22
183.711
181.051
182.511
191.763
184.616
181.066
180.344
180.821
183.13
185.875
181.906
180.591
181.048
180.204
196.458
182.862
181.235
181.72
182.383
192.553
184.11
179.651
182.201
183.915
200.107
182.783
181.539
180.66
182.462
195.662
181.646
180.841
180.564
180.651
202.864
184.251
182.733
187.301
182.305
198.362
182.489
222.955
210.459
196.219
207.269
229.53
238.728
235.954
250.735
239.229
243.052
238.724
253.485
237.662
237.776
239.066
249.728
238.294
239.71
237.463
240.682
239.569
242.026
241.25
236.816
240.007
238.017
234.825
287.747
188.428
177.695
177.29
200.636
182.564
179.623
177.581
179.262
188.962
179.56
179.069
178.925
178.393
201.027
185.151
179.757
179.5
177.715
192.252
178.606
179.636
178.333
178.807
190.838
180.504
178.447
178.435
179.051
187.299
182.7
178.51
178.285
179.6
178.368
196.513
179.6
180.229
178.35
179.181
200.552
182.414
179.149
178.409
178.947
189.843
181.478
179.693
179.775
177.742
188.299
191.39
179.559
180.666
180.194
188.988
191.87
189.383
187.224
186.748
198.299
187.081
186.257
184.158
185.989
198.279
186.721
195.995
187.326
187.082
204.496
187.43
184.092
185.376
185.803
199.015
185.06
185.557
185.919
185.13
198.297
185.899
225.004
218.467
209.479
221.779
210.435
208.324
210.156
225.007
211.286
208.859
209.211
209.683
227.109
219.854
212.787
208.186
225.852
215.777
211.229
210.708
224.859
215.175
213.528
209.29
206.086
226.454
203.786
270.911
271.025
284.221
270.067
273.605
281.912
269.01
268.844
270.879
281.629
270.096
270.417
284.261
273.538
269.728
269.452
285.064
276.755
273.033
287.704
271.548
270.775
267.97
285.251
268.572
273.28
303.033
271.584
269.68
270.186
272.419
216.803
206.394
285.289
271.081
211.55
219.449
256.345
275.995
271.807
271.262
287.75
267.064
270.387
272.234
280.602
274.774
269.684
278.105
270.189
269.451
270.471
273.975
273.993
270.144
281.704
272.352
276.779
271.841
268.977
269.786
271.815
290.594
269.92
271.965
275.071
270.491
274.712
268.636
247.242
205.996
204.997
221.167
240.323
240.559
237.241
215.929
263.353
238.728
239.112
203.81
257.762
239.798
204.023
190.684
188.778
200.896
190.672
188.913
188.155
187.744
199.607
190.314
188.864
188.174
188.596
215.77
239.106
200.338
189.154
250.297
206.672
189.04
190.35
188.165
201.913
188.468
188.898
188.285
188.252
192.065
187.393
188.459
188.435
186.14
218.4
193.15
187.482
198.11
188.149
200.84
187.115
187.737
214.941
215.75
232.391
199.272
209.755
200.957
209.124
191.297
192.185
192.97
199.112
209.592
193.564
192.826
194.387
193.478
195.974
192.472
190.841
192.184
203.323
193.791
191.954
190.677
192.183
205.675
192.215
192.447
191.099
191.99
205.885
190.63
191.169
190.149
193.274
206.411
192.478
191.846
191.873
190.6
207.313
193.241
190.57
191.332
190.811
195.037
191.439
190.614
190.076
201.725
193
191.669
190.2
191.71
208.364
229.535
211.753
209.885
207.208
220.426
209.144
207.81
209.066
225.018
208.368
208.78
207.15
209.432
224.806
209.296
208.904
208.396
225.467
209.65
207.599
206.707
208.125
212.21
208.335
208.954
206.714
220.508
202.717
200.672
198.922
200.775
274.494
233.05
215.677
235.533
245.437
230.627
234.037
235.249
224.529
210.762
207.008
204.591
221.569
205.529
205.381
204.633
204.649
218.631
207.62
205.148
203.946
220.596
206.306
207.603
205.528
204.79
218.319
205.93
202.407
204.445
218.404
207.153
204.358
205.184
205.13
221.139
205.283
234.63
233.477
223.783
214.481
220.499
186.881
188.017
197.293
186.08
183.258
178.735
182.464
202.132
184.829
183.963
182.49
182.079
191.382
185.104
183.37
182.477
182.557
195.497
178.23
177.798
182.705
182.8
200.025
181.009
181.407
181.193
179.512
196.025
180.536
181.909
180.519
180.612
203.323
182.344
181.536
181.987
179.921
195.334
180.356
180.749
180.922
179.925
201.831
181.217
180.423
180.997
180.473
196.273
183.057
180.79
180.383
180.399
188.96
197.866
194.092
208.778
242.905
242.048
202.47
207.521
194.676
203.59
195.304
192.251
199.683
193.912
201.521
193.574
191.734
193.512
192.098
207.007
194.636
194.237
193.397
192.826
205.752
193.164
206.047
207.07
200.468
191.006
188.131
186.08
183.586
203.781
186.042
183.346
183.4
184.251
193.728
185.203
184.161
182.603
183.382
192.382
184.77
183.764
183.92
184.418
194.056
184.726
183.476
182.654
189.972
222.601
210.735
194.179
194.538
193.816
208.077
194.065
194.846
193.803
194.83
214.39
194.225
194.507
194.767
200.943
196.318
194.416
195.045
193.328
198.333
196.004
194.778
192.627
194.023
202.892
193.54
193.839
192.681
194.938
204.715
204.251
193.328
191.884
205.369
338.469
208.056
181.472
178.441
191.29
179.739
177.811
177.202
177.647
193.5
179.025
178.282
185.178
179.929
189.693
177.794
178.312
193.759
198.557
202.97
190.955
190.309
189.635
187.343
204.349
188.913
190.552
188.616
188.144
199.911
188.135
188.896
188.59
188.002
201.886
189.14
187.68
189.172
