481.901
327.232
263.524
221.842
205.658
197.963
215.123
195.803
194.026
195.815
212.336
199.094
194.916
196.221
194.853
214.607
196.687
196.543
200.131
194.043
208.372
198.36
192.769
195.036
211.607
236.191
231.088
1431.41
338.538
297.058
246.873
252.742
237.929
240.505
248.134
278.922
282.387
271.316
262.037
251.058
244.965
251.091
269.816
207.028
198.423
197.864
196.408
209.364
196.823
197.879
202.336
215.099
201.599
282.477
289.133
276.691
326.937
534.211
551.879
544.271
472.286
432.841
402.345
397.07
347.582
349.834
315.911
265.024
274.534
300.171
286.033
276.489
268.754
257.389
272.974
274.976
310.194
280.642
271.392
268.351
289.001
247.229
307.038
278.471
244.078
243.551
241.675
257.187
242.464
237.565
243.37
256.811
237.499
237.842
240.817
258.27
237.842
243.84
262.669
247.359
235.343
240.131
253.9
243.24
236.853
241.611
251.791
239.24
241.497
239.563
254.839
242.436
233.845
483.303
253.211
246.486
238.869
259.821
239.263
233.424
233.541
259.78
250.486
239.533
254.136
246.422
235.83
243.734
268.044
273.876
251.991
252.045
257.819
249.387
248.195
252.398
255.984
245.63
275.04
261.308
242.031
239.112
243.328
266.958
237.301
256.562
256.661
290.71
255.479
243.959
243.272
248.399
239.071
235.299
296.425
255.262
246.748
246.213
258.137
245.382
244.195
249.524
264.546
250.982
248.847
252.386
259.46
247.728
244.714
262.872
254.033
248.961
248.626
264.306
248.396
248.93
238.39
268.285
227.481
220.39
233.03
231.617
239.745
224.032
213.686
234.655
224.649
215.099
212.205
214.585
225.31
211.204
223.843
264.465
240.002
217.591
216.044
220.345
236.111
220.333
218.579
219.182
235.16
220.267
219.16
220.408
219.68
221.566
218.076
218.33
224.563
231.39
217.478
218.561
219.533
232.532
220.164
218.678
224.146
238.985
219.697
218.817
218.219
218.559
232.176
221.789
223.123
218.399
231.473
221.386
218.406
218.843
233.183
219.641
224.481
218.766
220.116
221.929
220.309
219.123
216.05
236.787
222.377
219.232
216.646
231.443
219.4
219.272
216.008
236.559
225.421
241.445
250.582
233.364
212.24
209.925
207.567
208.318
217.389
208.981
207.292
256.831
225.545
207.208
202.206
205.972
231.855
223.893
210.045
211.616
210.718
224.352
209.711
211.861
216.104
224.152
208.976
210.658
211.24
228.745
211.55
211.791
255.718
225.985
233.024
220.836
219.009
219.082
229.521
219.453
223.882
216.892
230.033
219.055
217.109
218.571
232.221
216.272
219.065
212.252
212.24
246.778
222.769
223.256
221.936
238.57
229.808
222.667
223.218
245.869
230.732
223.569
221.822
238.196
231.858
225.013
222.019
261.051
230.173
226.877
225.665
237.202
233.852
229.07
225.29
228.603
227.97
228.512
226.431
226.754
248.643
226.521
227.175
226.88
245.684
227.849
226.731
226.58
255.188
229.181
226.788
227.713
239.674
228.502
225.165
229.99
242.471
227.761
225.108
228.475
241.948
229.743
226.27
227.704
239.573
236.502
229.846
227.503
247.371
228.799
225.025
226.715
246.967
230.08
226.357
227.847
228.101
235.112
225.755
227.761
233.527
244.714
226.652
227.786
226.712
244.146
226.294
227.163
233.201
241.108
227.981
227.247
227.555
242.721
225.281
219.767
222.774
227.867
239.777
230.004
245.401
227.009
212.603
213.304
218.94
211.012
222.48
213.662
212.341
211.239
219.553
213.09
219.599
212.137
222.309
214.572
212.684
211.614
210.291
225.795
219.442
211.987
210.471
234.377
212.856
211.465
210.902
223.541
219.487
212.964
211.218
211.37
221.707
210.216
210.673
211.221
241.019
212.586
210.852
210.801
210.88
218.764
227.854
229.545
244.215
229.491
228.261
228.59
235.977
228.152
226.988
228.781
246.631
229.007
228.438
230.026
244.723
228.814
227.552
239.22
233.644
228.963
227.607
243.155
228.187
227.473
228.736
251.771
232.164
247.549
270.304
276.983
201.38
195.379
196.264
209.018
246.643
223.517
219.761
237.046
224.402
221.681
222.047
236.355
230.477
223.878
222.597
238.498
225.415
222.3
220.987
229.833
237.608
220.085
218.029
220.522
235.283
225.358
221.548
221.478
248.329
225.141
225.893
226.97
241.14
227.046
225.781
226.794
242.466
223.727
221.03
225.25
239.021
226.473
224.652
225.202
242.059
227.379
223.827
227.49
224.603
241.234
222.42
226.14
230.077
239.349
223.677
228.105
224.695
240.714
221.181
224.94
230.7
245.551
225.458
225.608
224.595
242.072
224.392
224.907
230.22
237.668
226.801
227.275
225.785
236.098
227.199
227.533
231.004
227.03
240.206
228.968
223.794
225.943
240.622
225.545
229.554
226.241
248.712
223.854
216.997
214.824
230.952
217.176
221.248
214.751
227.615
221.412
215.987
214.864
213.578
227.771
222.116
216.291
215.32
232.994
217.04
215.908
215.325
227.466
224.722
216.362
216.158
216.361
221.703
216.732
216.071
217.337
237.037
217.391
218.326
219.196
229.168
221.107
215.126
216.254
222.454
227.28
216.125
218.451
215.166
230.109
215.699
216.75
221.406
229.184
217.582
219.536
216.528
215.56
249.301
217.401
224.57
215.43
224.831
217.598
215.205
214.787
219.758
230.968
219.252
220.458
233.377
256.326
252.979
232.975
232.085
228.251
231.658
227.069
235.193
228.988
225.278
226.393
236.32
227.07
229.822
226.078
231.749
260.464
235.403
238.572
268.664
267.046
271.205
279.363
248.846
236.796
233.261
245.749
233.639
233.418
237.963
245.011
234.711
235.21
232.219
247.112
233.377
238.829
240.418
246.706
234.395
235.385
233.502
249.025
235.569
234.102
238.899
246.854
235.229
235.541
233.86
245.947
233.64
235.681
240.66
246.27
236.182
234.944
233.047
246.452
234.43
234.059
240.286
246.643
237.686
237.271
233.012
247.612
235.894
235.172
239.302
248.519
234.122
238.354
232.592
249.434
235.65
234.639
240.862
246.841
235.806
235.457
233.828
248.471
234.417
234.838
239.737
247.127
236.583
236.364
233.809
247.669
236.549
234.177
240.923
247.904
236.685
235.226
234.925
246.531
236.265
234.694
240.481
246.844
236.359
237.29
235.006
245.355
236.222
237.046
239.623
249.04
236.826
237.354
234.257
244.352
236.028
235.514
241.1
250.243
236.619
235.393
233.892
245.435
235.661
235.153
241.846
249.461
235.974
236.522
234.85
246.47
236.468
236.633
242.985
248.561
236.311
236.807
234.477
247.035
237.554
235.741
241.551
249.562
237.446
236.97
235.052
246.423
236.242
236.101
242.083
251.293
235.913
238.546
235.576
251.993
237.882
237.785
238.711
249.935
233.307
235.507
233.909
248.841
234.594
234.035
239.463
248.559
235.316
235.175
234.128
252.181
236.76
235.59
246.15
251.055
237.916
238.889
236.529
245.92
237.073
236.514
242.52
249.785
245.241
281.778
240.628
248.309
231.001
231.123
236.466
247.316
246.271
249.334
244.699
257.078
238.341
240.576
246.754
253.974
238.648
244.091
248.592
242.726
237.081
240.547
256.699
269.782
242.966
243.349
264.78
269.052
255.221
261.164
279.951
260.599
258.119
271.042
261.241
270.044
268.419
256.853
249.229
243.108
241.966
258.17
242.685
242.156
243.456
252.954
249.137
242.427
237.415
247.571
241.834
242.815
270.669
244.104
255.614
244.046
259.632
246.067
269.5
243.079
286.375
270.873
252.465
254.316
261.401
273.051
244.779
289.419
273.018
268.228
250.177
286.159
271.577
246.486
265.954
272.308
268.263
245.253
285.496
272.465
270.113
258.14
262.736
264.57
238.67
241.758
232.834
226.654
223.727
242.089
226.196
226.213
225.779
228.328
232.595
226.396
225.016
228.546
228.486
224.095
222.374
225.263
247.125
225.834
225.999
227.831
241.889
225.672
224.893
226.687
248.384
227.123
224.923
227.191
238.555
225.117
223.187
226.176
247.609
228.511
223.864
226.904
237.565
227.614
224.033
227.032
246.006
228.622
224.77
226.931
223.656
242.344
224.676
226.237
230.835
241.611
227.048
226.899
368.637
225.295
211.639
215.898
219.42
218.651
214.381
211.641
210
223.417
210.716
210.803
216.283
223.333
213.729
209.919
209.839
210.315
223.399
209.004
217.241
209.82
222.952
210.771
209.268
211.08
209.763
231.94
217.207
210.876
212.025
221.963
210.193
210.037
211.426
208.689
220.443
210.019
212.099
211.153
221.509
222.451
214.789
211.374
233.089
214.21
213.546
212.416
210.899
227.056
213.108
211.296
216.569
227.989
215.797
211.883
211.468
226.508
220.645
214.987
218.145
211.25
224.337
213.315
211.664
211.339
225.703
212.965
217.717
225.535
215.577
214.924
211.908
212.109
213.245
225.96
217.884
210.732
213.592
227.904
254.013
242.882
229.291
240.473
291.466
274.842
283.967
341.208
276.35
273.983
315.335
294.846
301.072
322.009
296.78
296.109
310.207
299.544
295.732
298.51
302.788
283.109
275.199
285.567
276.369
288.802
334.816
298.898
292.76
308.414
301.675
294.943
300.439
290.782
297.347
296.129
335.837
288.218
273.492
291.684
272.796
276.051
286.856
296.965
305.445
296.093
303.425
297.398
297.952
291.451
274.738
288.288
303.638
286.24
297.955
292.91
274.26
276.053
273.335
279.527
284.441
277.863
292.174
298.588
298.904
306.727
288.456
284.058
279.072
289.988
277.288
277.091
303.29
287.62
287.194
298.763
282.414
279.32
276.483
268.605
289.845
296.55
336.312
301.049
304.717
313.552
304.595
303.726
298.224
303.49
276.296
276.513
299.664
302.835
289.578
288.288
275.132
273.988
287.172
290.871
277.178
275.322
288.63
272.709
273.349
283.488
275.032
272.66
278.35
312.272
275.653
273.224
287.57
296.095
271.063
286.015
277.816
273.474
273.722
251.122
288.095
264.23
297.72
273.342
281.248
274.558
273.898
273.909
274.501
287.844
275.743
274.655
279.714
287.436
280.208
274.188
314.658
284.924
286.468
300.94
300.423
295.337
298.808
299.082
271.001
272.664
270.211
257.978
276.887
258.812
271.567
230.73
254.097
265.297
231.251
258.1
241.766
233.535
225.989
222.534
221.709
221.479
233.143
220.69
224.806
219.821
232.44
219.604
220.609
223.42
239.902
223.159
225.69
221.339
236.55
224.213
220.88
221.76
232.469
223.645
226.308
221.619
222.831
235.604
220.47
221.145
227.518
231.631
225.977
222.415
222.184
241.897
225.044
221.011
221.298
236.196
228.185
220.326
223.942
232.673
222.01
222.414
221.27
220.913
239.637
221.94
223.621
224.175
234.014
223.356
220.713
221.131
248.684
223.306
223.327
221.575
240.452
225.709
221.09
221.913
240.15
224.784
222.706
221.887
221.416
226.244
222.714
221.462
228.028
238.585
229.236
223.126
222.982
239.513
225.168
223.678
227.54
240.976
225.148
219.982
221.483
234.929
224.319
222.895
228.656
235.026
227.891
220.764
221.309
232.067
284.131
249.301
237.495
242.188
235.391
233.551
227.191
234.089
224.736
222.955
227.289
223.09
234.338
222.24
220.529
222.745
229.896
223.626
226.666
222.059
238.45
221.034
221.361
222.711
224.619
222.029
226.721
220.753
220.72
224.588
220.076
222.376
221.102
238.287
260.84
291.175
279.957
254.842
248.958
250.141
242.385
221.861
224.142
223.212
236.968
221.144
216.851
220.364
219.01
262.084
229.024
221.393
220.244
240.262
219.802
221.448
228.69
233.847
230.081
222.51
221.617
234.93
223.137
222.141
220.787
226.626
228.918
222.599
222.059
220.349
225.669
245.674
252.166
252.776
234.424
252.271
236.355
243.003
228.693
253.626
250.622
255.474
283.936
265.722
265.449
278.916
264.071
261.933
276.432
265.707
271.68
264.937
297.624
278.844
275.052
296.934
281.244
275.708
280.492
280.469
266.928
265.825
274.784
264.746
266.595
266.634
298.171
264.047
264.171
287.996
276.195
266.048
264.068
281.677
270.438
265.675
286.734
263.289
396.961
263.734
213.048
204.204
232.774
224.134
213.651
209.13
224.074
226.816
242.741
229.608
236.115
219.717
225.224
215.823
216.197
218.642
231.096
219.328
227.97
216.763
214.944
217.972
214.838
216.105
214.254
226.724
220.883
216.074
214.916
226.261
213.914
214.971
214.498
215.262
225.043
217.109
214.143
214.904
229.779
215.918
213.619
215.214
232.883
216.923
213.924
214.654
227.557
225.127
215.358
230.541
245.026
243.629
224.823
223.484
257.238
264.117
235.901
232.71
238.977
234.36
233.232
236.068
233.485
233.207
247.785
244.615
255.351
238.644
246.452
246.512
251.082
249.077
255.612
248.312
256.132
234.599
233.482
231.643
245.934
246.804
246.818
236.028
259.24
249.76
246.192
246.962
256.715
250.403
240.291
252.458
257.843
241.635
235.904
245.762
234.518
250.984
247
251.762
258.746
237.961
234.963
250.424
237.345
235.79
233.297
246.079
253.353
253.592
247.975
250.368
234.874
237.843
234.881
268.605
245.251
236.103
234.583
249.878
235.907
236.268
233.944
239.816
243.733
257.59
261.196
250.194
248.195
239.84
250.76
237.28
243.331
237.659
252.384
235.214
235.037
236.667
246.014
236.029
242.561
236.709
260.39
243.136
236.018
235.855
249.861
235.722
243.165
250.322
266.675
250.464
248.843
255.008
239.206
249.252
258.551
265.042
250.089
251.416
250.976
265.139
251.859
241.28
242.876
242.411
237.168
236.186
246.78
241.28
235.176
237.912
257.038
241.915
235.328
236.401
245.944
241.851
237.367
235.825
257.397
238.67
237.778
236.042
260.712
247.701
248.986
245.744
243.225
220.258
217.563
215
230.396
220.3
218.148
216.674
222.907
232.136
218.913
217.686
216.393
234.711
219.782
215.958
222.222
233.824
219.043
217.503
215.988
234.609
221.454
218.906
221.89
219.999
232.198
220.304
217.644
218.706
232.795
220.367
223.521
219.117
232.724
221.396
218.93
218.571
217.49
230.9
225.557
221.969
217.293
225.584
218.79
220.928
217.688
237.566
224.132
222.664
219.485
229.226
224.485
221.062
217.554
215.903
232.009
219.482
218.937
217.633
231.144
220.825
218.205
217.71
237.148
220.956
218.055
218.338
230.606
223.395
221.082
219.658
223.511
234.115
219.912
218.071
218.528
232.07
219.145
217.259
223.201
235.322
221.049
219.599
218.114
220.738
221.416
218.331
230.368
221.655
232.147
218.769
218.059
220.438
228.633
220.5
223.287
220.755
234.342
223.014
217.962
221.172
216.702
231.321
223.133
220.167
218.025
242.742
220.868
220.122
217.548
238.347
226.034
222.142
218.54
228.825
220.498
219.454
216.511
217.297
234.131
220.561
218.095
217.001
227.188
219.641
219.06
216.853
232.977
220.154
218.672
217.413
216.669
225.991
216.936
217.84
221.576
244.377
253.581
226.694
222.853
236.862
223.271
224.393
227.429
243.779
223.565
222.355
221.75
242.201
224.254
222.286
230.329
233.972
222.15
222.899
221.855
224.004
223.936
221.596
226.723
225.83
233.63
223.619
227.015
224.405
233.448
221.904
227.355
222.709
243.037
223.127
220.654
223.178
233.509
222.844
227.126
223.114
222.318
229.145
223.118
222.008
222.564
240.872
228.27
225.032
227.553
236.278
224.45
223.635
224.922
239.103
231.786
224.17
222.573
239.641
223.99
224.678
221.714
233.541
227.761
224.384
222.471
222.519
242.616
225.544
223.039
221.801
244.64
224.819
222.245
223.725
235.779
224.657
222.672
222.563
240.976
227.312
223.352
221.803
231.781
225.933
223.966
222.439
239.695
220.433
218.67
218.847
232.224
288.999
241.8
234.835
282.411
258.933
248.204
249.146
261.194
249.25
247.192
248.463
249.609
237.518
219.518
219.647
232.396
220.092
220.037
219.329
228.893
263.265
222.399
243.299
233.378
220.204
219.165
218.413
236.447
218.958
213.187
213.776
278.915
250.196
235.481
236.578
253.794
247.991
237.04
251.653
258.868
222.661
217.166
217.47
236.132
220.155
216.002
217.434
231.907
219.544
218.056
215.59
222.467
238.283
217.833
216.141
217.728
235.566
217.886
218.648
222.493
229.654
220.128
219.77
217.969
217.079
294.866
257.808
223.564
232.303
213.641
212.448
212.604
238.397
249.657
231.66
259.461
276.675
262.992
259.251
263.991
280.372
261.681
262.951
282.02
261.939
261.366
269.695
265.341
275.114
259.353
281.305
265.362
261.881
290.143
263.649
238.179
227.378
237.067
228.906
232.325
227.128
239.99
227.592
226.644
225.741
239.673
256.057
266.573
259.6
275.766
260.959
256.152
270.412
262.711
270.634
268.734
277.17
258.818
259.516
269.57
262.44
280.822
263.128
289.287
264.796
260.479
273
261.635
260.469
259.337
277.638
269.124
259.739
276.282
261.025
248.565
231.57
244.986
229.7
236.735
229.439
239.146
228.678
228.591
228.291
241.302
228.882
232.992
229.503
242.033
227.16
227.371
235.208
241.389
229.102
232.489
228.985
243.033
228.167
227.419
229.496
242.287
228.832
234.365
227.783
237.899
229.487
226.923
228.069
244.657
233.055
234.505
229.71
238.766
229.119
224.065
248.569
255.395
226.787
225.419
220.41
219.425
232.501
219.533
219.347
217.68
241.894
229.587
215.471
210.291
233.626
213.876
213.055
211.571
220.423
221.021
213.004
212.154
212.53
227.535
212.904
211.321
214.12
229.808
214.171
210.958
211.621
218.438
227.225
210.897
212.303
217.76
224.543
212.43
212.437
212.611
226.681
213.593
212.644
217.785
212.096
231.93
206.853
205.995
204.949
234.435
208.98
211.009
205.444
204.052
216.938
204.251
206.257
204.264
225.136
213.864
206.729
203.514
203.849
217.963
204.519
202.672
205.244
228.817
209.439
203.551
204.324
204.463
218.071
204.631
204.919
211.416
225.205
206.316
213.275
205.704
205.186
216.116
205.493
211.769
206.495
224.708
209.406
207.361
206.067
234.536
227.345
231.116
224.7
237.305
225.546
240.856
245.335
249.37
223.5
224.917
215.093
223.25
214.089
212.952
211.467
211.163
225.176
215.773
213.377
212.277
222.898
211.908
211.493
211.004
212.414
217.006
213.278
218.231
213.681
225.394
213.953
210.218
211.525
223.68
212.258
212.806
212.081
210.851
222.471
211.776
208.26
213.788
223.274
212.005
212.728
210.718
221.475
212.174
212.931
214.792
212.092
223.747
211.81
211.754
211.981
227.495
213.09
215.075
213.742
211.957
214.243
211.606
213.377
210.991
214.369
215.074
213.595
213.068
229.271
228.376
220.117
214.667
217.553
235.893
214.691
213.036
215.518
227.985
217.07
212.871
215.02
230.883
217.154
211.809
213.355
214.405
228.784
223.07
210.637
213.199
220.551
210.171
235.788
225.683
241.046
225.027
227.858
231.308
238.356
226.72
226.969
225.046
245.394
225.681
226.493
232.544
262.414
226.692
226.957
226.321
227.657
226.883
227.975
244.358
228.294
226.092
228.874
239.867
227.5
226.194
228.087
243.523
227.264
226.589
230.103
254.608
240.158
238.889
253.455
247.337
239.142
237.484
249.795
238.083
238.778
240.144
241.696
247.351
237.301
247.533
256.863
253.628
220.311
226.011
201.635
205.996
214.092
211.849
201.616
199.296
199.566
197.882
218.52
206.116
199.556
196.815
199.395
216.059
199.545
198.682
200.004
214.645
201.589
197.451
198.939
197.32
211.927
199.123
200.903
203.583
213.709
221.84
209.831
208.146
206.496
221.675
209.442
211.781
209.444
220.562
211.172
228.261
227.837
238.37
228.945
234.18
228.066
241.208
228.444
228.3
228.028
236.178
228.823
233.699
227.034
243.324
228.486
227.516
228.266
226.75
228.633
232.615
252.038
208.321
208.703
207.906
237.559
247.632
225.611
225.021
220.485
244.048
223.584
227.594
227.093
253.638
265.702
229.873
225.916
607.403
240.369
250.741
270.234
267.473
268.709
290.02
270.453
236.623
240.038
237.545
236.345
232.72
252.204
240.625
230.968
236.489
244.513
236.456
238.116
235.262
249.161
240.562
238.063
234.074
249.271
237.173
235.125
236
248.389
233.736
227.65
223.384
242.447
271.347
273.101
234.316
244.806
239.954
232.576
231.737
247.881
233.464
233.511
228.185
242.481
240.035
232.475
229.515
246.137
231.373
229.183
232.79
244.095
408.272
253.749
229.09
231.95
231.888
237.09
228.946
243.731
233.985
231.232
229.441
240.164
227.777
231.302
231.069
240.543
232.789
227.696
226.103
234.684
229.439
231.696
244.841
251.436
235.689
232.139
229.023
244.125
228.853
231.286
230.883
247.783
237.064
231.055
229.696
238.153
226.68
226.742
224.222
246.986
236.555
233.09
230.04
243.844
228.369
380.415
297.852
254.266
2729.27
339.025
262.586
236.81
273.77
232.508
230.554
235.89
248.274
225.524
222.531
222.958
267.951
263.036
238.407
235.716
257.99
237.285
233.816
236.924
249.584
237.034
234.093
237.181
457.074
232.231
222.531
239.683
222.259
226.371
218.754
255.857
259.798
235.787
219.066
266.576
220.997
219.654
215.449
246.865
229.581
220.044
217.496
238.089
220.973
220.519
223.53
234.717
222.86
221.073
218.242
215.165
245.926
221.885
217.691
220.205
227.135
220.513
217.654
220.991
239.338
220.144
218.852
220.505
247.996
222.48
221.437
244.131
237.825
223.803
219.244
220.547
225.909
234.991
219.204
221.451
220.603
243.624
221.899
224.354
226.187
241.233
222.102
221.141
219.9
231.894
222.173
223.154
226.301
220.222
227.941
220.833
219.142
221.076
238.786
222.65
227.456
222.3
242.281
224.438
220.058
222.237
231.436
220.543
223.135
218.745
235.669
227.015
224.702
222.159
220.025
238.423
228.998
223.663
220.245
234.884
227.089
226.23
222.703
237.647
228.78
225.982
222.504
237.024
222.01
222.36
220.254
232.717
223.876
219.834
218.742
218.078
231.443
224.084
220.709
220.018
237.771
220.787
216.934
219.689
231.684
219.046
219.59
231.724
298.047
270.874
307.085
314.428
277.409
280.91
306.852
227.214
223.06
219.594
238.862
253.816
246.263
231.71
231.105
228.138
225.054
217.893
217.901
230.726
216.114
217.876
219.353
233.544
223.84
214.982
210.655
235.53
217.514
216.75
215.663
216.255
233.123
215.978
217.083
215.888
228.782
214.273
213.274
217.322
260.402
221.909
216.392
221.187
231.166
216.555
224.068
216.399
221.586
240.017
220.959
217.368
227.885
229.29
218.134
225.541
226.321
237.107
220.781
215.891
215.469
227.429
214.644
206.454
210.194
206.699
226.179
204.113
202.386
201.611
240.177
224.311
227.056
222.684
243.142
259.758
220.027
215.316
232.523
223.968
223.343
216.725
215.387
228.987
217.87
216.997
216.586
229.895
224.129
218.224
217.31
233.551
218.444
217.307
216.698
228.538
226.119
222.513
218.624
217.956
238.541
218.059
216.889
218.336
228.258
218.471
218.287
215.049
233.523
236.503
256.513
293.855
290.432
268.64
264.503
291.667
290.28
265.35
279.908
323.026
265.942
277.898
311.804
264.038
249.858
246.848
247.196
248.889
256.041
260.082
247.876
246.645
247.377
265.051
248.174
248.263
255.707
250.538
244.902
248.812
247.293
263.039
246.871
248.241
271.626
249.193
245.089
265.71
284.631
264.469
291.479
270.94
288.463
276.266
274.851
291.16
275.245
251.794
290.015
249.539
256.688
251.521
281.443
246.618
250.203
262.129
241.864
250.591
263.894
308.232
256.585
251.244
253.184
277.76
250.285
253.326
275.473
255.593
249.542
253.414
265.952
247.473
251.861
258.528
279.36
257.909
255.166
235.999
215.755
204.864
201.789
214.098
223.205
204.516
201.936
202.627
218.585
204.726
202.57
203.89
208.152
219.356
201.115
204.058
202.651
217.038
205.502
204.32
206.938
203.633
214.14
205.274
201.154
203.238
200.946
213.895
207.359
203.608
200.818
214.247
201.291
201.401
202.189
202.521
218.497
202.436
199.563
202.741
213.103
203.093
200.789
220.687
208.636
216.041
201.521
202.279
201.797
202.009
203.126
203.984
205.692
202.44
218.486
203.9
201.902
201.307
201.563
220.112
207.93
203.088
200.914
212.712
216.098
209.601
216.522
263.422
262.209
224.547
220.059
232.171
225.003
264.238
244.846
249.578
229.115
223.623
221.291
230.798
219.821
219.551
231.734
345.431
252.386
232.944
225.431
254.334
239.299
234.811
236.511
249.412
241.887
231.65
242.153
269.208
233.301
228.806
229.03
245.84
237.067
229.605
228.429
237.368
224.753
220.913
217.719
725.543
320.749
286.457
275.97
280.029
287.819
279.687
277.83
275.828
314.399
279.325
280.326
287.309
280.345
274.672
288.002
246.407
262.194
256.098
251.737
235.539
235.075
236.241
241.497
233.1
232.56
221.914
238.296
222.247
218.676
216.667
233.603
224.045
225.729
218.171
218.14
231.243
219.651
219.95
218.882
229.155
221.402
214.722
214.325
243.615
224.733
219.038
233.505
250.778
243.186
234.96
234.205
244.229
237.186
220.631
221.429
233.024
226.652
218.925
218.903
218.896
245.774
237.078
221.315
219.498
249.607
224.139
223.179
222.09
237.916
224.207
221.341
222.948
242.976
225.297
222.839
222.705
234.939
223.615
223.458
224.226
242.021
227.784
223.595
223.601
237.125
225.375
221.802
223.197
227.674
236.977
223.009
222.882
223.985
228.105
223.594
222.99
230.13
240.329
223.512
224.101
226.12
239.42
224.489
224.492
229.008
236.112
223.477
223.666
224.517
234.512
225.85
224.051
228.82
223.08
237.419
222.331
223.55
222.856
234.154
227.697
229.814
222.869
237.76
224.025
222.682
223.848
242.95
224.85
228.412
224.484
236.088
224.792
224.954
223.916
236.538
227.587
228.639
223.441
227.3
226.975
226.046
223.578
223.335
243.531
230.531
225.872
221.867
239.149
226.053
223.942
224.605
244.256
231.49
224.094
223.507
238.755
235.989
226.28
224.711
240.665
230.217
224.213
224.112
234.567
227.063
225.149
224.136
237.864
234.819
225.553
224.98
223.494
235.971
223.792
222.597
230.027
243.631
224.878
224.713
223.925
236.19
248.318
224.144
206.609
227.011
204.225
207.467
203.905
204.7
221.013
205.168
206.958
212.3
221.282
205.729
210.373
207.473
204.218
222.026
207.292
210.3
207.49
217.819
206.898
204.643
206.612
203.683
219.003
211.1
205.477
204.79
219.437
205.726
211.176
207.539
205.53
225.228
206.29
204.088
205.805
228.381
207.148
205.772
206.901
211.884
224.032
205.507
204.948
205.586
217.737
204.597
207.12
219.353
203.165
215.19
201.988
202.303
200.736
223.804
205.822
209.505
201.234
199.138
233.621
209.081
203.559
201.418
216.645
210.143
204.202
202.995
201.882
217.281
209.782
203.373
203.38
219.722
205.054
202.142
202.712
202.198
214.808
203.883
203.169
208.645
218.667
204.823
202.643
215.052
202.754
213.894
202.884
209.105
203.846
201.16
207.383
204.878
201.809
200.756
216.047
210.792
211.827
204.305
202.259
224.432
203.76
202.944
203.038
222.373
205.788
202.136
202.743
202.781
215.671
203.412
203.386
208.149
220.642
205.713
212.91
206.889
202.762
215.012
203.097
209.03
203.058
216.386
203.002
202.931
201.28
203.075
214.167
210.2
202.618
202.24
201.722
219.153
202.468
201.181
202.724
230.687
211.115
202.079
201.518
202.832
212.161
202.032
203.967
208.643
214.121
204.024
202.11
201.628
201.41
219.078
204.192
209.034
203.446
210.676
203.633
206.767
202.209
201.761
214.788
210.486
205.271
202.584
201.969
208.478
203.265
202.674
203.91
221.836
204.436
201.124
201.858
204.686
217.773
203.81
204.05
213.449
221.5
205.445
203.987
203.804
202.146
228.064
207.674
209.12
205.222
212.576
204.245
204.367
208.384
204.051
215.921
209.325
204.462
205.202
207.269
204.745
202.147
244.663
217.204
242.602
223.173
219.411
221.686
236.644
221.248
219.914
221.222
238.091
230.361
231.08
231.078
248.101
231.796
225.649
221.934
246.389
222.054
218.758
221.707
221.516
223.911
220.633
221.216
226.644
241.234
231.387
243.053
231.273
234.289
223.11
223.695
229.543
237.486
224.299
222.198
224.5
242.809
225.132
223.787
230.776
234.228
223.567
223.735
223.718
222.625
246.677
225.737
230.555
224.385
238.956
222.361
225.567
222.058
239.872
225.544
388.115
225.921
216.945
214.044
215.363
213.129
234.845
220.434
219.889
214.103
222.946
214.048
212.57
250.594
260.129
247.832
256.9
254.052
256.33
254.81
255.691
257.814
262.244
263.146
272.666
280.39
210.214
201.344
209.783
269.426
257.673
211.219
219.728
237.01
214.55
215.169
216.08
215.041
227.771
215.429
219.875
215.958
227.596
213.413
215.085
213.542
227.798
216.675
226.371
216.081
212.171
228.622
235.941
234.908
249.933
269.398
224.144
213.652
213.936
225.792
215.469
214.264
214.045
229.775
223.55
215.274
214.094
229.13
224.539
216.462
213.35
213.915
232.144
215.152
213.13
213.771
225.461
215.355
215.226
213.454
231.326
217.78
215.126
213.759
214.565
225.685
215.046
216.288
219.052
228.709
233.133
216.111
214.871
223.753
261.9
253.599
253.791
263.955
243.947
240.421
243.407
265.567
302.677
299.906
261.152
232.478
231.614
228.274
239.444
288.989
238.061
242.011
268.002
246.273
242.748
240.85
257.446
239.804
238.861
242.69
257.74
223.514
226.428
214.694
229.803
213.225
213.885
213.114
245.207
214.745
252.77
247.353
277.786
263.773
257.281
250.904
274.679
246.427
237.316
235.208
256.673
238.586
237.345
235.433
259.848
234.862
237.072
237.351
256.853
235.406
235.704
235.371
255.804
237.237
235.916
235.003
249.92
235.636
235.382
236.827
258.336
236.646
235.834
236.254
246.264
241.228
238.595
248.027
250.05
247.507
244.455
269.081
258.179
239.554
255.216
253.034
237.572
229.84
228.497
243.854
231.777
230.721
230.287
247.718
239.055
230.104
230.251
244.567
232.91
230.684
228.782
241.758
238.682
230.708
229.702
245.295
233.447
242.732
269.932
256.144
239.71
268.109
245.698
248.582
244.192
235.74
234.901
246.116
238.748
231.12
229.388
245.854
231.571
231.951
230.466
243.436
238.317
231.81
254.677
290.227
257.61
239.166
247.526
250.087
229.338
221.073
223.737
233.117
224.489
227.096
226.32
244.88
228.836
221.421
219.016
267.707
224.847
220.54
220.245
241.211
231.326
220.427
219.232
219.713
240.128
223.072
222.799
223.242
245.4
223.479
222.547
222.396
234.489
227.794
226.332
223.702
254.36
227.362
222.591
223.415
236.92
224.75
223.93
245.141
282.811
250.723
224.986
260.403
257.696
203.179
199.206
199.895
205.05
229.33
201.436
201.141
201.519
217.258
204.198
200.362
206.846
199.967
215.33
201.24
201.2
201.329
211.805
203.718
207.498
200.977
209.201
233.498
216.837
213.934
211.273
222.59
221.631
213.499
210.839
211.911
224.325
213.231
211.988
211.192
230.382
212.324
212.129
211.584
227.638
213.772
211.925
217.541
219.43
228.574
214.695
212.962
211.066
222.759
211.808
212.579
217.833
222.049
212.153
211.164
212.718
209.826
244.048
223.447
230.845
231.898
233.048
218.458
221.582
220.661
240.355
217.499
223.952
218.318
252.342
250.984
220.263
215.919
224.916
215.733
221.439
211.522
215.037
225.24
215.314
213.276
212.251
228.74
220.235
210.218
239.967
252.736
214.671
209.695
208.476
207.824
234.757
213.811
210.902
210.104
226.364
227.838
220.881
217.75
240.824
221.285
218.157
217.598
218.987
231.91
217.95
217.143
225.775
228.596
219.227
216.515
217.301
229.812
219.944
218.256
228.232
217.175
223.503
218.073
218.732
217.97
229.188
218.562
224.536
216.701
229.946
217.973
220.777
218.952
230.255
220.163
224.984
216.656
217.109
238.063
221.155
219.384
218.034
231.931
249.589
245.149
222.342
235.39
222.175
218.725
219.27
226.986
226.53
217.058
217.783
217.396
235.459
220.014
218.138
219.159
240.093
218.16
217.676
218.395
233.891
219.351
218.94
217.278
237.643
231.137
210.364
210.741
230.526
232.711
227.925
230.922
248.506
233.562
229.293
229.296
241.302
230.491
227.945
228.285
256.851
229.239
229.215
232.309
252.747
221.081
220.94
220.092
245.603
220.464
218.929
219.615
233.122
221.406
218.557
220.061
241.736
220.513
218.851
236.149
233.668
216.014
213.535
212.14
221.965
229.146
212.859
256.763
238.463
237.415
219.346
218.687
235.276
223.202
218.819
219.472
219.021
241.772
222.37
217.53
223.386
229.267
219.392
218.36
219.539
218.366
229.966
220.282
223.9
217.337
230.316
220.359
219.075
220.463
229.428
220.588
225.138
217.95
217.822
221.676
218.348
219.647
219.49
229.127
224.45
218.119
217.741
232.203
319.413
243.931
222.384
235.747
243.142
245.38
235.456
254.755
234.23
228.513
224.054
230.38
230.751
222.934
223.237
233.1
223.124
221.296
221.585
292.649
237.052
224.823
221.391
228.774
224.206
220.486
219.773
258.762
244.815
211.151
212.905
215.988
231.39
216.813
215.533
216.337
236.244
217.555
217.949
214.732
224.921
217.943
227.379
216.72
217.431
234.922
213.421
217.457
215.784
227.123
213.194
213.468
219.259
236.372
231.433
213.983
213.99
213.701
230.27
213.792
220.014
211.566
225.355
214.58
212.643
218.817
228.453
217.1
220.82
214.507
214.098
235.84
216.853
213.801
214.32
226.778
244.475
220.412
214.751
228.706
216.501
213.301
215.132
215.894
233.337
221.121
216.498
216.011
234.002
213.116
211.48
212.847
230.574
213.915
213.163
215.244
215.659
243.734
245.666
237.425
241.515
249.728
257.124
244.586
238.206
227.72
225.157
224.278
230.871
249.946
236.696
238.924
237.749
230.82
225.081
224.783
229.412
240.505
225.132
225.535
229.879
236.359
225.451
225.876
229.873
238.564
227.243
225.572
225.783
241.295
226.009
226.459
230.667
237.746
225.17
225.067
225.281
238.376
225.99
251.259
231.873
254.57
229.247
224.733
223.524
231.674
237.722
225.458
230.193
223.133
236.917
221.431
221.19
219.96
232.171
219.884
226.88
220.994
233.993
221.482
219.935
220.278
232.302
221.499
244.633
256.348
253.665
238.071
257.367
243.066
259.273
244.976
252.405
243.49
259.075
245.866
245.613
255.972
263.831
276.456
287.533
269.151
261.101
259.864
277.521
290.875
266.941
247.55
291.705
263.694
272.003
275.462
294.28
264.19
262.677
273.702
284.719
274.196
278
286.101
262.179
240.267
242.356
235.835
235.645
230.626
229.878
245.441
233.844
229.955
229.76
246.324
237.884
230.043
228.893
261.02
232.461
231.312
229.914
247.844
237.474
231.472
258.403
285.468
239.949
246.749
292.993
266.94
266.596
259.149
274.671
256.591
256.377
256.972
291.607
256.514
263.827
268.698
268.223
257.317
257.651
259.06
256.117
268.916
232.475
237.274
218.587
218.499
518.584
296.12
292.809
369.328
255.963
228.776
240.988
259.808
241.936
230.807
225.319
282.308
229.66
215.42
212.583
238.713
214.491
213.42
213.669
222.93
215.835
213.335
213.158
220.484
221.132
277.051
250.013
293.849
296.115
227.497
213.859
227.765
211.814
233.63
218.746
252.935
224.753
212.938
210.4
249.829
274.712
229.138
223.955
239.116
231.748
224.701
221.756
223.574
234.809
223.909
222.183
223.842
254.61
231.168
212.766
211.839
239.152
215.837
212.521
213.49
231.889
222.476
220.551
218.671
218.432
231.85
219.085
218.371
224.425
237.186
217.673
217.029
216.649
237.745
223.338
221.077
232.504
235.285
221.988
220.488
221.281
220.037
235.362
220.17
225.203
243.562
255.91
234.961
229.315
226.897
265.969
261.548
252.756
243.754
261.024
263.149
242.546
257.67
261.404
243.462
232.392
267.994
264.436
247.505
243.187
245.121
268.676
248.384
259.891
252.266
235.609
222.378
230.555
239.445
235.305
228.907
242.247
233.48
231.237
218.835
234.664
232.602
242.642
231.507
251.389
258.785
235.545
231.039
239.707
254.851
254.728
228.215
241.037
232.303
230.112
225.355
242.238
255.096
247.503
231.015
237.919
219.813
213.668
216.443
229.431
221.611
215.552
217.665
217.808
225.758
215.699
213.207
215.473
237.575
217.732
215.467
218.877
231.823
231.557
218.546
216.062
216.047
233.765
219.278
222.657
233.057
230.444
219.054
217.214
216.733
234.157
217.944
235.781
243.36
237.953
223.069
219.218
219.279
251.004
225.09
226.845
221.81
218.433
240.916
219.584
220.329
219.599
271.834
228.599
223.249
218.14
232.684
222.578
219.585
222.645
240.399
233.292
227.116
225.865
238.258
226.537
227.617
226.271
237.263
232.51
227.407
242.237
240.189
227.353
225.168
226.396
226.534
246.835
226.489
225.605
232.606
245.415
225.758
224.191
227.058
237.957
226.343
224.913
227.035
242.664
227.954
223.022
239.057
356.402
220.438
214.73
349.973
227.018
227.269
220.158
211.955
242.029
222.365
214.805
212.381
254.561
235.042
231.313
232.709
249.261
238.249
239.43
243.443
249.129
239.472
238.039
258.318
260.516
258.868
238.511
258.43
243.212
238.318
238.91
253.641
246.411
240.171
240.288
250.426
238.34
257.091
256.988
269.118
262.191
257.585
260.54
276.92
256.423
263.996
280.771
269.14
272.562
255.259
265.812
260.241
238.958
241.452
277.59
271.981
286.83
319.57
280.012
280.607
290.772
285.471
280.95
290.253
302.444
279.245
276.638
249.662
248.486
237.846
235.245
243.576
300.657
208.537
202.504
224.924
201.791
201.364
202.226
200.261
220.255
203.718
201.153
203.042
222.045
211.962
208.732
206.444
212.771
226.802
210.27
210.53
208.937
232.028
212.83
207.911
219.762
221.804
207.783
208.127
206.54
206.848
222.552
209.141
212.636
208.91
216.351
208.81
207.75
212.309
207.249
226.4
214.454
207.872
208.639
224.05
208.85
207.28
208.071
206.528
229.761
211.226
215.59
211.536
220.964
209.01
208.268
208.333
216.239
227.808
209.536
209.091
208.508
224.88
218.612
209.993
213.044
222.354
211.563
207.93
205.848
207.211
222.64
209.19
246.471
235.897
241.131
220.131
216.613
215.53
234.135
220.432
222.584
217.027
214.828
233.653
217.559
218.387
215.085
232.989
223.379
228.852
224.048
236.368
220.766
220.284
220.147
232.972
226.222
219.63
215.742
221.341
229.287
222.078
219.754
216.34
263.573
234.059
217.719
254.68
253.41
221.252
220.152
223.262
232.298
216.051
214.702
215.313
238.077
220.628
219.69
217.943
244.117
221.661
224.779
218.613
215.448
233.133
218.594
217.01
221.978
231.743
218.078
218.771
221.708
235.139
219.995
217.567
223.733
241.176
218.006
216.174
229.352
266.37
233.038
227.987
231.955
231.022
214.023
209.732
208.715
209.526
220.035
210.754
217.384
211.968
222.125
214.296
209.672
210.289
211.68
222.233
216.718
212.074
209.605
226.077
212.032
210.317
210.046
211.352
231.042
211.229
209.535
208.63
223.37
211.668
210.276
212.937
227.998
213.019
210.474
210.925
209.141
234.485
227.89
220.624
226.159
246.513
222.902
219.751
216.97
272.84
225.295
219.92
228.687
234.239
219.865
218.69
217.975
216.513
247.123
265.301
274.916
241.846
255.526
253.575
254.267
240.08
273.828
251.6
268.027
275.88
226.58
202.128
200.655
226.58
202.344
200.351
203.376
212.994
203.99
198.895
197.705
197.798
236.258
204.672
204.886
199.446
201.361
219.723
199.183
199.326
199.383
202.587
206.244
200.161
198.708
199.082
212.655
196.001
195.476
194.634
199.244
237.698
201.121
199.189
198.453
209.608
201.912
198.805
204.265
210.523
215.349
201.561
198.176
213.581
210.504
197.094
200.62
195.948
196.451
220.041
201.028
198.86
198.697
198.065
214.828
200.198
198.898
198.099
207.713
200.991
198.968
197.689
203.731
209.32
199.241
199.873
197.001
197.939
208.468
195.523
203.012
199.421
220.867
208.178
297.111
228.703
236.95
224.495
227.924
221.578
231.199
224.45
221.716
221.765
221.609
237.685
227.451
221.304
220.823
234.092
220.63
234.496
215.002
225.843
221.478
230.64
218.655
232.025
220.017
216.643
217.521
217.631
250.947
216.964
217.646
217.585
227.943
217.211
218.288
215.92
234.351
216.315
216.348
216.766
229.12
216.778
232.291
217.383
222.677
269.732
232.107
231.671
231.045
233.649
232.519
227.601
234.371
252.826
230.808
227.563
228.176
246.595
231.647
229.307
234.991
247.164
231.023
232.054
225.819
225.568
210.417
225.21
280.072
257.151
206.822
202.568
202.286
214.012
214.147
203.309
206.577
202.38
213.475
202.576
201.274
201.755
212.773
203.389
206.699
202.556
200.997
219.887
201.759
200.639
204.677
215.379
207.158
203.157
201.228
201.959
216.255
201.993
202.547
202.259
206.399
213.073
203.121
201.548
201.545
214.57
204.114
201.972
205.953
202.857
220.275
206.149
203.139
201.38
214.985
202.444
206.778
202.303
201.638
223.69
205.545
201.999
202.143
203.015
210.493
201.685
203.066
202.658
218.276
205.256
202.669
202.177
206.377
217.618
203.186
204.962
202.225
204.278
201.134
200.907
285.676
371.497
231.205
219.737
219.91
235.308
221.01
220.197
227.687
235.977
225.301
225.018
224.411
224.63
239.767
224.838
228.171
222.871
240.565
224.091
222.982
223.296
241.307
224.586
228.116
214.149
231.022
214.441
213.599
213.475
213.315
232.901
215.353
211.887
210.372
239.466
215.751
213.016
213.214
215.54
219.814
214.832
212.934
212.426
239.684
213.196
211.249
211.332
240.243
219.536
217.611
216.676
237.882
217.885
214.695
216.335
220.239
233.018
214.672
212.155
211.957
229.35
217.635
215.666
220.199
220.806
217.554
222.801
215.653
215.623
252.528
271.964
223.162
217.695
232.41
218.35
216.249
215.659
231.577
220.512
221.711
217.514
231.519
217.358
216.372
216.89
215.343
241.773
222.984
217.755
216.438
218.765
216.615
214.925
216.789
229.578
222.745
218.403
216.862
216.212
218.637
216.92
220.537
219.175
222.709
215.266
216.392
213.535
225.448
215.436
214.537
214.353
253.204
237.127
230.892
213.231
295.096
220.673
214.408
210.794
223.259
223.723
227.298
226.969
226.663
228.117
226.614
226.263
250.191
230.123
228.997
226.147
241.975
226.995
227.159
226.343
248.257
227.847
227.34
226.807
242.159
226.474
234.735
226.687
233.716
227.158
226.761
245.194
228.21
226.3
224.796
237.605
231.123
227.176
227.155
232.309
226.116
226.3
226.284
239.025
231.761
227.856
240.369
227.992
225.009
225.521
239.933
224.676
231.42
226.242
240.889
225.736
225.615
226.047
250.875
226.436
231.639
226.8
245.385
227.765
225.575
227.042
227.829
226.136
232.398
238.314
229.326
227.346
242.642
238.23
226.881
226.46
232.205
240.575
234.267
227.834
226.838
242.995
226.909
226.95
231.674
244.237
230.36
228.693
244.628
229.369
227.379
227.624
247.79
229.488
228.673
227.119
241.017
228.472
228.751
227.704
234.586
228.693
229.843
237.826
229.381
227.958
227.91
241.714
234.822
229.288
230.337
240.714
223.383
223.115
224.002
250.123
235.131
227.456
240.62
229.578
226.877
225.942
241.064
227.962
232.561
227.816
241.417
227.399
233.635
227.027
229.045
227.398
232.375
267.519
263.34
204.59
203
219.37
225.722
221.087
209.175
219.286
227.322
210.307
208
202.937
235.683
223.469
228.669
217.373
210.323
223.764
223.433
202.278
212.636
226.42
230.485
207.135
225.881
226.023
225.124
206.544
248.522
225.933
230.639
207.987
251.398
225.517
226.064
206.173
227.925
224.803
231.272
207.328
257.852
227.119
226.425
205.198
224.719
226.217
230.577
206.729
236.702
226.33
224.98
208.044
253.292
225.705
231.163
207.483
226.799
225.81
225.742
205.726
229.982
211.184
213.782
210.086
217.274
208.804
207.845
208.086
208.752
211.927
231.329
226.029
219.383
232.684
239.656
222.227
232.964
205.251
206.578
201.021
200.084
215.496
199.395
198.681
200.573
198.634
215.844
202.143
200.112
200.017
209.679
199.19
222.832
244.149
223.281
221.165
214.754
252.826
251.346
254.431
232.841
207.981
245.442
228.622
226.846
227.474
241.487
226.727
227.324
226.233
244.662
229.083
226.572
226.625
246.052
240.242
226.143
238.48
232.703
227.833
227.844
237.075
227.941
227.082
226.878
240.432
233.574
227.716
227.818
242.986
236.056
227.457
226.929
228.81
232.804
229.049
240.734
235.783
226.895
226.832
244.499
228.245
232.164
228
242.203
227.59
225.842
226.971
241.665
227.509
233.431
227.817
229.797
227.191
225.749
239.185
227.604
227.049
231.968
244.606
228.226
226.375
226.601
237.244
227.061
227.851
231.948
229.327
228.128
226.309
239.587
227.551
226.694
226.189
254.884
230.227
228.813
227.935
241.18
226.989
227.73
227.332
235.278
228.364
227.965
244.736
233.071
209.42
208.328
249.019
233.738
275.376
257.688
257.234
251.886
246.898
241.483
269.24
254.545
246.331
262.109
241.523
240.876
236.434
255.59
267.606
244.35
245.294
235.883
204.717
201.739
200.529
200.097
254.58
299.775
226.947
245.042
226.52
252.968
253.662
261.698
255.609
261.749
257.344
272.841
256.642
253.653
252.712
275.654
254.664
264.131
265.653
256.578
255.74
257.899
269.147
253.097
256.168
261.044
273.769
255.991
254.081
266.954
256.931
268.511
265.312
291.603
259.469
254.657
261.537
254.49
262.611
256.51
243.499
232.152
217.053
211.215
226.06
218.681
212.699
212.188
212.895
249.431
215.788
214.153
212.95
230.511
244.369
214.19
211.261
225.106
218.883
212.104
214.167
211.62
238.935
216.203
215.637
222.186
236.182
214.938
215.229
216.739
218.528
215.563
216.134
220.455
218.813
228.94
214.697
214.643
216.71
233.792
214.907
220.182
217.04
227.239
218.079
214.724
218.52
217.613
231.951
221.689
220.238
215.723
234.537
244.913
245.202
225.833
242.515
251.286
251.421
248.272
265.962
246.341
249.996
257.979
255.148
252.54
249.48
256.756
248.763
244.866
246.661
253.481
245.07
248.474
246.742
258.976
246.567
258.11
246.577
253.41
258.287
237.602
263.1
246.996
230.496
229.832
231.229
241.398
231.879
236.231
232.546
244.101
231.307
229.873
229.902
227.396
231.945
236.9
233.592
245.06
231.353
231.921
231.379
231.386
218.507
236.191
233.969
241.091
230.691
230.847
232.331
243.539
230.363
236.339
233.562
240.45
231.266
229.993
216.164
228.769
219.019
219.449
234.39
218.658
230.877
218.492
218.048
215.644
242.721
235.593
233.711
229.254
241.452
231.728
231.716
228.913
250.122
222.059
221.124
216.919
230.261
233.19
230.976
230.5
242.754
237.354
233.238
230.816
232.032
232.509
231.674
217.722
218.32
239.847
219.142
218.384
215.717
234.464
233.849
216.937
216.934
233.409
234.991
230.059
231.432
234.829
247.804
245.702
259.894
269.708
251.463
247.365
244.9
255.578
247.62
250.607
259.055
281.464
255.28
250.881
241.889
232.185
232.843
230.628
218.195
238.096
222.06
217.016
219.882
234.226
219.266
217.621
217.404
245.537
223.759
218.21
218.245
230.167
222.571
218.253
218.107
222.938
261.452
251.488
243.935
228.66
523.835
235.669
233.579
225.473
219.161
215.392
215.265
229.517
216.264
214.77
215.166
233.729
219.623
215.547
214.103
224.685
218.36
215.018
214.654
221.096
236.217
216.492
216.779
215.132
236.946
216.857
216.158
221.924
227.346
214.898
213.807
251.346
292.107
239.035
232.994
238.053
246.237
232.576
233.198
231.984
250.495
234.427
232.536
237.671
247.403
233.083
232.638
231.984
249.988
233.048
232.597
240.161
251.701
232.69
232.48
234.799
249.975
233.252
233.233
237.674
250.931
231.326
232.393
231.66
246.778
277.795
259.969
264.49
293.694
277.101
258.888
257.727
264.536
256.837
260.336
252.871
256.751
236.55
233.614
250.164
234.349
231.681
231.239
255.719
238.266
231.941
234.172
252.611
263.128
232.4
261.951
286.886
261.541
258.921
234.219
275.306
235.288
260.433
270.451
269.337
260.922
232.527
250.97
235.2
262.258
258.501
281.736
285.447
263.243
272.389
261.928
262.775
261.395
277.397
236.024
241.516
235.365
245.892
264.36
261.929
271.692
237.436
234.176
267.844
244.086
232.553
233.812
232.475
250.812
235.679
233.481
268.502
253.524
261.527
261.195
281.679
283
280.635
279.38
308.515
282.079
282.406
280.792
283.236
288.598
263.35
274.539
241.35
235.211
242.296
245.028
229.085
228.672
230.889
247.599
238.106
232.859
228.732
245.609
232.5
229.84
230.168
252.074
237.612
233.644
230.191
245.766
232.628
232.554
228.126
244.658
237.62
231.899
229.875
244.792
233.215
233.759
232.451
246.545
240.376
235.051
231.164
246.038
242.916
234.282
231.692
248.518
239.241
234.991
235.211
246.105
229.837
232.164
229.523
261.767
231.668
227.512
215.671
213.918
218.888
213.774
211.725
213.179
236.49
215.749
212.954
212.959
222.953
215.977
211.623
212.555
218.198
229.981
210.582
212.07
212.149
223.816
211.217
210.832
215.515
278.95
266.437
206.41
205.627
220.958
207.681
205.62
212.705
208.156
217.129
205.858
205.085
207.184
218.82
208.387
213.223
206.974
203.505
218.439
214.011
206.619
202.509
218.522
215.812
209.009
204.124
203.478
215.953
207.53
203.31
204.497
223.744
209.013
205.644
207.203
204.759
217.861
207.591
205.78
211.444
227.459
208.203
208.847
206.869
207.945
216.143
207.665
211.126
218.921
220.688
209.433
207.033
208.381
206.228
220.929
213.045
208.759
206.202
220.835
207.353
207.81
205.817
205.968
232.013
210.172
206.685
207.836
217.734
209.891
206.145
206.158
211.711
224.002
205.837
205.551
206.756
219.078
205.653
207.882
214.73
209.631
212.511
208.878
208.701
208.192
220.827
207.785
213.911
210.05
216.227
207.859
206.967
213.96
208.423
221.454
213.251
209.753
208.664
219.866
209.593
213.223
206.456
208.044
232.997
210.139
208.023
208.981
225.293
212.129
208.455
208.079
213.998
214.349
207.358
206.799
208.086
220.892
207.16
207.277
212.721
221.002
210.354
227.951
256.465
258.063
237.779
233.996
241.135
249.488
237.564
233.244
236.122
247.711
233.918
234.129
241.334
239.587
233.668
234.46
234.478
248.285
233.982
235.672
241.067
254.106
234.775
235.041
236.234
249.929
234.364
234.226
241.181
247.09
235.362
236.071
244.717
251.687
255.446
259.073
260.021
255.305
243.249
255.62
253.29
256.202
237.909
235.323
240.028
257.027
227.006
228.492
226.505
245.579
226.376
227.872
232.913
244.796
228.171
228.883
224.345
244.219
226.702
226.721
243.978
255.179
235.547
225.402
225.041
239.036
238.053
224.95
231.54
256.084
236.857
225.464
223.716
253.9
243.812
231.711
238.143
247.989
242.825
233.255
229.902
243.65
243.028
232.88
236.842
247.957
243.278
232.158
231.317
244.159
242.251
232.372
237.288
242.678
230.496
231.901
234.507
277.705
217.254
209.942
218.092
230.314
211.566
209.176
209.372
206.361
222.785
207.458
215.647
211.192
223.031
209.656
207.819
208.976
204.907
216.474
217.335
210.372
207.091
231.931
211.984
212.926
210.767
229.054
220.72
214.33
211.64
213.192
225.572
209.963
207.422
208.378
236.385
215.166
213.026
212.582
222.524
215.296
211.611
212.146
217.815
230.935
212.615
212.085
211.232
225.92
208.595
208.832
215.296
208.303
235.62
213.288
211.253
212.565
226.785
212.444
216.807
213.601
220.301
220.733
213.621
212.489
210.113
223.77
217.562
213.432
216.047
226.645
212.673
212.679
211.186
212.058
221.172
214.216
210.618
211.47
225.726
212.772
211.346
211.199
223.906
214.756
239.777
218.254
229.063
247.449
244.989
245.74
256.506
221.603
216.475
216.587
227.878
219.3
215.567
217.316
224.091
231.474
216.568
215.755
217.525
231.414
216.539
215.63
223.156
233.817
218.154
232.359
206.03
212.18
227.846
206.764
210.207
204.626
220.929
202.502
199.241
200.037
197.696
223.881
211.33
205.439
201.702
216.954
207.123
202.898
202.662
201.603
225.479
205.556
201.26
202.668
213.712
203.736
201.321
203.203
210.353
219.032
198.791
196.674
196.842
198.439
223.721
205.294
209.213
205.871
216.48
205.183
202.308
202.018
201.782
213.823
208.757
204.718
213.278
228.899
213.624
209.831
208.093
209.729
232.545
212.64
209.391
207.653
221.34
209.835
207.156
209.151
215.677
213.98
208.342
210.973
208.914
220.717
208.391
207.337
215.226
224.495
210.284
208.246
207.216
213.578
231.099
258.898
247.213
239.335
261.859
242.345
237.57
238.732
237.8
241.12
243.571
249.279
239.19
238.979
236.843
246.627
237.966
239.915
241.013
254.375
239.574
238.152
237.03
250.649
237.151
237.308
243.15
276.021
273.268
274.267
271.313
285.702
271.112
271.995
275.987
262.652
272.339
254.856
249.969
239.419
235.596
238.62
244.613
239.28
235.216
248.829
238.511
238.28
236.571
250.176
246.246
239.777
235.958
249.876
240.181
239.266
238.311
251.834
247.507
241.098
239.058
272.754
250.964
235.164
235.865
273.936
254.421
241.879
239.335
286.123
275.936
277.277
288.567
276.61
280.586
288.857
253.331
241.789
237.4
246.197
240.844
242.646
246.496
258.727
239.971
241.836
239.97
252.576
239.169
241.308
247.526
253.037
275.024
232.336
226.645
239.995
224.214
225.521
233.165
242.3
226.919
227.319
225.374
237.605
225.605
227.066
231.306
238.939
227.172
227.382
227.427
228.743
228.663
227.566
231.522
225.749
235.577
230.261
227.179
227.099
240.643
229.268
232.763
227.123
230.17
227.578
228.74
225.806
237.057
227.768
234.33
227.657
240.221
231.24
226.581
226.431
237.893
228.899
231.439
226.813
230.902
228.862
227.186
225.943
224.57
240.565
231.834
226.865
225.301
243.018
228.007
226.612
225.26
243.033
235.894
227.253
226.94
242.865
226.995
226.755
224.329
243.256
236.336
227.297
225.541
243.333
228.08
226.738
226.162
239.457
235.278
226.852
225.244
249.136
232.387
226.781
223.753
225.462
243.587
225.728
222.964
225.434
235.791
226.778
221.839
225.117
242.481
225.99
224.586
226.096
238.15
226.334
225.587
226.738
246.575
227.509
222.991
225.659
234.189
227.813
223.055
225.749
242.805
227.549
222.865
226.49
225.067
239.389
223.696
225.469
231.004
238.051
224.603
226.425
225.923
235.536
226.468
225.437
231.156
239.213
223.49
227.179
226.076
240.763
226.658
227.18
231.724
230.624
226.835
225.621
225.22
235.192
244.236
242.012
224.763
216.94
230.982
217.069
215.024
214.564
230.128
217.217
222.624
214.38
225.345
216.619
216.145
214.424
213.06
231.419
221.431
214.383
214.631
229.371
215.608
215.101
213.942
219.164
222.516
214.546
214.251
215.653
233.135
214.496
213.419
216.716
232.739
215.336
214.414
216.132
229.214
218.493
214.281
214.089
221.367
231.789
214.146
215.119
214.595
223.499
213.214
215.743
219.848
228.944
215.602
216.236
215.259
213.86
225.271
217.078
220.348
215.06
229.355
216.483
215.725
214.417
226.363
217.016
220.152
214.035
213.461
278.159
245.969
215.854
212.895
226.438
222.618
214.574
213.611
238.525
218.21
215.461
213.063
224.836
221.568
214.694
213.314
216.923
224.559
214.808
214.097
214.567
233.091
216.756
214.471
215.149
216.325
218.194
214.45
214.841
220.812
227.875
214.904
216.199
214.879
230.283
214.709
216.306
220.92
213.665
226.395
216.18
214.859
213.394
227.184
217.257
220.769
215.235
222.805
218.003
214.982
215.062
239.125
219.563
218.988
214.344
212.978
232.038
213.539
212.416
211.209
226.209
239.72
220.556
218.33
230.658
219.845
215.466
215.443
217.926
239.113
221.73
217.298
220.435
232.444
219.145
218.82
219.674
231.992
220.559
218.814
221.765
220.422
231.797
212.255
215.563
219.497
228.312
221.713
221.846
218.962
228.956
220.393
222.222
226.18
234.134
221.566
221.433
221.051
220.335
233.372
218.097
219.944
213.879
236.802
224.391
222.393
218.495
228.642
218.748
225.073
216.528
277.13
273.031
273.076
291.785
263.158
253.087
254.086
247.933
280.519
210.878
201.421
198.76
222.427
201.097
205.201
200.011
211.045
204.392
200.438
197.677
197.701
215.707
205.148
198.501
197.2
201.04
213.746
198.625
197.154
200.326
218.831
198.667
195.623
198.724
199.189
209.485
201.433
238.694
222.931
236.51
214.938
215.467
213.672
224.609
213.226
214.702
220.838
213.352
226.113
214.724
212.753
211.981
233
215.764
222.61
213.515
223.192
212.839
208.896
208.663
206.843
240.349
219.44
210.781
207.74
230.377
213.214
210.885
209.029
210.413
230.329
212.408
209.926
210.347
223.178
210.946
208.465
210.327
229.018
225.953
259.656
235.392
247.941
235.476
268.298
243.007
267.572
241.358
239.349
240.132
256.391
238.878
237.078
238.523
263.467
237.993
235.337
237.819
255.984
236.305
233.169
239.196
262.946
240.696
236.389
237.749
264.402
248.476
252.308
244.841
252.272
241.133
237.966
250.966
242.387
241.034
238.976
249.966
267.106
261.398
257.084
276.36
260.99
243.753
238.889
261.485
247.959
239.196
238.654
276.532
262.032
242.922
253.047
262.492
265.085
259.707
272.426
260.592
257.575
262.378
263.483
262.872
265.2
279.84
257.985
243.59
244.048
257.088
241.789
241.162
247.028
259.123
240.165
241.075
240.937
260.69
239.129
242.276
259.349
242.341
239.413
243.226
254.263
242.745
239.332
242.131
272.326
263.969
243.028
285.436
263.376
318.397
229.256
231.921
226.153
220.842
215.554
218.134
226.624
219.138
217.067
218.483
236.459
216.898
217.033
218.545
228.82
219.273
217.395
217.638
224.185
235.162
216.378
218.397
217.701
224.194
208.6
206.357
221.106
219.251
207.012
205.384
206.971
204.646
216.709
208.783
211.313
205.124
208.522
204.362
204.745
203.285
203.973
218.324
212.275
204.238
202.379
217.799
204.76
204.038
203.755
204.525
220.727
205.712
204.204
204.596
216.328
204.757
202.774
205.6
208.636
216.215
203.464
204.345
203.867
218.167
225.069
204.277
208.689
204.121
337.087
216.118
205.143
203.862
219.432
205.775
210.401
205.946
244.641
224.003
222.554
221.756
233.646
224.405
228.035
223.364
244.556
226.561
223.265
223.741
235.503
223.927
226.665
222.67
234.412
224.977
222.762
222.083
235.322
223.395
227.702
223.706
235.739
223.627
236.085
223.785
237.408
224.745
227.806
222.979
234.303
223.536
222.534
223.12
225.824
223.125
228.828
223.155
227.503
225.222
222.418
223.111
236.198
227.677
228.124
223.623
236.419
225.738
224.751
205.043
203.262
208.549
237.563
224.032
223.422
212.956
274.102
228.926
239.7
225.936
228.896
224.141
232.995
231.983
224.066
223.576
232.704
224.619
228.495
224.47
233.238
223.698
223.854
223.701
237.317
226.353
228.4
224.037
235.785
227.186
222.685
224.405
234.772
226.816
228.559
224.826
235.347
225.114
222.748
223.311
234.968
224.076
228.803
224.055
245.024
227.536
223.326
222.605
236.504
224.987
228.565
223.079
234.55
226.004
224.062
223.993
236.986
224.309
230.036
224.372
237.513
237.103
222.775
219.387
216.861
207.363
210.602
231.347
236.81
223.861
210.512
261.284
242.531
227.001
225.989
220.888
231.283
218.623
215.224
212.991
212.642
263.506
222.351
215.352
212.328
240.83
220.626
218.601
217.394
230.952
226.006
220.693
218.201
237.389
261.716
255.86
210.688
215.743
210.47
203.192
200.769
201.311
225.789
204.886
203.055
204.628
208.482
213.018
207.473
207.542
206.1
243.743
278.08
231.764
230.651
236.943
228.017
229.064
223.91
236.639
226.48
225.76
230.768
235.1
221.451
224.976
223.574
238.961
224.774
222.795
238.982
236.185
222.758
223.843
222.886
222.726
232.755
222.43
228.81
241.852
239.424
222.735
225.007
222.535
237.074
223.165
231.444
224.294
235.614
224.986
223.066
224.762
236.205
222.259
229.836
224.444
230.44
226.784
224.105
222.053
224.593
239.666
229.752
222.919
224.258
242.949
229.208
229.681
228.684
238.898
235.698
235.743
225.596
231.647
224.861
223.366
224.092
235.433
229.287
225.893
224.489
239.53
225.503
222.556
228.595
229.827
232.309
225.73
224.432
231.854
226.254
223.064
222.832
222.744
242.305
224.188
223.767
224.763
233.832
222.819
223.517
221.899
242.14
230.664
221.953
222.886
256.456
265.428
238.096
238.838
259.921
238.033
238.537
238.841
249.093
239.74
238.04
237.377
260.682
238.059
237.678
238.865
251.828
238
238.621
237.13
250.252
240.249
238.597
247.325
238.5
237.722
237.259
242.916
246.082
237.308
238.965
248.744
239.345
238.022
236.974
254.071
246.338
237.553
238.492
254.497
236.535
234.137
235.824
281.254
248.856
238.246
236.546
253.501
237.836
236.772
235.917
252.214
244.898
237.244
237.365
250.284
237.933
236.774
236.886
248.939
244.971
238.526
236.649
249.238
259.603
239.353
238.792
241.648
245.512
237.944
244.953
240.215
238.413
236.754
247.203
241.132
246.057
237.629
255.6
238.189
236.866
236.877
249.384
239.78
244.974
238.584
250.436
240.204
238.834
240.556
252.529
240.402
248.471
240.657
254.681
237.098
238.107
237.415
244.628
238.61
244.865
238.076
252.424
237.738
239.217
237.461
239.362
238.642
245.605
238.045
248.576
240.212
237.551
237.013
251.461
237.84
244.02
240.462
252.655
238.675
237.629
238.454
238.634
238.036
246.096
250.976
237.15
252.038
264.145
286.49
243.222
242.441
244.904
242.72
238.938
241.828
273.577
276.667
244.97
281.047
297.942
272.8
411.684
267.785
226.501
254.989
245.207
231.219
241.616
224.548
234.378
226.224
222.433
223.789
220.983
234.458
228.414
222.955
220.884
239.882
221.966
224.345
220.91
240.161
230.099
224.546
221.977
237.927
222.58
223.414
221.895
238.468
231.281
223.086
218.915
221.552
223.106
221.143
219.216
219.487
240.024
220.994
221.054
221.052
232.335
222.768
220.785
220.871
238.702
221.233
218.932
220.588
263.509
227.497
232.449
235.31
247.637
234.558
232.816
234.126
243.349
235.256
232.91
233.003
248.598
233.034
232.505
235.178
246.838
235.701
232.619
232.867
251.894
234.831
233.34
234.541
247.572
235.539
233.174
234.189
252.956
235.161
233.952
235.443
244.687
236.085
231.526
234.787
246.15
243.677
231.783
236.627
247.024
234.986
232.543
234.056
252.375
235.096
232.565
234.901
259.188
253.174
232.495
249.255
238.664
234.474
232.409
245.665
232.971
236.117
232.955
244.478
240.125
235.382
231.977
260.095
285.511
224.492
222.925
236.204
230.505
225.893
222.017
234.33
224.357
222.188
235.93
248.438
239.667
227.595
230.27
245.909
227.857
223.851
220.501
223.85
231.527
224.719
220.679
224.673
242.454
225.514
220.595
221.699
242.95
225.227
221.554
224.465
237.087
223.998
222.227
223.186
251.62
223.687
221.957
222.86
227.019
224.774
220.867
222.2
228.459
236.926
221.687
224.028
218.203
246.276
243.508
225.955
255.24
238.76
222.344
221.779
223.325
231.12
220.706
220.576
225.976
239.301
221.063
223.249
222.824
238.2
226.167
236.496
224.615
229.761
216.651
218.8
216.398
227.462
214.656
218.042
221.203
240.266
218.93
217.447
215.134
217.968
228.427
218.436
221.783
214.598
227.409
217.06
217.041
219.102
223.682
219.687
221.594
215.967
214.593
230.865
215.726
217.206
216.251
233.574
222.96
217.525
215.212
228.511
216.974
223.81
243.047
226.851
230.199
222.48
220.695
223.001
233.619
224.135
219.445
221.116
241.071
222.599
230.9
254.933
270.35
251.774
246.861
245.524
273.845
249.043
227.576
203.922
223.857
200.909
201.457
200.373
215.542
213.384
198.116
199.919
198.965
214.463
239.449
211.576
207.047
213.528
201.56
200.828
199.172
199.957
214.786
199.946
203.619
200.628
196.96
203.169
200.137
199.057
197.687
218.469
207.259
199.715
197.574
200.281
210.596
200.434
196.944
199.739
215.803
199.697
198.683
199.921
196.451
214.403
198.509
199.619
205.744
199.9
214.139
200.181
198.878
198.367
209.33
201.234
203.989
201.637
197.102
211.501
198.452
199.276
196.985
198.759
215.711
199.538
198.229
200.845
209.711
202.382
199.215
199.896
205.063
215.732
198.981
200.948
199.917
199.877
222.266
201.363
203.85
200.467
211.045
202.232
201.09
199.916
198.815
213.453
205.107
237.885
213.776
246.249
212.104
207.713
204.875
206.55
230.211
207.941
205.624
207.056
224.011
208.696
205.722
207.572
212.446
216.492
205.758
208.171
206.965
220.356
205.151
207.694
210.236
207.647
218.056
206.327
206.634
206.846
225.443
208.666
211.653
207.523
204.895
219.209
202.964
202.773
248.015
239.599
229.1
226.754
224.905
245.716
224.071
224.897
225.398
248.961
244.522
227.157
224.484
238.781
225.555
226.094
224.689
236.853
232.362
226.768
224.883
238.948
226.624
227.427
224.117
226.072
245.317
228.386
223.975
225.881
240.588
226.966
225.533
268.993
256.511
228.785
222.033
223.747
239.596
258.109
259.024
269.209
265.574
258.677
259.388
273.748
258.671
256.211
256.087
274.563
268.635
259.888
276.246
238.745
239.574
250.39
264.456
255.457
255.467
236.456
248.382
249.762
230.463
228.866
245.325
235.764
227.299
223.165
229.133
224.358
223.192
221.792
232.887
222.251
225.945
221.842
222.811
236.068
220.983
221.681
219.325
227.503
227.232
222.286
221.087
234.318
222.231
220.435
221.658
239.864
227.938
223.514
248.586
244.139
217.368
220.241
251.27
269.582
264.128
231.309
220.586
233.518
218.564
220.372
218.952
218.781
247.136
218.621
218.165
219.223
271.452
256.945
253.698
257.421
269.61
227.685
222.854
237.221
227.332
223.362
221.428
221.718
280.2
257.562
255.158
239.782
264.488
259.75
255.088
332.302
249.572
228.336
223.31
240.703
225.593
225.412
224.883
252.616
242.639
235.873
233.868
254.074
228.001
235.105
234.464
254.002
241.538
234.186
234.123
250.206
233.581
224.212
232.358
244.814
241.921
235.099
233.826
247.289
234.588
233.461
235.479
253.141
232.046
272.806
232.929
245.782
232.576
223.76
219.533
236.206
230.453
223.009
222.431
243.296
226.974
224.793
220.709
235.711
228.125
222.483
220.67
223.178
235.326
222.821
221.756
222.868
247.109
223.951
220.369
223.294
252.062
223.37
218.824
219.851
238.517
218.477
217.258
219.272
230.564
230.227
218.785
218.938
224.736
240.804
217.711
219.069
217.416
235.647
219.061
218.443
222.962
237.427
222.76
224.425
222.845
234.312
222.697
223.716
228.739
251.573
248.459
220.576
212.489
213.658
233.141
215.003
217.602
214.621
225.261
213.768
213.425
257.947
247.44
209.039
211.566
206.782
219.319
207.47
204.339
200.843
201.988
221.238
224.595
207.485
205.301
218.534
205.07
204.736
204.808
205.187
222.684
207.84
204.492
205.829
204.375
219.474
204.923
204.435
210.699
216.391
206.086
204.452
204.973
205.17
215.046
205.283
209.966
205.656
225.468
208.576
205.675
205.605
204.394
218.875
210.589
206.11
204.833
221.481
206.922
204.596
204.273
204.263
225.755
205.659
204.571
205.045
218.762
206.2
204.672
205.307
210.975
221.304
205.444
205.659
205.368
216.212
206.563
205.709
211.039
206.763
217.958
206.363
204.769
204.745
276.528
240.619
228.357
204.197
215.451
201.682
200.375
199.383
196.983
216.579
205.514
200.224
200.956
200.305
209.069
198.974
198.474
199.538
214.49
200.593
198.598
200.198
198.688
211.148
198.377
198.528
203.65
199.664
208.943
201.003
200.115
199.911
216.05
201.836
203.727
199.003
197.261
211.788
199.352
198.507
198.801
198.642
214.013
199.496
198.666
199.663
214.317
201.177
198.52
197.683
205.057
212.576
198.801
199.007
198.42
198.754
208.338
199.335
203.656
199.47
215.929
202.333
198.309
198.367
199.199
211.663
204.819
199.466
199.058
199.812
212.423
199.83
197.906
199.172
212.967
232.445
242.474
220.391
230.748
217.801
215.978
216.657
220.519
232.843
217.02
216.417
216.478
230.961
214.935
216.134
221.897
225.44
216.706
215.831
216.213
214.742
223.743
224.068
251.821
236.519
244.2
205.181
200.095
198.847
215.109
200.426
204.443
199.8
199.916
211.433
200.368
199.325
198.456
210.832
206.284
199.957
198.233
200.563
222.591
203.643
199.337
199.614
203.878
215.187
201.581
200.185
200.241
210.317
202.574
200.99
205.485
200.53
209.211
202.075
199.706
200.477
197.788
206.976
206.014
199.421
199.71
212.169
204.432
201.619
199.734
199.314
218.409
200.055
231.666
242.704
225.708
206.123
205.885
206.901
213.929
210.717
206.384
209.1
206.11
222.868
205.615
206.768
213.16
218.842
207.106
206.718
206.728
205.462
219.841
206.745
212.917
207.139
219.775
243.666
224.065
220.51
232.382
222.723
225.043
236.259
225.116
252.475
230.219
228.372
244.09
238.992
225.582
217.596
218.038
241.972
219.798
217.093
216.325
246.318
248.24
221.171
215.005
226.086
215.87
213.172
212.643
213.349
233.892
216.087
213.977
214.216
232.556
213.686
213.774
213.214
227.259
214.253
212.315
216.288
213.695
213.972
211.512
211.42
217.789
294.093
260.445
258.14
254.471
269.752
255.994
246.681
261.999
243.804
243.898
244.619
259.186
244.747
240.412
241.683
264.211
242.156
264.258
243.543
257.909
247.936
247.1
244.744
265.101
244.824
243.31
248.305
257.745
247.283
245.164
262.077
261.04
226.802
219.587
220.523
235.554
217.535
218.587
218.089
239.744
219.308
217.809
219.957
232.085
218.872
217.404
218.29
236.007
220.925
219.497
219.538
218.748
233.569
218.942
216.802
223.368
231.744
217.521
220.616
218.775
227.988
212.308
211.596
217.352
211.356
256.697
235.556
217.117
268.209
279.604
252.622
272.017
270.968
258.338
263.163
252.643
274.724
250.757
233.906
249.972
246.757
237.89
240.663
234.625
253.624
224.775
220.356
223.238
237.524
219.37
221.013
220.535
235.596
219.526
219.965
225.421
236.91
221.846
221.562
217.938
232.229
216.469
215.395
219.837
213.719
235.172
216.63
214.14
227.369
279.135
235.639
225.518
218.909
236.466
245.662
228.149
215.161
230.964
243.581
249.605
223.297
239.351
258.338
248.235
214.6
226.767
252.244
257.273
215.02
239.203
251.045
245.432
220.97
239.774
253.501
254.953
232.622
248.792
254.572
247.838
234.534
253.09
252.251
255.908
245.361
250.023
252.663
249.334
265.773
250.67
256.474
253.172
253.539
229.167
240.513
226.928
233.401
213.063
214.504
216.649
225.482
212.606
213.665
211.226
217.698
212.687
213.33
216.739
225.548
218.036
214.14
212.064
212.198
225.595
215.323
217.755
211.567
220.916
215.403
210.648
211.009
209.457
232.076
218.751
213.996
210.324
232.639
214.544
212.462
211.719
220.636
221.205
212.388
212.098
212.279
228.071
214.805
212.475
212.438
226.075
215.136
212.77
214.366
209.921
231.972
225.097
216.592
218.43
235.346
220.357
219.214
216.139
232.245
216.281
219.96
220.619
231.707
214.993
212.896
211.034
211.045
231.386
237.02
221.687
215.413
228.144
218.571
215.924
215.251
226.007
219.647
221.876
217.39
215.717
236.917
216.549
216.522
216.439
237.749
222.091
216.531
218.032
231.413
216.62
214.534
215.734
217.198
285.798
255.218
243.726
249.813
240.88
237.695
237.529
255.533
244.264
238.514
238.267
258.808
238.574
238.94
237.498
255.59
243.259
237.923
237.287
255.99
241.091
236.065
236.375
254.465
246.486
236.99
237.946
251.133
238.69
238.788
234.425
258.09
245.957
237.15
237.917
245.788
237.903
238.207
252.926
245.774
244.944
239.235
241.867
240.653
239.603
237.518
249.004
239.146
245.367
239.126
251.43
239.46
238.914
239.153
256.546
239.707
244.219
238.263
252.52
239.098
236.862
239.43
255.055
239.64
244.86
239.065
249.858
240.806
238.525
238.098
251.307
240.272
244.682
239.843
251.196
239.082
237.587
239.71
239.03
239.552
243.851
252.867
240.955
239.01
237.802
251.313
240.052
240.308
243.35
255.113
240.657
240.937
237.499
249.559
238.739
238.174
244.796
248.178
230.95
230.999
229.535
248.833
226.672
226.092
230.076
245.013
226.721
227.142
223.079
237.485
226.197
225.471
229.22
232.928
225.893
225.176
223.666
224.203
227.15
226.85
230.26
226.28
244.084
225.947
225.042
224.023
233.004
257.12
247.325
225.495
232.215
226.8
224.3
227.513
241.254
225.789
230.824
224.305
244.282
227.777
224.318
223.988
239.586
229.706
229.53
224.531
235.34
226.119
224.369
224.88
223.74
227.015
229.024
223.166
223.921
241.774
224.278
222.612
221.969
235.346
229.653
220.968
222.486
235.482
224.198
221.013
221.244
236.543
230.105
222.874
221.322
223.316
234.096
220.948
221.334
223.913
230.651
222.66
221.816
222.802
234.086
224.395
222.585
220.872
246.353
221.458
216.41
216.526
215.028
229.875
216.776
217.646
220.576
233.167
216.132
217.638
215.499
226.284
218.751
217.947
222.682
216.252
220.119
219.178
215.711
217.256
224.679
218.613
221.496
216.983
226.347
218.594
216.189
216.435
215.436
220.252
221.347
217.518
216.025
229.143
214.905
215.585
214.542
234.869
220.828
216.369
214.531
227.07
216.342
214.624
215.142
216.514
230.147
213.828
214.06
215.575
229.528
218.336
215.813
218.193
220.586
222.036
216.979
218.948
216.856
228.725
215.59
217.247
221.437
234.938
218.031
217.829
216.745
215.984
234.835
272.77
265.425
256.86
233.635
231.112
229.04
243.753
231.346
231.437
234.868
241.885
232.061
231.196
228.046
235.042
231.867
231.046
234.528
241.691
230.36
231.31
228.379
228.609
234.147
230.459
233.227
228.742
240.756
232.903
228.243
307.09
231.124
230.794
233.481
228.09
239.354
239.253
228.128
227.587
266.246
273.752
231.72
231.948
220.244
218.747
216.415
217.21
245.083
220.789
226.595
219.092
225.784
220.806
217.672
219.531
238.148
221.795
223.728
218.616
230.154
222.574
217.032
218.176
218.202
243.054
225.995
219.54
221.577
230.83
221.064
220.208
220.491
238.677
227.913
220.097
221.395
239.589
221.801
218.83
220.304
233.627
230.298
230.248
221.39
222.788
231.658
223.561
220.839
221.534
307.917
246.255
224.459
236.467
222.593
220.256
218.405
221.386
239.029
219.955
220.382
220.139
232.593
220.878
220.211
220.37
240.136
222.434
222.235
220.75
232.671
261.389
261.816
267.266
270.435
223.066
221.878
221.27
233.44
220.691
217.386
239.307
261.076
228.315
224.636
222.177
231.628
222.064
221.649
223.566
225.562
236.198
223.506
221.833
221.079
232.098
218.073
215.68
222.002
236.052
224.329
220.877
219.851
228.352
218.715
219.001
223.397
218.16
262.798
221.093
219.577
218.705
232.486
218.224
224.522
214.851
232.471
219.34
219.954
218.339
231.443
220.612
226.859
219.855
230.212
219.849
218.407
219.972
219.336
235.123
223.94
214.243
218.868
234.086
218.594
219.755
219.993
231.644
225.719
220.592
220.636
218.189
220.631
218.55
218.018
222.16
238.077
220.295
219.379
218.552
234.32
219.683
218.868
218.692
238.918
221.879
220.442
219.259
229.886
231.212
220.805
220.445
224.576
234.245
222.844
219.653
218.042
256.285
242.18
234.191
239.59
237.863
230.363
228.269
253.809
253.809
254.417
256.122
232.435
271.052
255.641
255.403
270.742
256.763
254.654
254.218
264.245
255.71
255.503
252.432
257.548
253.651
253.334
271.687
261.345
254.764
253.521
272.67
254.24
253.768
272.63
255.013
261.405
254.517
269.683
253.331
254.12
253.912
273.468
256.081
261.114
281.368
258.808
253.959
253.045
265.927
255.442
255.46
281.704
274.176
243.472
242.961
252.655
237.44
241.4
242.919
262.576
243.638
240.889
240.131
247.378
238.643
238.871
238.553
262.673
243.027
241.623
239.091
250.787
239.395
239.825
238.984
249.887
247.397
282.898
263.45
245.684
243.902
244.952
257.384
260.243
251.594
253.608
260.627
249.307
250.354
257.445
253.243
258.336
252.654
270.421
249.199
247.109
246.024
270.05
253.902
262.275
265.935
251.04
250.516
249.554
270.102
254.682
252.929
258.294
267.509
247.935
249.452
266.352
256.577
253.674
257.656
274.414
257.41
255.067
253.58
270.84
252.279
252.171
265.641
244.474
252.215
250.448
262.364
254.051
250.235
252.026
263.849
257.641
262.742
260.753
255.285
252.427
252.619
265.992
254.88
262.95
254.201
267.993
255.117
255.144
256.474
255.769
253.794
261.44
262.98
250.974
252.817
252.821
266.179
252.543
254.93
266.419
248.045
248.971
246.745
269.89
253.362
252.176
249.853
278.717
258.589
255.528
268.661
256.547
253.022
253.055
275.408
264.945
253.572
253.981
269.789
255.067
255.235
270.7
259.378
263.013
253.639
264.105
256.899
255.488
254.215
277.747
256.032
262.891
277.13
258.323
254.057
253.373
266.429
258.022
256.504
273.358
258.82
257.105
254.008
264.726
255.952
257.407
253.975
286.694
255.391
255.533
271.873
254.289
254.708
253.372
271.106
266.907
258.442
255.079
258.261
257.135
256.715
266.453
253.373
262.619
254.429
319.163
271.752
253.384
259.622
250.361
244.337
250.365
258.138
241.818
241.812
242.389
260.902
247.95
273.452
359.103
359.561
281.178
337.161
228.525
217.623
214.992
231.169
222.498
215.115
216.174
226.765
213.926
212.397
210.781
212.014
238.398
219.707
215.267
214.404
281.628
221.932
217.763
216.498
233.644
221.082
230.123
219.211
227.022
216.92
214.762
215.612
216.769
223.563
218.711
216.056
214.918
268.804
219.747
227.265
237.313
241.668
241.722
230.932
232.538
243.427
228.485
225.584
229.093
239.851
266.173
264.859
264.045
265.963
231.186
229.261
233.184
246.827
228.622
229.064
225.848
236.076
224.469
225.484
228.252
234.454
226.119
241.394
223.072
224.507
227.879
223.518
225.41
231.828
222.315
219.806
226.014
221.932
245.163
222.532
226.893
221.563
244.137
226.225
221.105
220.469
235.502
226.179
230.91
225.897
243.962
225.981
226.268
225.022
235.196
227.325
230.801
226.411
248.005
223.714
221.36
302.411
294.688
232.182
232.425
247.049
346.494
320.555
263.771
381.669
357.702
261.638
397.482
260.859
245.701
281.559
250.814
244.263
242.045
265.648
253.819
245.879
242.785
258.166
244.703
241.792
242.729
258.544
252.446
248.408
257.55
260.841
264.313
240.312
268.998
247.308
262.941
257.606
281.84
269.626
259.247
247.569
271.338
258.667
256.616
268.684
250.019
246.324
247.091
264.773
246.862
245.987
277.605
255.974
251.172
312.58
262.998
251.687
245.181
245.996
268.826
250.717
251.582
272.025
253.241
252.523
253.959
273.124
261.181
255.383
248.884
277.021
225.222
216.676
215.028
236.332
223.488
217.578
216.459
232.907
219.981
211.756
210.754
212.215
246.866
218.952
216.052
217.286
238.346
216.395
215.942
216.351
240.188
217.865
211.517
211.629
212.362
221.103
217.92
215.689
221.848
230.123
216.78
216.044
214.303
233.921
214.786
215.579
220.047
228.605
218.066
215.439
214.831
214.477
225.148
212.951
219.404
214.567
238.598
217.748
215.352
216.247
228.323
217.271
219.99
215.506
285.125
245.626
230.609
229.129
241.284
232.883
236.836
230.155
227.69
244.956
228.73
229.298
227.969
248.003
243.247
235.001
302.556
273.719
263.825
262.733
272.829
262.439
267.377
259.371
271.368
258.579
260.249
275.235
248.206
285.256
274.852
281.825
262.428
265.455
265.592
263.628
263.769
262.93
288.572
266.8
264.625
279.988
269.18
261.341
264.521
285.163
293.936
248.365
243.756
224.281
203.745
200.756
196.406
215.54
206.331
201.854
197.714
197.302
202.777
198.853
197.894
198.321
212.628
200.444
197.189
197.172
197.426
211.049
196.786
198.873
204.287
200.312
210.82
198.542
198.342
198.405
215.582
202.275
204.267
199.944
230.793
251.969
200.703
198.449
197.539
210.772
205.861
199.783
197.9
198.796
202.068
198.573
197.412
201.286
203.886
213.151
197.816
198.456
198.218
217.596
201.115
199.054
203.578
212.955
214.087
198.919
198.074
198.281
198.92
200.841
202.715
200.464
197.357
209.151
199.088
197.1
196.79
199.227
215.571
201.461
197.92
198.874
197.653
221.818
198.709
199.774
205.512
214.89
200.97
200.32
199.725
200.104
217.229
202.014
203.884
201.054
208.974
201.278
201.015
199.962
198.405
216.236
206.987
201.494
198.543
198.691
213.737
201.894
199.202
201.229
212.598
202.676
199.687
201.13
197.908
214.936
199.668
200.34
207.592
202.683
211.09
199.624
202.576
199.536
217.356
203.467
205.406
201.9
199.646
214.521
261.675
240.591
226.372
242.312
241.414
230.442
226.495
242.175
228.097
228.3
226.155
241.729
232.675
228.882
227.256
240.572
228.501
229.148
225.439
248.935
234.847
231.581
226.739
243.132
227.61
228.186
225.112
230.991
233.771
228.059
225.819
236.186
228.949
227.106
223.859
227.223
247.719
229.533
227.006
226.332
241.887
228.217
227.545
227.975
248.526
230.252
225.367
226.341
243.769
228.938
225.921
226.592
248.447
228.601
225.641
226.381
243.1
228.998
226.258
229.852
247.334
229.924
226.714
228.544
240.354
228.83
228.492
226.805
255.465
232.061
227.26
228.844
237.897
228.167
224.558
227.464
252.28
232.702
225.367
227.184
236.851
232.065
227.164
229.205
247.855
233.188
225.669
226.9
226.372
240.323
226.59
226.302
232.922
243.184
226.588
225.887
225.541
238.358
227.236
228.182
231.659
243.636
228.631
226.643
225.633
243.803
228
227.972
231.268
244.165
227.358
228.309
229.094
250.754
229.578
230.326
232.056
244.817
227.621
227.18
225.22
232.323
227.651
228.016
231.181
241.121
230.81
227.06
227.936
241.316
227.761
228.347
231.742
228.895
237.464
227.073
227.833
229.666
238.269
227.638
231.319
231.327
238.76
226.899
226.964
228.514
241.442
229.212
232.454
230.814
241.69
229.064
226.652
228.31
240.979
227.642
232.431
228.237
247.705
229.169
227.298
231.247
242.075
228.611
231.672
229.905
251.061
242.953
230.651
231.433
252.059
239.427
236.119
232.534
250.399
233.37
229.427
231.02
244.597
232.221
235.788
230.83
239.804
231.709
228.835
230.201
256.579
299.653
229.132
217.045
232.862
213.65
214.318
214.095
222.192
218.447
218.089
216.284
212.571
227.03
213.011
215.929
212.841
227.777
219.013
215.054
212.924
226.048
214.844
215.157
214.328
214.299
234.706
216.062
212.494
214.038
227.558
215.205
212.083
214.327
229.924
218.113
212.3
212.08
212.778
228.354
212.732
214.229
219.635
227.975
213.248
214.128
213.159
225.967
213.891
214.883
219.204
214.826
229.223
213.147
214.159
214.419
227.2
215.552
218.649
215.665
233.834
215.595
213.25
214.052
213.371
266.592
233.665
212.479
208.536
222.493
209.886
211.557
208.988
223.046
226.552
201.544
195.247
195.605
206.82
197.526
196.633
197.066
202.457
197.781
236.603
224.197
197.864
215.01
203.567
266.077
237.007
223.509
206.117
207.063
215.021
239.572
221.049
218.278
225.551
219.25
222.034
217.058
216.895
244.291
238.613
216.759
221.479
217.544
236.034
228.029
223.134
217.103
232.121
219.534
220.841
217.707
233.226
235.205
243.507
215.419
209.604
261.039
230.311
217.324
214.533
253.476
228.919
248.387
259.569
267.587
254.635
233.003
243.816
225.123
213.971
216.393
212.547
239.325
223.034
218.766
219.184
234.605
218.538
218.952
215.682
232.694
225.128
219.652
216.267
226.971
219.114
218.291
216.014
217.615
263.301
220.219
217.058
217.212
235.051
220.119
215.605
218.034
242.166
220.568
218.104
216.805
230.82
249.044
226.656
221.456
233.821
222.601
218.846
218.947
217.091
236.274
217.279
219.193
223.855
240.825
219.722
217.259
218.171
222.489
219.387
218.178
225.229
221.199
232.733
240.072
250.071
228.177
235.301
220.466
224.568
222.516
229.016
219.741
218.934
218.742
229.858
221.496
224.507
220.831
234.563
221.121
218.718
219.668
218.59
228.799
224.394
220.82
216.916
238.436
219.289
219.662
218.532
239
228.349
219.732
219.53
230.832
222.853
220.622
219.097
218.869
238.88
245.887
251.939
225.532
250.171
238.436
228.916
209.458
240.26
211.415
206.985
207.723
233.695
210.85
206.218
207.623
233.857
246.642
229.15
226.442
238.53
229.962
225.226
226.144
249.496
236.842
244.453
228.023
239.425
228.905
224.048
224.925
230.744
237.777
222.646
225.24
222.451
237.232
223.294
226.477
230.48
242.334
226.299
226.052
225.024
246.235
225.319
226.669
233.457
237.045
227.581
225.696
224.167
236.627
225.376
221.53
226.149
223.277
284.196
279.197
280.095
310.738
281.051
234.554
231.08
243.463
233.703
227.791
225.385
243.838
246.202
219.99
220.429
228.03
217.775
219.944
215.744
230.732
218.754
219.876
223.777
233.771
220.736
217.88
217.608
217.662
236.174
220.225
223.774
219.516
232.649
218.192
217.151
218.814
232.616
221.063
223.909
220.512
227.582
219.422
217.93
219.149
217.71
234.755
222.976
219.828
217.846
228.248
216.829
218.754
216.603
233.07
225.027
219.233
217.508
228.698
218.609
219.362
217.532
218.092
241.027
220.237
217.088
218.228
231.149
220.237
217.077
218.05
239.406
220.326
218.425
216.818
229.028
221.007
217.217
218.634
223.658
228.543
218.444
219.927
217.695
231.96
219.631
218.564
223.082
249.84
232.609
211.335
205.15
215.379
205.277
205.081
211.099
206.353
216.258
205.888
205.596
205.244
215.43
209.743
211.744
207.39
203.577
214.39
205.394
206.534
203.349
204.703
214.995
207.921
204.021
204.609
215.974
206.417
203.267
204.475
210.163
223.015
205.036
206.119
204.315
221.311
206.075
206.825
211.016
207.218
218.528
206.568
205.401
206.748
218.113
206.687
211.487
207.026
204.656
220.305
205.478
207.607
204.298
222.03
213.743
206.092
205.34
204.449
215.852
206.08
203.743
205.521
225.813
207.75
203.176
203.908
205.448
223.018
