176.653
130.158
128.157
126.667
123.204
123.688
139.021
123.743
141.004
146.032
146.32
146.897
163.776
146.395
146.863
146.275
146.485
177.667
148.274
147.274
146.154
147.247
158.142
150.242
146.929
146.565
147.063
146.296
161.431
147.314
146.79
144.591
145.235
159.59
148.551
147.05
145.574
145.335
157.111
165.47
169.373
152.86
147.952
145.689
162.375
146.63
147.439
146.716
146.113
179.04
148.301
146.12
146.642
147.649
158.967
151.484
147.759
149.508
156.326
167.78
162.663
160.738
153.52
158.248
159.632
194.579
226.872
214.38
206.207
204.425
225.897
204.517
206.309
175.179
222.973
203.037
197.5
196.123
201.74
205.969
196.882
198.685
198.752
205.56
203.755
197.623
202.155
211.882
206.003
193.59
194.275
195.021
197.205
201.058
194.345
194.622
194.051
195.893
195.839
190.443
194.982
193.523
160.373
159.154
155.466
154.013
155.986
168.005
158.207
156.621
155.427
153.863
156.266
163.547
157.216
154.034
153.222
155.024
155.848
166.025
154.988
187.949
172.961
167.738
172.374
163.023
158.239
159.007
156.416
157.957
170.979
161.863
159.554
160.768
157.713
156.676
167.454
160.438
157.523
158.989
159.191
159.625
181.99
156.607
156.561
164.499
180.155
172.384
157.67
155.857
155.254
155.836
157.311
171.253
157.724
155.855
158.603
155.17
156.975
169.978
163.764
167.809
162.459
164.966
164.425
174.392
164.26
162.903
163.558
163.894
170.806
166.547
174.918
178.739
174.615
169.361
203.956
172.952
172.309
172.591
171.84
190.198
172.721
172.775
173.703
171.652
195.812
174.814
172.381
172.65
173.534
171.087
189.713
152.526
161.33
168.153
157.145
170.663
161.672
158.333
157.199
156.835
158.693
170.669
159.345
158.038
153.683
156.146
161.336
174.609
163.043
161.803
158.101
158.118
161.607
175.144
159.015
158.733
160.871
159.03
175.511
163.036
156.069
156.1
156.333
153.853
171.812
161.412
160.558
163.641
161.433
161.697
172.675
159.521
161.616
141.105
132.751
141.032
148.934
137.206
130.771
170.335
170.095
170.85
184.887
143.307
169.014
169.691
169.867
170.281
159.806
133.099
128.615
128.504
127.282
127.595
127.671
141.876
129.976
127.831
127.968
127.746
127.731
127.763
146.236
128.701
128.834
127.722
127.298
127.427
128.426
143.45
128.979
128.428
128.005
126.802
128.698
127.29
147.127
132.546
128.979
128.01
128.132
126.99
127.526
136.583
130.919
128.266
128.487
127.77
127.485
126.927
127.594
141.208
129.584
128.173
128.808
128.041
127.695
127.535
134.829
128.261
128.314
127.177
128.461
132.283
132.45
142.973
129.906
128.832
128.006
127.316
127.421
127.567
142.151
133.262
130.082
128.226
130.146
127.241
127.989
137.392
130.623
128.162
128.232
127.923
129.379
127.755
128.753
141.626
130.196
127.674
128.308
128.072
128.537
127.766
144.287
129.327
127.948
128.879
128.48
127.92
128.608
143.551
128.458
128.553
128.376
126.724
127.943
128.236
145.564
133.132
129.433
128.531
181.509
186.008
130.076
127.989
123
121.502
123.13
121.453
122.148
121.547
137.667
123.265
121.241
121.223
120.658
121.413
135.795
152.45
132.838
131.684
131.213
129.773
130.019
130.783
144.741
132.381
140.638
132.817
131.342
130.649
130.45
144.376
133.012
130.367
130.314
130.449
131.588
130.286
154.679
130.563
130.757
130.459
128.884
129.593
129.345
141.987
130.727
129.469
129.751
129.84
130.161
131.044
144.289
130.829
130.117
131.424
129.873
130.99
131.042
143.223
131.435
130.506
130.209
130.552
130.642
131.237
145.596
131.567
129.318
130.406
130.473
130.983
130.652
142.174
130.82
130.788
129.901
130.287
130.341
142.696
135.344
130.753
130.357
130.856
131.066
129.329
139.878
133.962
130.777
159.1
148.026
124.548
120.005
135.298
122.255
120.173
118.402
118.602
118.308
119.655
118.79
134.148
120.51
119.661
118.852
119.176
119.093
119.634
138.233
124.738
120.684
120.253
119.147
119.936
119.123
120.362
131.578
119.98
119.581
279.298
135.526
132.097
186.383
140.952
130.687
129.228
128.654
129.935
130.813
134.077
130.564
129.944
129.929
130.197
127.687
128.351
131.722
128.877
129.666
130.322
129.833
128.801
141.045
129.785
155.772
143.237
138.245
168.76
175.905
180.767
180.548
178.977
177.691
177.362
185.01
179.503
181.563
179.785
180.207
184.657
179.473
177.68
180.306
180.417
197.169
225.136
230.842
225.447
200.164
228.76
226.872
229.988
241.596
228.679
226.63
231.197
242.843
227.25
230.178
190.005
195.562
183.514
180.273
184.069
180.357
191.523
185.463
180.573
180.299
179.051
193.132
182.384
178.065
181.349
180.988
196.486
184.524
179.702
180.38
180.32
194.603
182.105
180.357
179.718
180.838
195.144
162.514
182.195
179.671
180.344
182.609
187.195
181.419
181.723
181.325
181.048
183.555
180.963
181.302
181.92
181.262
182.737
180.249
180.277
179.972
179.935
196.367
183.6
180.215
180.428
180.015
193.978
181.312
181.433
181.683
177.743
203.488
182.904
179.852
149.96
143.685
153.754
141.662
170.228
180.762
177.553
177.283
161.857
224.665
277.902
252.618
283.892
218.063
199.972
200.289
196.022
203.98
219.771
251.757
189.49
211.108
227.361
240.487
171.878
234.891
235.74
204.574
169.241
152.852
148.045
149.699
149.297
148.475
150.681
137.457
132.8
132.433
131.01
130.725
130.785
146.561
131.384
128.987
129.439
131.003
128.446
128.92
144.4
130.259
127.395
127.266
128.402
127.693
125.826
150.969
140.488
145.879
159.386
129.691
124.302
124.338
136.013
124.908
124.289
123.402
122.163
123.333
121.69
138.136
124.448
120.743
120.452
119.935
119.297
120.766
118.34
184.931
132.727
124.596
120.674
126.803
122.223
125.441
137.113
125.291
123.61
124.376
123.272
123.974
123.287
137.907
125.579
124.998
123.219
124.808
124.093
124.506
123.6
128.24
124.466
124.77
124.333
124.055
123.651
122.986
139.41
126.016
124.864
124.668
124.259
124.547
123.885
136.358
126.761
124.734
124.259
125.028
124.166
125.458
124.303
127.607
123.804
125.297
124.205
124.663
123.756
124.012
144.256
127.608
124.238
125.778
123.299
124.46
124.097
138.358
126.706
125.206
123.849
125.023
124.403
124.56
134.655
127.617
125.026
124.894
124.537
125.134
124.346
125.386
143.958
125.215
125.061
124.733
124.153
125.438
125.266
138.764
125.131
124.431
124.188
124.366
123.423
126.111
137.603
128.69
123.182
125.476
124.827
124.646
124.812
125.161
134.13
124.743
123.561
125.056
124.216
125.171
123.469
136.965
123.249
123.314
122.109
123.7
125.91
124.034
135.952
126.767
124.368
124.53
124.34
125.215
125.3
124.001
134.126
125.146
123.971
124.138
124.142
125.709
123.26
138.234
124.854
125.368
123.423
125.161
124.494
124.646
134.548
128.226
124.724
124.627
123.372
124.482
123.922
125.248
144.105
137.138
135.343
134.59
153.282
139.868
148.399
137.513
133.592
132.065
132.301
131.985
133.023
143.787
136.344
133.774
132.535
131.563
132.996
132.189
143.898
133.275
134.045
132.623
132.539
133.6
132.39
143.928
133.564
133.916
132.51
132.899
133.035
132.433
140.554
133.736
132.141
132.059
132.502
132.89
131.931
146.911
134.057
132.322
132.249
130.935
131.884
131.537
147.393
132.763
132.048
133.311
131.818
132.66
132.278
138.755
132.379
130.605
132.713
131.698
131.732
141.959
135.434
133.627
132.12
132.487
134.912
156.936
155.986
144.901
144.18
137.556
134.586
136.23
134.591
149.189
138.816
136.244
135.183
137.917
134.986
154.579
140.276
138.617
135.952
134.967
135.465
135.123
151.875
139.057
137.833
135.484
136.447
135.296
134.891
153.406
135.076
135.019
134.546
134.508
135.247
149.165
140.324
136.296
134.655
135.676
133.256
135.588
146.976
137.09
134.071
134.792
135.247
134.612
135.698
148.945
135.946
135.475
134.294
135.407
134.902
134.756
142.435
137.449
135.37
138.318
135.451
133.639
161.282
153.048
147.982
146.859
146.883
147.21
208.795
190.432
190.871
216.919
201.406
235.241
235.252
230.713
232.884
252.17
234.749
229.112
227.293
244.644
228.945
233.768
229.556
245.996
234.054
227.996
229.219
237.001
227.96
232.494
228.958
245.597
233.43
231.554
228.775
245.379
233.671
230.669
229.915
243.695
234.267
228.727
229.557
246.004
234.285
228.721
230.847
244.152
234.074
228.428
229.638
246.619
234.712
234.395
230.934
245.478
228.748
235.556
234.058
248.233
228.772
229.336
228.762
243.856
228.784
229.058
227.828
222.285
222.766
232.929
228.997
246.961
227.665
233.653
228.698
245.447
228.297
229.152
202.688
237.911
228.702
227.796
229.458
246.616
234.933
227.628
235.12
245.487
236.778
228.46
228.119
234.101
227.923
204.518
220.23
241.586
233.667
235.434
229.341
241.319
234.332
195.77
188.634
188.694
206.557
234.152
227.777
229.344
210.355
205.088
227.328
224.438
216.706
190.025
183.771
182.74
184.703
195.314
188.29
183.988
183.646
182.114
191.833
183.866
183.508
181.99
184.17
205.044
189.918
183.882
220.588
224.14
237.59
223.05
224.213
229.187
234.07
222.908
193.129
185.686
182.11
201.286
184.874
182.111
182.011
182.589
196.862
183.237
183.572
180.958
183.999
188.655
181.547
183.716
181.824
183.819
203.842
182.802
181.921
183.475
183.689
197.89
185.449
180.547
183.676
181.821
199.676
183.508
183.314
182.646
182.583
196.519
183.869
184.146
146.632
175.574
182.494
222.053
207.232
229.895
228.288
233.06
228.223
229.2
242.534
229.458
229.569
229.247
241.416
196.564
181.537
179.565
180.879
193.343
182.122
180.167
182.179
181.072
180.591
195.461
180.851
182.345
180.637
180.916
195.287
181.49
185.451
182.916
181.527
195.448
183.44
179.771
183.187
184.446
181.49
180.053
179.649
177.439
176.881
195.052
182.288
182.579
176.651
179.034
193.31
179.439
181.136
177.539
179.648
190.913
179.662
181.211
182.104
179.027
181.096
195.826
180.192
179.499
185.563
179.832
192.769
146.314
135.681
135.969
134.909
136.953
148.88
137.472
135.44
135.126
133.532
134.563
135.434
150.759
138.292
135.063
136.124
135.745
134.735
135.294
151.999
136.877
135.201
135.126
135.173
135.578
147.979
140.854
138.357
136.51
135.364
135.595
134.987
147.755
137.379
135.638
134.486
136.832
136.567
135.255
152.517
137.523
136.167
135.688
135.959
135.093
147.575
138.275
136.717
136.279
135.247
135.545
136.053
151.187
136.333
135.487
135.714
135.56
135.039
134.636
151.394
135.488
136.002
135.298
135.18
135.598
145.278
139.267
136.778
136.721
134.973
135.184
135.12
149.663
136.955
134.759
136.644
136.036
134.502
134.916
155.294
138.454
135.593
134.762
134.753
134.75
134.399
146.227
137.858
135.872
137.048
134.176
135.265
145.496
137.605
134.694
135.714
137.015
134.455
134.248
149.817
137.581
135.565
134.713
137.195
135.455
134.75
152.015
134.759
135.915
134.897
136.513
136.532
153.803
140.461
180.159
181.001
180.472
181.373
192.708
180.331
181.416
179.892
181.102
191.117
180.988
184.712
180.685
182.057
184.444
178.335
180.645
182.739
180.393
195.445
182.134
179.809
181.85
179.782
191.794
182.351
182.682
184.338
180.875
198.657
183.08
177.489
144.605
138.531
135.613
147.936
183.394
178.091
180.955
180.288
180.675
183.999
181.857
177.165
179.728
182.171
195.07
180.103
177.913
178.529
181.109
191.037
180.728
177.205
178.886
179.278
185.139
181.867
178.83
181.286
186.001
198.054
179.538
179.834
180.462
181.216
196.381
182.194
180.39
180.802
181.519
195.631
180.423
180.012
179.831
180.477
195.963
183.334
182.996
180.166
180.323
180.463
194.859
178.685
180.914
180.42
180.745
190.216
183.695
180.342
180.461
180.182
186.514
180.2
181.461
180.868
179.541
196.42
182.396
179.892
180.199
181.864
193.999
179.785
180.203
180.868
180.832
200.403
182.014
181.292
180.31
180.011
193.487
184.164
179.765
180.284
180.046
181.836
211.214
182.144
178.044
160.065
183.915
197.275
188.423
179.445
180.35
180.352
189.237
184.284
182.01
178.817
180.754
185.841
180.297
180.299
180.564
182.152
191.56
180.553
185.229
181.169
179.832
192.413
181.221
179.819
181.376
180.735
198.606
183.061
179.078
178.418
180.724
181.302
182.973
180.017
183.673
181.226
180.018
193.541
180.071
180.089
181.881
181.065
186.8
182.679
181.696
180.297
181.449
185.517
178.89
182.449
189.061
182.331
196.36
179.578
180.76
180.526
181.235
193.857
178.446
182.33
179.915
182.145
200.434
185.388
179.641
180.701
188.444
194.178
184.146
178.753
184.912
180.333
191.73
182.919
180.551
180.849
180.225
181.225
193.71
180.211
180.868
180.875
183.605
186.766
182.558
181.138
180.567
180.965
180.326
177.205
178.345
178.883
178.031
191.738
178.922
180.636
180.297
181.066
197.473
185.277
183.166
179.958
180.441
192.673
184.884
179.23
179.755
181.366
180.189
195.469
179.641
181.278
179.683
176.006
182.901
180.871
181.099
180.995
180.152
184.669
181.406
180.146
181.761
181.473
195.14
185.295
180.497
181.049
180.263
190.984
182.121
181.623
179.752
180.428
193.897
184.988
215.798
228.223
229.725
240.583
228.073
228.392
197.562
186.603
180.352
181.649
180.504
181.566
193.319
183.06
185.593
180.429
179.779
192.386
181.925
180.898
181.105
180.737
203.502
184.667
180.237
180.73
181.598
192.952
183.752
190.351
179.357
190.164
194.839
185.136
180.58
182.218
146.332
138.171
151.896
139.35
136.573
135.25
136.838
136.867
135.747
187.725
174.329
173.995
180.017
174.857
204.233
195.554
182.282
177.83
178.953
193.836
182.032
181.423
179.331
180.567
190.385
179.538
178.424
178.913
177.981
174.281
185.566
180.908
178.87
177.981
178.149
195.127
179.71
178.383
180.901
177.923
195.635
179.804
180.805
182.123
180.972
182.744
179.566
178.963
178.45
176.55
190.23
181.305
188.049
177.112
181.656
185.607
183.37
180.431
176.831
179.348
179.247
193.379
178.981
177.891
175.388
178.108
180.775
182.074
177.782
179.815
178.571
229.461
226.269
229.399
224.72
204.498
188.188
181.036
176.089
178.736
185.502
181.77
178.597
179.071
176.697
177.523
191.176
184.53
178.799
181.085
178.329
188.958
178.99
176.615
178.227
177.872
193.081
178.245
177.599
177.229
176.994
192.11
183.54
180.727
180.597
177.73
176.192
156.859
144.97
135.134
133.978
135.054
134.71
147.9
135.372
134.896
134.718
133.577
134.05
133.743
145.547
134.462
132.811
131.878
133.012
133.169
206.756
166.09
166.041
170.369
202.808
231.072
170.17
141.716
136.33
136.112
136.471
134.321
154.757
137.596
135.658
134.896
135.421
135.507
144.968
140.915
136.759
135.337
135.985
134.955
134.842
148.851
136.968
132.317
132.89
132.326
132.029
133.578
150.124
134.757
175.969
174.003
172.904
143.084
159.988
180.668
179.688
180.245
181.139
198.24
181.674
180.149
179.187
180.822
186.309
182.168
178.589
177.933
181.55
178.85
184.187
178.69
177.259
176.731
175.918
167.254
176.814
182.596
180.401
180.227
190.478
180.196
181.646
180.858
176.464
189.878
181.723
177.944
178.342
179.615
191.1
184.494
177.934
178.511
181.147
180.338
194.887
182.083
181.354
180.931
177.308
186.92
180.393
181.216
178.703
179.774
195.488
179.924
179.222
179.589
179.2
192.922
179.455
179.578
174.889
178.128
193.376
181.602
184.29
176.492
177.957
178.348
195.842
177.573
180.574
179.725
177.395
191.722
177.9
178.916
179.929
194.994
181.456
154.943
178.91
177.917
176.402
189.663
181.746
181.192
185.407
181.479
182.032
182.572
180.152
177.373
180.216
178.369
193.496
181.165
177.805
180.216
178.421
182.188
179.006
178.351
177.669
179.385
195.313
182.543
180.984
181.338
177.639
197.694
180.832
180.922
180.49
176.675
179.843
183.503
191.875
180.07
178.651
179.13
196.035
180.166
180.678
177.406
179.345
194.359
180.26
178.264
178.29
177.934
193.319
178.429
180.531
177.472
181.365
192.182
181.032
176.406
178.122
178.887
189.406
181.834
176.179
180.297
180.92
181.007
195.253
179.662
178.011
181.965
181.589
199.703
182.766
177.332
180.888
178.231
183.256
179.274
178.702
179.996
177.9
191.812
180.529
180.757
179.671
178.492
185.701
183.315
182.448
179.616
177.172
178.321
196.059
178.66
215.251
229.837
242.69
229.316
226.426
224.543
197.015
182.228
188.14
181.145
175.668
177.325
181.803
180.17
177.46
178.717
183.131
196.39
180.113
179.436
178.959
179.288
191.066
180.917
180.787
175.111
181.831
194.175
180.998
181.415
180.323
181.09
195.584
180.667
180.498
175.011
177.179
191.625
184.44
179.803
178.706
177.58
177.941
190.233
179.224
177.343
183.476
177.24
191.087
181.84
254.895
163.578
169.613
154.027
149.374
149.699
148.786
134.969
138.328
132.349
129.357
130.043
129.353
128.299
126.915
137.321
132.082
129.573
128.061
129.143
128.858
126.788
138.271
132.106
127.955
127.592
127.474
128.303
126.586
126.532
140.42
131.979
130.16
135.594
131.955
129.835
147.04
132.908
130.538
130.074
130.049
129.843
129.299
140.506
131.444
129.088
129.511
130.202
129.719
128.995
140.607
130.03
127.029
126.428
126.136
127.754
125.372
139.735
136.727
130.686
130.07
128.283
129.804
129.604
141.566
135.876
130.136
131.279
130.327
131.065
132.729
149.606
136.033
133.411
138.264
147.016
126.605
126.154
137.198
124.726
122.238
121.409
120.998
121.743
120.583
122.07
142.502
124.048
121.859
122.117
123.534
123.834
122.277
139.193
125.24
124.697
122.364
124.191
122.605
123.925
138.799
124.797
123.811
123.219
122.965
123.767
122.792
123.106
138.853
124.181
124.346
123.143
123.88
124.359
122.933
137.32
126.28
123.988
124.92
123.781
123.138
123.262
133.011
126.201
124.192
124.878
123.387
123.111
123.901
124.279
142.782
135.393
132.784
131.88
131.026
131.393
131.059
147.409
132.873
131.447
131.42
130.505
130.469
130.689
147.182
130.797
131.837
131.765
130.794
129.877
130.684
147.383
132.246
130.931
131.153
130.738
131.079
130.472
133.453
129.202
132.042
129.565
129.335
128.697
129.167
145.092
130.019
129.592
130.176
129.936
128.387
128.583
145.556
129.967
130.445
130.401
129.843
131.353
130.715
145.973
130.782
129.408
128.632
148.273
160.009
141.02
128.813
124.724
124.03
123.783
125.136
123.928
124.105
127.738
124.52
123.154
124.212
124.175
124.282
124.933
140.983
125.922
124.586
126.017
124.583
124.851
124.812
136.696
126.792
124.064
125.296
125.519
123.717
125.048
134.803
127.303
123.793
124.274
123.826
124.316
123.64
124.22
129.973
123.507
123.979
123.36
124.413
124.125
125.077
134.418
127.086
125.368
123.684
125.035
124.807
124.562
124.422
132.453
125.84
125.218
124.566
125.047
124.015
123.213
138.551
126.484
125.227
125.109
123.696
124.256
124.132
138.019
126.945
125.095
124.911
125.324
124.353
123.468
134.782
127.35
124.372
125.137
125.594
125.291
123.428
122.349
136.422
125.805
125.465
124.322
125.441
124.376
124.332
136.246
126.491
125.036
124.987
125.606
124.917
123.771
137.267
127.338
125.723
125.366
126.106
125.515
125.117
125.753
139.28
125.904
125.963
125.498
125.368
124.219
125.612
138.779
125.452
124.818
125.418
126.346
123.85
123.985
126.712
128.102
126.295
124.138
125.215
125.847
125.184
125.124
140.021
124.272
124.311
125.542
125.251
124.723
122.224
138.103
126.953
124.616
124.713
125.231
125.738
125.182
134.451
126.888
125.639
125.139
123.985
125.281
124.803
124.389
131.35
124.53
122.755
122.548
123.38
124.43
124.057
138.16
125.316
124.037
124.243
124.864
124.96
124.99
136.415
125.732
124.071
123.848
125.491
124.879
123.985
124.132
128.813
125.441
123.763
123.985
124.429
124.816
125.14
135.338
125.531
124.18
125.205
124.597
124.452
126.16
134.374
127.146
123.658
124.602
124.154
124.433
123.681
125.532
131.843
124.846
123.239
123.754
124.265
122.06
123.548
129.326
124.275
123.417
123.083
123.37
123.053
122.555
139.17
125.074
124.459
121.741
122.171
123.507
123.286
122.445
134.939
124.297
122.484
121.772
122.96
122.551
122.261
132.453
124.279
122.44
120.789
121.685
120.268
120.623
119.955
147.513
126.459
125.421
124.756
124.16
124.433
125.008
138.919
126.451
125.468
125.449
125.282
124.643
125.178
134.646
127.022
125.478
126.436
125.601
124.746
123.584
126.235
128.393
125.473
125.284
125.897
124.89
124.084
124.879
139.54
126.939
125.414
124.781
125.375
124.978
125.255
137.745
126.773
125.05
124.59
125.652
125.435
124.43
133.652
127.461
124.47
124.878
124.839
124.808
124.991
124.9
134.935
124.896
124.671
124.882
124.744
124.456
122.902
137.134
126.417
124.069
124.824
125.175
124.635
124.057
134.12
127.113
125.124
123.56
124.333
126.22
124.516
124.314
136.999
124.975
123.939
124.413
124.427
125.451
124.628
137.413
125.739
124.905
124.273
125.155
124.466
125.329
134.484
127.107
124.243
124.817
123.766
123.615
124.081
124.433
135.58
125.071
124.238
124.942
123.94
124.352
124.44
138.46
125.789
123.844
125.365
123.814
123.711
124.129
134.647
127.888
124.123
123.476
123.816
124.809
123.822
124.196
147.6
134.578
133.889
132.82
134.084
133.789
133.512
150.893
134.323
133.165
132.456
132.265
133.207
136.192
135.256
132.193
132.74
131.545
132.911
131.707
149.302
136.013
141.329
132.322
131.548
131.994
130.034
145.173
136.265
132.535
130.183
131.308
131.621
130.956
144.114
133.195
130.695
130.849
129.563
129.658
130.198
144.699
131.904
131.516
131.093
130.614
129.964
130.448
144.848
130.795
130.421
129.124
129.957
128.707
127.66
146.069
134.872
132.984
132.984
130.695
132.025
131.637
139.584
132.43
132.343
132.33
131.429
131.902
132.117
146.142
131.852
130.864
132.357
131.944
131.098
130.746
146.688
132.148
130.683
131.504
132.864
133.197
131.212
146.855
133.068
131.665
131.146
132.442
131.928
143.588
140.199
131.237
132.842
133.389
130.906
131.729
145.81
134.243
131.654
130.521
131.521
132.273
132.476
141.841
133.264
131.875
130.241
131.046
132.214
132.479
142.583
132.84
132.335
131.859
130.686
131.654
132.65
143.336
132.218
131.975
131.941
131.967
130.554
131.979
145.642
132.514
131.009
131.188
130.646
131.273
131.016
144.672
133.341
131.792
131.72
130.785
131.597
131.675
146.6
131.453
132.401
131.356
131.275
131.608
132.992
145.541
132.036
148.479
132.656
131.481
130.771
131.708
148.47
132.866
132.045
131.363
132.5
132.543
142.44
131.026
128.53
128.064
126.785
126.886
127.396
127.855
145.525
131.213
130.975
128.936
128.679
128.469
129.381
145.687
131.393
128.545
129.682
128.617
128.135
128.028
144.713
130.033
129.06
128.49
128.151
129.137
130.515
144.676
130.511
129.599
129.545
127.08
129.292
141.287
147.772
130.668
131.4
130.71
130.109
129.692
130.31
146.435
129.669
130.502
129.987
130.054
129.44
129.632
145.983
131.657
130.021
130.405
131.138
130.285
129.903
136.8
145.486
132.761
129.534
130.982
133.78
140.99
131.72
129.98
131.651
131.431
130.915
129.071
140.596
132.784
130.703
129.886
130.445
130.834
130.542
140.25
133.142
130.899
129.598
130.258
131.745
130.809
145.364
134.103
131.306
130.793
129.218
130.736
130.654
141.723
132.27
130.103
130.377
130.49
130.181
129.992
141.715
133.204
129.91
129.134
130.575
131.141
130.457
141.664
132.436
130.704
129.986
129.501
130.354
131.293
140.972
132.262
130.862
130.505
130.103
129.783
130.896
144.542
131.835
129.973
130.263
130.712
129.602
129.395
143.732
133.031
129.784
129.582
137.829
129.681
128.211
143.736
132.457
131.227
129.18
130.12
130.016
130.08
143.804
131.089
130.604
131.128
130.101
129.265
130.295
144.546
131.665
130.653
130.691
129.675
129.161
129.693
143.883
130.515
129.434
128.783
129.101
129.444
155.551
187.481
153.6
148.299
149.213
150.086
147.486
160.886
151.711
151.419
147.141
148.503
147.99
165.366
149.255
148.277
146.542
150.446
148.829
161.641
146.289
150.76
148.518
146.003
146.963
154.281
148.612
142.051
142.126
141.257
141.709
141.664
155.405
143.552
143.23
146.108
144.197
143.324
158.69
145.066
143.362
143.208
142.252
218.169
204.44
180.716
177.3
177.467
176.004
163.07
179.546
174.662
177.494
177.183
177.168
183.63
175.299
177.197
175.792
175.71
173.917
181.029
176.705
178.875
177.851
168.237
134.87
132.948
132.213
130.767
131.863
129.668
153.694
132.902
132.054
132.839
131.348
129.78
131.128
146.225
132.788
131.362
133.104
132.331
129.041
129.775
143.755
133.38
131.037
131.161
131.946
130.214
129.893
146.511
134.924
132.394
130.7
132.199
130.784
131.137
141.721
133.541
133.584
132.177
132.557
129.542
130.075
138.668
133.58
131.816
132.953
131.847
129.827
129.58
149.309
134.89
132.123
132.036
131.306
130.56
128.861
144.352
134.284
132.261
131.255
132.144
130.55
129.722
144.538
134.289
132.355
131.431
131.538
129.63
130.045
162.92
136.481
133.34
132.577
131.702
129.943
129.766
143.094
133.513
132.698
131.585
132.722
130.545
139.309
135.984
132.545
131.841
131.428
130.783
130.75
142.385
138.776
132.034
132.07
131.311
131.278
130.081
146.338
139.115
132.128
130.187
131.128
132.256
129.476
143.994
134.911
132.448
131.356
131.474
130.702
129.57
146.936
133.705
133.135
132.27
131.872
128.872
129.861
148.163
132.04
132.173
130.547
130.262
129.634
128.675
150.327
136.913
134.078
131.742
131.544
129.691
128.326
151.78
137.491
134.91
134.072
134.544
134.452
133.558
147.378
135.465
134.901
134.901
133.573
134.048
133.24
138.852
134.015
133.38
132.815
132.668
133.657
144.201
155.802
149.055
140.28
138.536
168.785
208.427
211.485
207.946
209.671
238.278
255.901
238.69
221.354
212.134
223.149
234.576
237.654
244.554
264.376
244.999
242.622
245.069
235.325
223.213
234.77
265.704
239.323
237.419
234.106
237.58
245.717
235.361
258.835
222.859
235.755
256.023
266.152
237.056
237.789
274.884
239.832
237.654
247.805
243.577
236.618
236.224
253.626
224.106
234.679
249.934
243.261
237.253
221.748
222.045
264.794
237.437
241.145
255.578
220.502
234.174
249.147
242.42
237.276
236.507
276.439
262.706
237.197
241.328
244.673
236.384
221.446
235.759
209.554
259.652
237.215
257.373
224.155
221.429
220.768
213.878
261.199
238.528
249.846
236.234
244.079
237.968
286.158
237.476
221.681
279.768
265.389
237.422
237.418
249.937
238.008
237.259
249.454
222.184
261.582
238.575
265.503
235.963
242.517
240.059
260.618
237.415
237.48
242.448
238.699
237.326
249.965
220.01
211.169
261.159
239.63
262.997
239.022
237.186
229.815
258.801
240.389
210.48
264.26
235.919
257.124
257.938
205.001
245.579
234.641
272.895
261.977
232.449
264.219
237.597
229.755
236.305
273.139
238.397
238.762
216.364
234.594
254.703
231.272
265.834
237.394
234.506
226.125
233.884
234.616
234.962
231.007
234.606
228.142
256.127
194.906
192.73
230.147
250.815
260.795
214.041
195.028
259.785
219.311
196.142
188.779
180.327
182.619
170.783
172.299
170.071
169.557
158.382
173.604
170.906
170.117
169.544
154.178
177.677
157.199
151.65
139.524
137.037
133.175
140.871
135.011
130.74
128.861
129.662
129.978
130.251
139.538
130.864
128.804
128.453
128.814
128.131
129.114
154.508
130.315
129.202
129.87
129.93
128.901
134.936
148.393
132.279
129.867
128.648
130.311
128.48
128.313
143.47
131.556
129.175
129.409
127.983
129.613
128.426
139.752
129.427
129.489
129.694
129.186
128.209
128.918
142.165
133.188
129.817
129.82
129.998
129.472
128.288
129.831
130.913
126.742
126.775
128.146
128.039
127.331
133.848
181.111
160.528
169.536
156.463
158.294
178.663
160.165
158.348
159.243
154.736
153.884
171.192
154.693
157.707
158.381
157.947
152.681
171.774
162.165
160.851
151.922
144.732
145.732
158.131
144.978
145.145
143.981
154.529
146.303
156.651
146.121
145.072
143.987
145.745
143.728
144.635
151.452
146.636
144.881
144.976
145.445
145.806
158.114
145.346
147.4
144.934
144.948
143.988
159.96
146.769
145.24
145.325
144.54
145.425
149.433
146.659
145.141
145.58
144.386
145.77
145.228
161.389
144.647
144.528
145.436
145.554
144.967
163.286
146.131
145.018
145.61
144.766
145.666
158.769
144.988
144.998
145.153
146.672
144.399
159.097
147.978
145.797
146.047
144.236
145.54
144.996
160.135
145.312
146.2
144.42
146.041
144.876
162.348
145.576
145.235
144.603
146.762
146.789
158.48
146.97
145.58
145.77
144.417
146.479
157.981
149.763
144.116
144.477
145.614
145.785
144.925
158.402
143.159
150.292
151.915
145.938
145.637
160.684
145.126
142.128
615.386
169.004
147.771
200.9
223.633
203.509
157.24
145.175
145.556
145.876
143.225
157.746
149.629
144.611
144.398
144.067
144.459
146.566
158.369
145.166
144.125
143.915
144.032
144.914
163.878
143.866
143.491
142.919
146.603
145.165
160.263
157.011
154.849
152.203
154.254
150.111
159.662
149.052
146.847
145.851
155.346
158.585
168.336
127.385
122.068
120.952
119.318
119.397
120.507
120.427
137.694
121.386
120.833
120.079
119.196
120.252
121.316
133.276
122.748
119.86
119.076
119.58
119.494
121.401
119.292
134.465
120.297
121.767
118.695
120.744
118.372
120.64
128.734
124.079
120.537
120.825
121.091
120.804
120.687
120.008
132.594
121.748
120.588
120.85
120.938
120.346
119.835
135.389
128.944
122.593
120.547
119.851
120.641
120.123
121.262
132.941
121.841
121.304
120.678
118.817
119.257
118.903
131.853
121.958
119.565
120.503
118.56
118.757
119.322
118.921
132.684
120.613
119.815
119.574
118.545
118.859
119.009
119.337
134.576
119.538
119.671
120.665
119.592
119.25
119.414
130.949
120.931
118.639
119.557
118.966
118.502
118.777
118.938
141.62
128.326
126.84
128.588
128.026
128.038
128.073
144.369
129.484
126.906
127.32
127.842
125.635
124.721
172.324
158.555
139.351
163.791
143.11
132.493
145.108
137.307
131.489
129.6
130.839
130.634
129.444
139.517
151.06
164.338
151.037
139.903
137.066
135.307
152.575
136.573
158.476
150.422
139.137
137.108
147.591
140.241
137.039
136.603
134.932
136.146
136.347
147.371
140.33
136.802
135.752
136.469
136.07
135.734
145.905
139.481
137.361
136.243
135.646
134.862
148.467
139.598
136.501
135.505
135.351
136.096
136.621
153.253
140.651
135.996
135.24
181.981
139.464
132.414
158.936
138.408
134.047
134.88
134.038
134.688
147.378
137.716
134.595
133.845
133.82
134.331
134.482
144.194
136.64
134.88
133.927
134.1
134.726
133.319
144.741
134.922
133.262
133.283
154.47
156.249
139.156
146.913
135.442
135.755
136.253
135.079
138.623
135.521
148.523
135.828
135.601
138.629
135.704
134.669
145.322
135.163
133.521
135.995
133.419
146.207
151.884
154.291
135.617
135.491
138.131
136.314
135.235
134.585
156.471
137.833
135.448
136.89
135.525
135.881
133.867
152.59
135.948
134.525
136.516
134.582
134.992
147.545
137.569
133.992
133.349
133.707
133.58
175.95
165.686
126.636
121.868
122.29
122.932
122.128
122.034
133.667
124.146
122.401
121.253
122.352
122.603
122.846
122.408
134.512
122.134
121.301
121.673
122.066
121.52
121.485
131.587
123.222
122.441
121.597
121.589
122.089
122.057
122.034
134.473
122.239
124.098
121.202
121.379
121.025
120.751
132.882
122.588
122.461
122.967
120.955
120.727
121.762
119.993
132.251
121.74
121.613
122.278
121.409
121.185
123.006
133.135
123.349
121.425
121.589
121.884
121.328
121.289
121.45
136.309
122.098
122.167
121.59
121.523
121.589
121.499
135.494
124.347
121.232
122.342
123.652
122.068
121.375
120.515
125.839
123.066
120.326
122.061
120.224
121.891
119.896
134.432
123.775
121.532
120.296
119.326
120.467
119.228
120.052
131.73
124.05
119.992
119.57
120.215
121.038
119.632
132.86
122.204
120.407
120.981
119.839
119.64
120.496
120.922
125.151
121.306
120.748
120.276
119.998
120.159
120.994
132.549
121.486
120.621
120.744
120.551
118.943
119.03
118.459
172.122
149.48
126.799
123.638
123.187
122.659
122.378
128.008
123.749
122.101
121.867
122.429
121.735
121.94
134.744
123.725
122.568
121.602
121.634
122.819
122.149
132.524
124.996
122.074
120.817
121.045
120.82
121.83
121.761
136.513
123.861
121.59
121.966
121.965
121.844
121.542
135.32
126.902
123.488
122.308
122.394
122.79
122.311
122.341
136.004
122.504
122.02
122.924
122.239
122.609
121.968
133.897
125.493
122.078
121.811
122.234
122.252
121.977
121.841
136.353
123.744
121.956
122.485
121.973
122.623
121.939
135.111
123.736
123.08
122.175
121.784
121.658
122.251
132.958
125.777
122.894
123.079
121.536
122.288
122.036
122.278
133.541
121.439
120.552
121.905
120.36
119.036
120.576
130.849
123.343
122.451
120.955
121.574
120.991
119.731
120.458
133.95
121.746
120.708
120.937
120.835
120.254
119.484
121.349
124.01
120.545
119.905
121.737
121.139
119.978
120.032
133.854
122.682
120.437
122.832
122.559
122.275
121.208
120.426
129.609
139.347
170.944
146.432
198.896
156.78
146.548
198.795
185.485
179.225
178.3
191.473
182.586
181.547
178.359
181.863
157.986
139.491
137.225
138.747
137.186
137.326
150.841
140.811
137.298
136.934
135.361
136.309
135.736
151.43
136.611
136.432
136.126
137.057
135.515
136.838
151.169
138.359
134.465
135.572
135.25
134.452
133.674
148.42
136.876
135.605
133.402
134.389
134.225
146.696
140.55
134.739
133.807
134.118
133.126
133.68
144.366
137.516
135.627
134.138
134.353
134.239
134.459
146.963
135.92
135.283
134.622
134.724
134.866
133.94
154.489
137.614
133.289
133.718
129.342
130.206
130.834
153.037
139.933
136.347
134.95
135.725
133.833
141.938
137.998
134.74
135.646
134.869
135.106
135.144
149.249
140.556
135.779
137.003
134.679
134.225
135.689
148.621
136.203
135.553
137.303
135.995
134.653
134.453
139.622
135.859
133.536
164.817
153.807
141.336
162.759
141.675
138.174
179.327
177.759
180.909
161.145
140.046
136.917
136.437
136.236
135.21
145.866
139.903
136.363
136.35
135.926
134.829
134.726
146.729
138.238
134.799
134.823
134.899
136.065
134.642
146.324
137.121
135.304
135.22
135.858
135.692
135.042
146.735
136.043
135.451
136.217
135.141
135.293
134.656
143.039
135.658
134.699
135.582
136.209
136.04
144.757
139.478
136.401
134.267
135.274
136.126
135.712
145.691
136.28
134.237
133.445
133.776
181.322
154.098
142.101
135.4
134.395
133.465
133.661
133.635
140.366
136.477
134.181
132.908
133.126
134.386
134.769
147.37
134.345
133.058
131.812
131.487
141.488
159.872
183.264
163.181
163.804
162.73
159.743
175.103
165.68
164.41
181.803
153.142
150.605
176.458
198.685
192.501
210.337
149.557
137.12
116.597
113.196
114.527
113.429
149.779
149.539
132.353
121.307
117.045
117.057
115.163
116.657
113.12
113.721
126.724
118.017
114.456
113.917
115.13
114.672
113.104
112.871
125.105
116.733
115.25
113.527
113.91
113.189
111.98
112.578
127.051
118.492
113.927
115.204
113.844
112.491
112.879
113.569
136.841
124.771
120.692
121.637
120.821
121.029
120.985
132.195
124.222
121.59
120.122
121.183
120.891
121.389
121.887
127.119
120.092
119.298
118.813
119.818
117.945
117.576
118.107
141.577
123.837
123.046
121.975
121.694
122.636
122.047
137.094
123.394
123.596
121.28
121.246
122.236
122.479
135.457
126.267
122.88
122.201
122.197
121.078
122.628
121.259
141.902
123.662
123.608
122.459
121.601
121.988
122.392
132.135
124.814
121.693
120.567
120.286
119.785
120.152
120.777
131.194
120.83
120.546
120.708
121.193
119.752
120.606
134.988
127.37
121.172
119.812
120.955
120.469
120.396
120.233
130.766
120.913
120.952
120.287
120.327
120.664
120.684
133.338
124.737
122.128
120.587
120.922
119.487
138.505
202.979
153.129
142.712
137.072
136.775
135.805
134.209
151.043
135.264
133.301
133.466
134.354
132.734
133.012
140.939
135.578
133.689
133.707
133.643
134.215
147.02
136.15
134.483
132.98
132.999
133.569
134.017
144.166
134.967
134.182
132.898
133.672
131.983
132.675
144.204
134.513
133.011
133.259
133.713
133.771
133.035
149.912
134.897
136.172
133.539
132.086
133.446
134.236
148.661
137.332
133.521
132.48
132.705
133.105
133.298
154.278
135.094
132.42
132.521
133.517
132.258
145.39
137.65
134.386
134.492
132.687
132.922
134.612
142.72
134.507
134.913
132.621
132.979
132.131
134.678
144.45
133.751
132.124
133.121
132.038
132.313
133.123
148.684
135.286
133.926
133.821
132.604
132.619
133.217
148.167
135.638
133.704
133.701
132.447
132.757
133.833
149.718
134.088
141.018
134.648
132.711
134.028
131.875
134.769
130.606
131.4
130.758
130.865
130.158
145.316
167.013
149.283
136.931
132.814
133.185
132.504
146.149
134.742
134.396
133.848
134.291
133.129
132.922
138.451
135.415
132.928
133.235
133.334
133.064
132.444
146.204
135.003
133.199
133.7
132.757
132.023
133.092
151.424
134.305
133.99
132.233
132.302
132.736
144.841
136.089
134.875
134.444
134.215
132.771
132.138
147.196
141.012
135.207
133.911
134.626
133.243
132.697
148.086
134.492
134.589
133.976
133.813
133.403
132.531
146.396
136.781
134.495
134.465
133.734
133.262
132.778
146.522
133.916
133.977
133.178
133.62
133.37
134.275
147.965
134.156
133.018
133.164
134.2
133.417
142.144
135.656
133.476
133.216
132.537
132.624
133.83
147.798
139.412
134.638
133.692
133.314
133.385
133.462
147.722
135.839
132.303
132.21
132.891
133.319
133.963
147.962
135.467
133.493
134.188
132.735
133.436
133.58
145.733
134.667
132.654
134.086
132.236
132.643
134.432
149.232
141.704
172.835
138.795
134.756
132.564
148.985
134.712
132.326
133.122
133.376
133.845
133.372
149.028
134.203
133.623
133.005
133.672
132.165
133.602
138.672
135.671
133.777
133.541
133.151
132.754
132.389
150.204
134.484
132.644
132.396
133.517
131.886
132.73
151.151
134.224
133.532
133.319
133.569
133.469
144.38
135.478
133.764
132.919
134.251
133.312
131.99
145.226
139.662
134.037
134.679
133.631
134.408
133.33
146.525
133.536
131.618
185.585
153.9
150.45
170.676
155.786
154.498
151.461
149.737
163.471
164.594
154.579
156.043
147.857
143.981
154.532
149.83
131.364
130.639
131.26
131.494
130.598
131.168
141.876
131.109
129.881
129.88
129.248
129.914
130.279
140.754
129.336
129.195
128.634
128.711
129.489
130.277
139.148
128.653
129.47
127.85
127.945
129.488
129.349
144.27
129.52
128.239
129.292
129.433
129.659
128.976
143.464
130.595
128.967
128.242
127.31
127.487
153.717
176.643
132.004
129.996
129.713
129.559
129.379
131.92
142.203
127.986
127.003
126.84
127.144
125.544
125.008
146.886
131.741
130.862
131.454
127.869
128.116
128.525
142.211
130.747
128.871
130.33
129.004
130.345
128.621
140.111
132.624
130.598
128.665
130.33
129.602
128.819
142.769
148.209
129.661
128.423
141.346
130.455
142.71
133.502
131.568
131.812
130.672
130.708
130.703
141.649
134.718
131.788
130.151
130.624
130.342
130.345
147.325
133.583
131.337
131.097
129.42
129.258
131.217
144.252
132.062
130.218
130.629
130.653
130.067
129.827
143.38
129.376
129.069
129.105
129.151
128.164
128.42
142.14
129.339
129.563
127.902
128.684
129.295
128.273
142.076
128.308
128.618
129.302
127.689
129.838
128.662
142.595
129.122
128.648
128.868
130.087
127.839
127.791
142.606
129.172
128.46
129.61
129.37
128.828
128.313
141.093
131.799
131.239
137.4
133.056
129.012
129.178
150.221
185.277
156.936
149.028
149.042
147.676
164.327
149.547
147.124
147.304
148.832
147.872
162.115
149.316
147.52
146.94
147.384
147.641
164.504
150.435
146.675
147.34
147.087
148.039
147.959
166.144
149.729
148.17
146.541
146.095
149.322
161.974
148.879
146.14
148.525
145.957
147.597
161.72
149.598
147.731
146.753
146.859
147.121
160.895
141.379
134.603
133.683
133.566
134.007
132.947
150.041
139.839
132.728
134.015
133.466
133.881
136.551
148.657
135.06
133.226
132.884
135.865
134.63
133.665
138.85
134.355
136.653
134.723
132.901
132.71
134.628
148.762
135.274
133.416
133.89
133.611
134.916
132.977
148.074
147.408
162.248
148.37
131.893
126.811
149.069
132.13
130.259
129.98
129.105
127.646
129.252
131.523
134.12
129.647
128.772
128.811
127.23
128.247
127.408
141.105
128.441
127.274
127.518
127.367
127.487
128.13
143.136
126.048
135.634
180.12
147.985
134.53
147.893
133.713
133.072
132.007
129.777
131.213
130.639
139.716
132.343
128.994
129.98
129.153
129.514
128.784
133.243
131.752
129.339
129.723
129.908
130.01
129.352
146.12
134.258
130.188
129.189
128.703
129.974
130.71
139.773
132.613
130.509
129.843
129.162
128.621
129.866
147.03
133.226
129.593
136.612
129.586
129.275
129.376
140.841
132.377
129.824
128.294
130.037
128.531
129.192
132.998
132.673
130.24
129.246
129.761
130.182
129.455
145.93
129.004
126.232
124.537
124.426
124.54
124.078
124.844
133.563
128.436
127.987
127.695
126.525
127.177
127.92
141.39
128.613
127.599
128.123
127.367
126.221
125.86
134.392
128.823
127.858
126.947
127.714
126.876
127.087
142.792
130.97
128.434
127.879
126.823
127.801
127.25
142.194
128.774
128.732
127.821
126.696
126.621
127.53
140.308
129.487
127.798
127.535
127.779
126.185
126.735
130.164
129.997
127.878
127.932
128.634
164.384
149.851
141.048
121.987
120.069
119.668
120.898
120.029
121.152
119.661
131.945
121.379
120.885
120.128
120.46
120.804
120.453
132.518
120.998
120.69
121.162
119.946
118.245
118.254
119.163
132.667
120.579
119.494
121.123
118.853
119.443
118.691
130.91
122.008
118.411
118.262
119.391
117.936
118.392
118.167
135.451
120.602
119.27
118.816
119.587
118.321
117.946
119.68
123.253
119.899
119.218
119.725
120.396
119.755
119.709
132.464
121.653
119.455
119.2
119.69
119.882
119.385
119.996
133.422
120.524
119.865
119.35
119.108
120.825
119.505
122.178
122.212
119.264
118.257
118.07
118.455
119.788
118.248
130.97
118.94
118.934
118.194
117.43
118.499
119.06
118.567
132.718
119.842
119.016
118.778
117.87
118.558
127.614
129.694
121.49
119.397
118.6
118.668
118.141
118.94
118.961
133.075
119.584
118.913
119.274
118.161
118.402
118.563
119.761
134.609
119.311
118.151
118.897
118.221
117.373
120.471
129.075
120.865
119.323
117.842
117.707
116.585
130.95
195.415
149.382
136.146
133.489
131.799
133.122
133.262
144.378
134.605
133.027
132.23
132.423
132.761
131.738
146.098
133.258
132.534
131.234
131.27
132.38
132.282
149.054
132.784
131.736
132.129
131.307
131.764
131.124
144.804
131.989
131.929
133.138
133.225
132.552
132.751
144.239
132.533
133.373
131.443
132.757
136.7
132.805
147.02
131.77
132.339
133.085
132.016
132.887
132.203
135.348
132.999
131.545
132.139
131.709
131.033
140.273
133.427
132.094
132.681
132.514
132.2
132.91
140.038
134.411
131.979
131.778
132.247
131.716
130.712
141.694
135.845
132.302
132.7
132.44
130.729
131.875
134.137
134.706
130.592
131.936
132.27
132.718
132.32
140.533
134.417
132.317
131.821
132.928
132.946
133.243
142.329
133.415
131.995
131.989
132.076
132.327
133.389
144.874
131.749
129.941
130.863
140.471
134.383
134.419
151.133
134.248
132.48
131.671
130.425
130.957
131.608
186.853
147.679
130.822
128.981
129.156
129.126
144.455
132.142
130.065
129.926
129.496
128.354
128.804
144.841
132.642
131.227
130.285
131.378
130.104
129.153
142.48
132.059
131.705
129.065
129.87
129.824
130.585
144.778
132.197
131.321
130.747
129.906
128.242
130.185
142.672
131.048
129.999
129.389
131.214
129.974
130.023
145.303
132.54
131.117
130.035
130.124
131.291
130.131
141.661
131.792
131.722
129.49
130.432
130.244
130.161
142.317
131.888
132.176
129.951
130.592
130.266
130.615
136.023
131.69
129.938
131.321
130.933
129.555
130.315
144.504
132.068
130.332
130.154
129.512
129.733
129.963
141.941
131.394
129.589
128.463
130.757
129.593
130.395
143.004
131.147
129.457
129.475
128.259
128.988
130.077
143.744
132.246
129.676
128.619
129.662
129.051
130.416
142.646
132.558
128.981
129.001
129.488
129.826
131.21
141.876
133.283
128.795
129.373
129.496
128.871
129.822
131.517
131.024
158.787
155.43
135.141
129.659
130.061
147.818
131.793
131.478
129.279
130.14
130.165
130.907
152.48
160.546
148.962
145.118
187.331
188.73
204.901
188.46
182.561
186.833
179.135
201.993
168.898
176.738
176.425
177.904
189.099
178.792
178.098
176.627
180.173
167.99
181.593
179.154
178.275
180.459
183.227
178.131
180.264
178.311
176.162
187.851
184.062
179
179.467
178.381
176.136
191.394
178.844
180.113
178.044
176.559
195.978
178.195
186.88
187.517
196.203
169.219
151.439
149.222
147.25
148.356
147.794
163.01
147.434
146.976
147.054
147.899
146.992
160.032
149.158
147.114
147.307
147.057
148.122
159.139
153.102
147.113
148.098
149.159
148.023
147.529
152.197
147.649
146.856
179.156
180.685
180.919
150.203
146.336
203.227
197.283
183.379
179.873
180.105
176.641
176.744
190.814
178.474
177.118
175.977
176.531
176.805
183.372
179.03
176.627
179.842
176.654
191.882
179.761
176.724
158.522
177.969
193.437
179.505
179.445
177.369
177.085
185.804
179.798
177.157
176.695
176.992
193.893
179.452
177.075
175.649
176.507
190.08
178.609
177.81
177.139
181.102
181.917
179.959
178.049
176.721
177.069
191.665
180.573
176.44
176.946
176.889
186.87
181.585
183.686
180.357
175.948
186.889
180.777
179.956
179.875
175.298
186.559
182.225
179.049
178.306
175.842
189.267
179.725
176.31
154.285
142.726
178.085
197.324
179.414
176.906
149.717
182.732
202.237
241.294
196.464
181.23
201.528
244.001
236.086
239.069
198.466
181.597
151.446
137.396
132.776
134.13
143.998
133.931
132.68
132.968
132.954
132.709
132.35
145.955
134.058
132.741
131.877
132.706
130.914
131.095
148.704
135.685
132.542
131.7
132.284
131.161
131.368
144.009
133.784
132.641
132.818
131.542
132.337
132.046
147.51
132.578
131.308
131.753
131.38
133.023
131.12
147.177
132.111
138.816
133.17
132.971
132.181
142.379
135.118
132.33
131.154
132.3
131.703
132.725
143.085
135.882
132.044
131.832
131.899
131.866
130.806
142.792
139.205
136.497
135.549
135.322
136.193
134.668
147.059
135.863
136.07
133.663
136.277
135.198
135.693
148.643
137.414
136.051
136.421
135.014
135.75
147.926
141.2
135.745
136.271
136.782
136.556
136.638
148.785
138.319
135.03
135.091
135.175
135.248
134.92
150.517
138.553
136.211
136.241
135.802
135.802
135.503
177.282
147.234
133.059
129.39
131.762
131.904
144.43
131.822
131.756
131.459
131.395
130.75
130.124
142.819
132.533
132.197
131.449
131.011
131.836
131.648
147.06
132.537
131.462
130.965
131.754
131.177
131.151
146.586
131.796
130.173
129.887
131.676
131.468
130.339
144.123
132.313
132.1
131.23
130.409
131.946
131.351
145.544
133.456
130.361
130.508
131.903
130.205
132.638
144.996
131.408
131.722
130.448
130.827
134.74
134.606
147.676
131.897
132.053
131.822
131.772
130.554
131.055
148.353
132.096
132.197
131.295
130.599
131.923
130.611
148.47
132.26
132.965
130.803
132.457
130.933
133.089
145.492
132.579
130.904
132.896
131.422
131.658
130.301
145.468
132.818
131.452
130.959
131.799
133.124
131.883
146.83
131.044
130.473
130.012
130.85
131.257
132.353
146.747
132.448
132.108
130.563
130.977
131.729
130.793
146.249
131.813
130.647
131.622
131.869
130.68
132.506
147.787
144.036
183.035
136.837
130.256
128.652
146.637
130.327
129.895
129.78
131.723
133.125
129.095
146.469
131.925
130.96
130.109
129.804
129.822
129.55
144.448
131.017
130.042
130.93
129.507
130.623
129.197
145.498
131.001
130.56
132.06
129.64
131.068
129.533
143.456
131.778
130.563
130.009
129.702
128.755
129.78
144.951
132.241
128.986
131.732
129.998
129.831
129.416
144.208
129.7
127.685
128.214
128.845
127.706
127.612
179.308
144.92
139.312
138.523
138.178
137.109
146.088
138.402
135.386
136.13
135.743
134.837
134.542
148.72
140.929
135.619
136.02
134.835
134.807
135.432
148.999
136.878
163.82
174.629
172.708
177.456
189.447
180.133
261.987
221.349
239.664
258.12
267.438
225.617
263.998
258.666
258.552
275.173
258.507
193.739
201.578
196.796
196.649
196.98
191.57
207.524
185.398
158.712
149.021
148.795
153.165
161.677
148.351
147.267
148.257
147.24
148.534
162.753
149.002
148.116
147.388
147.843
146.375
167.353
147.792
148.122
147.57
149.214
147.169
166.448
155.918
155.649
150.729
151.999
148.272
163.93
150.435
160.07
150.682
152.963
153.052
166.801
153.385
156.315
157.033
185.983
148.01
148.297
133.359
131.634
132.349
132.393
131.223
131.313
146.253
133.158
132.499
131.673
131.518
131.437
131.015
144.452
133.291
131.224
131.048
130.545
130.613
131.762
143.399
133.879
131.111
132.851
130.764
131.429
130.524
144.008
132.874
130.962
131.189
131.562
130.721
130.682
141.401
134.144
131.488
130.347
130.541
131.865
131.305
140.61
131.861
131.556
131.163
130.945
130.989
131.534
131.473
126.975
125.507
125.622
125.017
125.284
124.981
151.588
148.249
132.326
130.882
130.311
128.86
129.631
144.198
130.935
129.077
130.431
129.694
131.384
129.249
144.215
130.806
130.774
128.603
130.296
128.944
130.41
142.954
131.882
130.063
130.327
130.738
129.449
128.791
142.746
130.795
129.963
129.085
130.975
129.835
129.883
142.984
136.181
129.753
130.588
130.02
130.049
129.089
141.197
134.223
132.352
130.018
130.244
130.664
130.926
137.634
133.702
129.713
130.762
129.438
129.716
129.886
142.136
132.638
130.31
129.467
131.02
128.395
129.329
129.414
139.548
130.361
131.165
129.552
130.896
128.967
130.311
151.363
131.816
130.195
130.39
128.622
131.17
129.438
144.821
130.364
130.827
129.188
129.573
128.857
131.254
141.924
131.08
130.178
130.014
128.289
129.609
128.382
135.564
131.573
130.103
130.184
131.225
129.754
130.307
137.447
131.865
129.444
130.151
129.982
129.954
128.891
145.451
132.307
131.841
129.747
129.569
129.218
171.236
145.602
132.516
130.33
137.173
130.885
129.567
131.062
142.409
131.216
131.194
130.093
131.189
130.027
130.682
139.493
132.89
129.904
130.478
130.785
132.292
129.447
144.199
134.605
131.329
130.367
129.468
129.191
132.023
144.449
133.166
130.321
130.87
129.272
129.411
129.414
143.89
130.307
129.324
129.834
130.872
129.609
129.139
142.939
131.344
129.712
129.787
129.789
130.093
129.849
144.054
129.949
132.178
129.335
130.402
130.283
130.595
142.742
130.586
130.171
131.149
129.769
130.725
130.204
142.779
131.499
130.484
130.635
132.078
130.719
130.601
139.859
129.362
132.847
128.965
140.952
174.038
146.864
153.331
135.781
139.551
136.29
136.837
137.105
149.3
136.735
134.9
134.656
134.176
132.931
134.563
150.052
136.353
133.807
133.629
134.122
132.961
133.367
151.078
134.967
133.9
133.62
133.042
134.639
134.11
146.435
134.161
133.066
133.891
133.551
132.407
144.982
136.282
134.415
133.496
133.523
133.73
133.185
145.857
139.052
134.434
132.985
134.145
134.369
133.323
147.484
134.473
133.298
132.498
133.199
132.486
171.184
162.158
183.939
179.584
179.565
182
187.931
182.118
147.585
138.568
139.238
137.891
153.286
141.303
139.241
138.593
138.045
139.317
137.458
144.534
141.365
139.09
138.814
139.347
141.329
151.34
141.332
138.631
139.746
139.057
137.901
139.956
155.629
139.647
139.397
138.02
138.422
139.213
151.548
143.01
141.226
139.801
138.886
138.064
139.711
153.289
138.572
138.675
139.923
138.078
137.605
154.449
142.606
137.259
136.991
138.164
137.807
136.816
150.091
138.736
136.675
135.969
137.724
137.33
137.406
140.34
138.035
135.671
150.519
137.767
134.363
147.792
135.715
134.172
133.539
133.854
135.01
134.021
149.036
135.605
134.45
133.753
134.035
134.518
133.851
150.606
176.308
176.463
176.784
176.594
188.068
176.079
175.771
174.221
177.74
188.523
177.894
177.16
177.857
174.799
177.569
194.281
178.318
180.064
176.242
177.731
192.854
179.571
177.389
176.182
177.566
182.619
176.935
176.952
175.708
177.363
179.54
181.477
178.573
175.108
175.163
176.925
193.87
180.588
180.39
178.117
177.031
182.178
179.16
174.374
177.128
176.45
189.754
175.695
176.162
173.598
178.237
192.066
180.928
175.973
176.168
175.173
178.75
181.921
179.79
178.431
175.953
176.109
182.275
178.639
177.192
176.841
177.392
188.977
174.639
175.999
175.327
176.456
189.343
177.846
177.662
176.951
176.035
175.789
195.354
177.292
176.66
179.711
174.736
187.233
177.379
177.212
166.11
176.702
189.893
174.041
176.918
174.856
176.624
186.706
184.341
175.331
174.875
177.607
178.188
181.133
177.154
174.917
176.537
175.965
180.333
180.329
175.993
174.676
177.637
189.34
177.422
178.293
172.531
176.698
188.278
180.107
178.275
177.063
174.807
177.352
190.234
176.67
179.083
177.545
176.637
180.914
179.853
177.105
180.697
180.67
192.461
179.051
180.387
176.858
177.406
191.051
180.685
175.616
176.203
175.825
176.222
189.664
179.03
179.502
177.479
176.089
176.917
178.862
175.689
176.754
177.112
172.495
176.219
176.421
177.84
176.694
177.188
182.859
178.658
178.336
177.653
176.218
194.275
178.302
175.858
175.741
177.319
191.21
176.667
175.476
177.992
174.773
190.065
179.274
176.698
175.098
175.798
191.945
197.072
188.113
183.917
180.173
186.703
183.514
180.504
148.067
184.165
181.24
199.219
181.944
181.522
183.053
181.184
194.456
183.464
180.998
182.383
180.651
188.684
181.046
180.254
181.999
183.8
201.986
182.626
180.697
181.726
181.601
199.115
183.776
180.714
180.635
183.518
200.246
184.005
180.524
180.732
181.419
197.032
190.786
182.933
181.069
182.809
193.093
182.585
192.431
186.205
183.689
196.588
189.169
184.849
181.209
181.356
195.373
186.422
181.449
183.342
184.678
194.332
221.32
227.943
226.822
223.88
227.611
226.248
226.756
196.787
187.501
185.225
184.015
182.478
181.773
198.952
186.508
189.666
182.452
182.272
198.131
182.528
181.215
183.237
181.208
191.133
184.892
181.513
180.657
164.841
197.389
179.921
180.374
181.039
177.46
200.119
181.283
179.672
179.202
181.273
189.683
182.492
177.976
179.628
176.949
177.864
192.591
178.065
175.264
174.515
175.837
182.422
182.349
178.864
180.575
177.178
191.577
179.394
183.758
180.391
180.29
196.186
180.886
179.286
179.635
180.801
176.127
179.551
176.109
177.923
176.705
178.298
185.466
179.1
179.387
178.904
181.836
184.841
179.665
179.762
179.845
179.902
192.152
180.02
179.391
180.297
180.26
200.162
180.136
180.815
179.117
179.355
187.041
180.797
179.064
178.221
177.123
177.221
191.063
179.193
177.09
178.023
179.662
183.638
177.553
180.173
174.994
179.179
191.391
189.006
182.006
178.932
180.09
190.533
185.908
178.593
180.496
175.885
187.02
179.735
176.918
178.228
176.747
179.309
228.946
223.799
200.133
197.593
198.99
184.963
183.742
181.958
181.754
197.366
181.092
180.283
180.989
181.634
196.751
179.973
180.746
183.137
179.864
205.556
185.497
182.694
180.502
185.308
194.84
183.751
183.233
181.654
183.05
195.361
183.601
180.562
182.486
181.269
198.557
180.527
183.141
182.115
182.992
194.849
181.219
180.752
181.196
182.59
197.056
178.282
177.492
174.263
174.252
175.595
244.605
197.703
167.455
152.728
136.148
156.352
130.954
129.3
128.505
129.083
127.913
128.163
142.242
129.203
129.096
129.197
128.535
127.927
128.195
141.534
131.589
128.458
128.204
127.525
128.025
128.932
130.951
133.434
130.064
127.478
129.014
128.863
128.872
128.532
144.554
130.009
129.483
127.793
127.872
129.447
128.022
138.079
127.561
126.716
126.415
125.192
125.23
126.716
179.763
161.38
135.689
134.274
141.434
133.751
138.202
132.304
129.617
129.263
129.073
128.41
128.828
127.151
144.501
129.914
128.184
127.886
127.612
128.491
128.166
149.486
133.089
130.069
129.156
129.089
127.717
128.948
142.259
128.104
127.802
128.801
128.07
128.92
128.006
140.033
130.051
129.534
128.545
128.408
128.259
128.562
137.681
131.75
129.137
127.203
127.518
129.359
129.132
128.671
139.242
129.353
127.933
127.239
128.226
128.601
127.733
139.739
130.943
128.688
127.953
127.202
128.06
128.348
141.196
129.255
129.105
128.494
127.422
127.651
133.643
144.388
129.272
128.307
128.328
128.484
127.515
127.883
143.751
133.43
128.328
129.564
127.686
128.481
127.79
136.795
130.806
128.428
128.484
129.463
127.221
128.283
127.266
141.16
129.483
128.026
128.307
128.023
127.73
128.731
143.212
128.574
128.551
128.625
128.217
128.444
128.057
144.283
129.817
127.081
127.921
128.688
127.913
128.763
132.929
131.545
129.297
127.642
127.646
127.96
127.588
127.708
130.46
127.981
128.615
134.756
131.147
129.197
128.739
142.118
128.586
129.246
129.079
126.948
128.294
128.08
143.123
129.62
128.589
128.975
128.157
126.973
127.442
143.355
129.049
128.822
128.356
128.538
129.097
127.248
131.832
129.134
126.566
126.878
127.278
126.576
134.322
154.304
142.25
130.928
128.532
129.041
127.619
128.504
140.491
134.426
128.274
129.434
129.38
128.293
129.61
127.864
145.426
128.862
128.253
127.796
128.695
127.789
128
144.804
132.307
128.712
128.809
128.204
128.925
128.144
145.744
133.898
128.993
128.534
128.403
130.041
128.635
146.662
133.17
135.68
134.232
131.269
130.164
132.824
145.591
131.984
128.368
129.456
129.197
128.478
128.779
140.722
129.985
129.36
129.434
128.806
129.386
127.803
141.738
132.019
129.119
128.361
128.677
129.176
129.423
128.136
146.55
132.07
128.481
127.847
128.208
128.283
127.374
152.32
130.376
129.969
127.796
128.442
127.24
128.712
139.231
130.559
127.603
128.779
127.411
127.756
128.899
145.206
128.896
129.329
127.816
129.885
128.714
127.922
141.64
129.955
128.263
128.247
127.925
129.306
128.016
141.697
134.096
129.781
128.25
127.819
128.608
128.556
139.204
132.587
135.76
130.183
128.986
128.401
128.749
130.146
143.093
128.988
127.458
128.356
128.103
128.383
127.055
140.066
132.733
129.323
128.55
128.579
128.575
127.052
140.375
130.717
128.863
128.764
127.732
128.357
129.575
138.629
128.755
130.032
128.541
128.678
128.117
129.002
138.487
133.618
128.27
128.631
128.649
127.446
127.776
128.821
147.897
129.037
127.937
129.67
127.953
129.849
128.364
140.688
129.116
127.572
127.402
129.42
128.556
128.986
141.059
131.899
129.065
128.815
127.145
129.056
129.197
140.349
130.031
129.276
128.09
128.124
127.543
128.628
141.465
133.419
128.821
129.808
127.992
128.09
127.702
138.075
132.01
128.405
128.454
129.246
127.816
128.565
128.096
140.611
130.887
129.246
127.732
129.548
128.567
127.783
144.211
131.532
129.748
128.692
128.187
129.928
128.343
142.606
128.154
129.45
128.914
129.179
127.856
128.743
140.598
129.559
128.548
128.876
128.635
128.664
128.27
139.732
132.507
127.732
128.434
128.638
128.385
129.086
128.461
144.821
129.678
127.539
127.953
128.624
128.1
128.545
131.329
130.647
128.12
127.342
127.48
128.244
127.284
142.586
130.153
128.758
128.153
128.057
127.456
127.985
143.025
132.734
129.28
129.339
128.425
126.666
127.718
140.156
132.044
127.354
129.146
128.324
128.318
127.826
126.871
141.564
129.466
128.578
128.4
128.254
127.954
127.679
142.259
129.675
128.09
128.554
127.308
128.352
127.967
140.755
128.858
129.046
128.448
127.837
127.071
128.665
142.783
131.718
128.304
128.677
128.491
128.036
127.563
138.259
132.106
127.97
127.994
128.383
128.779
128.508
127.462
142.088
129.885
127.248
128.072
128.508
128.096
127.742
141.407
129.591
127.371
127.723
127.745
128.244
128.043
142.108
129.077
129.312
127.101
137.249
131.676
129.985
140.161
130.349
127.806
128.882
128.933
127.478
127.84
139.716
131.091
128.893
128.361
128.892
129.212
135.492
132.238
133.426
129.27
127.011
127.21
129.162
129.611
127.746
142.389
130.548
129.398
127.957
128.635
128.734
129.173
142.015
128.889
128.65
128.337
128.09
127.937
128.804
146.846
140.743
130.094
128.812
128.169
128.327
127.921
141.815
130.025
128.151
127.755
128.707
127.876
128.354
141.851
135.469
129.241
128.358
128.043
127.813
127.793
138.783
130.888
134.281
131.261
127.813
127.251
127.732
128.297
141.252
129.212
127.934
127.267
126.778
126.95
127.282
139.392
128.855
127.857
127.949
128.321
127.675
127.369
141.166
129.48
127.89
126.519
127.532
127.748
127.56
130.689
132.978
129.281
127.994
127.739
127.982
128.26
126.331
141.459
128.461
128.331
127.599
127.401
127.682
128.107
142.386
129.432
128.979
128.244
127.996
127.949
127.154
142.3
128.708
128.655
128.301
128.334
128.54
127.953
139.706
129.936
127.458
128.404
129.333
127.799
128.448
138.505
131.545
127.964
155.826
139.435
137.868
137.921
153.224
139.786
139.351
138.154
137.086
191.498
156.363
144.599
155.548
139.043
136.289
189.489
222.617
208.198
208.178
221.346
255.027
221.375
214.004
234.452
255.076
243.785
236.434
221.672
249.924
237.449
252.133
256.664
220.45
208.063
158.312
182.054
184.644
150.22
146.401
175.63
167.703
156.299
147.241
149.755
149.969
143.548
142.769
145.916
175.49
145.826
142.137
143.51
153.803
146.961
157.263
145.684
145.774
150.264
143.67
143.048
167.573
143.912
131.95
129.984
129.975
133.12
131.213
147.4
133.087
130.266
132.922
130.176
130.641
129.746
169.828
140.155
135.529
135.219
134.46
135.066
133.191
148.232
134.406
134.774
134.255
133.775
133.734
134.157
144.742
156.398
154.414
127.45
120.15
119.058
134.167
124.281
118.227
118.637
118.126
119.062
118.079
117.207
139.74
123.343
119.526
119.379
121.34
119.148
118.14
117.581
140.973
124.188
122.312
123.242
123.861
122.426
121.842
137.345
125.063
122.938
122.669
123.542
123.36
121.892
138.918
119.968
115.92
115.669
115.183
118.658
115.74
116.706
142.945
121.361
121.054
121.258
120.095
121.905
121.087
134.621
124.592
120.825
121.409
121.067
120.835
121.049
121.437
139.262
120.889
119.547
119.987
118.801
119.669
119.981
133.779
121.734
118.341
117.373
118.046
117.682
116.927
116.751
145.081
123.549
128.63
122.026
121.776
121.01
121.047
137.683
122.359
120.992
120.252
119.953
121.063
119.457
119.813
137.803
118.687
135.866
152.021
155.505
140.532
144.739
131.936
147.866
146.527
146.008
145.09
150.173
136.672
129.047
129.034
128.001
128.095
126.955
127.123
150.252
132.127
126.594
127.132
125.983
126.817
140.299
131.393
128.182
127.477
127.262
127.011
125.715
125.121
133.956
125.993
125.647
123.865
123.806
122.27
123.606
141.02
124.101
121.909
120.208
118.038
117.25
117.033
134.817
122.673
119.99
119.507
118.747
118.745
116.756
117.268
134.32
121.481
120.198
120.092
119.329
118.597
117.406
117.191
145.259
121.184
119.99
118.915
118.558
117.204
117.962
139.346
124.723
118.426
119.373
117.992
117.298
115.818
116.615
152.138
162.345
169.687
160.498
147.25
146.867
198.077
182.432
181.259
182.329
178.489
220.242
186.319
180.787
177.482
178.171
197.449
200.453
189.703
181.385
182.098
199.187
185.283
184.558
182.742
184.488
193.189
183.869
183.818
199.087
181.798
198.634
194.326
213.601
187.758
216.376
213.786
219.786
200.708
204.982
234.451
234.756
199.541
218.448
209.343
202.516
181.409
181.229
181.256
190.186
184.42
180.386
180.564
178.592
195.746
181.927
179.536
181.957
181.433
211.337
183.341
202.315
180.878
171.672
211.962
183.83
180.681
181.172
180.354
209.703
181.34
179.893
180.992
181.302
210.248
182.506
179.896
180.624
180.621
209.543
181.068
184.226
180.457
180.008
194.071
202.973
183.629
184.044
183.064
192.488
183.505
180.327
178.663
177.136
217.467
184.194
178.18
181.423
179.549
192.098
180.014
177.568
182.833
179.531
207.572
182.589
181.503
180.317
180.802
180.507
183.491
178.732
181.289
165.784
180.172
195.935
179.222
181.165
179.541
181.487
186.135
182.829
178.787
182.15
180.873
194.086
179.634
182.531
179.401
182.872
211.385
183.043
181.078
179.922
180.868
211.588
183.173
183.902
179.427
180.471
194.181
184.053
179.376
181.44
181.33
218.476
212.71
205.089
206.068
211.104
221.946
212.611
208.588
207.919
218.756
207.679
207.066
207.353
207.66
221.31
212.572
206.533
207.209
218.634
212.358
212.755
209.288
211.499
203.221
208.286
208.776
209.247
218.47
208.394
212.839
208.451
202.728
216.889
208.046
207.549
210.002
212.518
207.828
207.034
208.102
210.639
210.055
207.943
212.581
208.024
220.386
207.089
207.811
208.819
209.12
210.756
208.888
212.925
211.57
219.014
212.391
208.984
211.529
206.389
217.709
208.668
205.835
207.609
203.287
186.543
183.673
180.591
180.062
193.126
184.032
181.343
181.526
180.103
206.164
184.047
181.611
180.215
181.785
181.465
186.967
182.061
179.638
183.026
178.878
184.761
180.216
181.379
180.384
181.482
184.3
178.766
180.097
181.547
179.445
196.628
186.631
182.559
178.068
181.844
191.758
181.101
178.263
181.322
179.807
204.053
183.538
182.634
179.658
182.209
194.533
200.143
188.333
181.701
200.266
203.605
180.206
180.868
180.855
179.496
211.799
182.294
181.864
180.936
179.549
193.612
182.014
179.097
178.943
180.203
211.412
184.066
182.746
185.955
183.358
209.71
183.738
201.533
181.125
180.15
213.481
180.747
181.325
180.39
182.195
193.638
180.227
180.458
181.194
179.253
211.32
183.427
182.657
180.875
180.152
212.457
184.203
182.666
180.327
180.15
192.035
180.477
180.176
180.151
179.824
213.597
181.499
182.708
178.793
180.883
220.923
208.953
208.779
207.315
208.985
194.44
190.245
180.898
190.167
184.871
192.621
181.537
180.66
180.715
180.135
200.167
181.894
199.046
181.419
181.92
201.573
183.611
179.949
180.748
179.41
194.959
181.238
179.334
181.537
180.861
211.385
188.46
181.686
180.998
180.66
212.047
182.344
181.053
179.889
178.448
195.248
184.838
179.146
180.961
180.106
192.844
179.876
151.26
148.798
149.656
147.252
159.622
149.846
147.938
148.071
148.182
147.448
160.47
182.733
179.431
180.229
181.834
190.546
182.783
179.01
178.14
180.242
176.513
192.881
181.641
158.242
172.447
182.72
182.492
178.718
175.98
141.978
134.446
132.42
150.044
134.525
132.952
132.286
133.299
175.044
189.446
176.892
174.462
181.25
176.339
187.35
179.355
175.725
177.53
180.763
179.551
190.612
178.871
176.287
180.018
176.893
182.883
178.809
175.338
178.326
179.328
194.019
176.732
177.781
177.229
178.195
191.274
180.299
177.72
176.507
176.447
177.795
195.879
178.17
175.689
176.79
142.592
145.703
135.624
133.376
132.426
132.974
133.169
132.711
148.173
133.65
132.314
132.583
134.074
138.023
134.068
148.913
133.775
133.721
132.975
132.347
131.965
132.748
152.741
134.382
133.146
131.866
133.298
132.387
142.416
137.602
133.509
175.04
172.781
174.111
189.726
213.332
228.393
223.721
239.388
227.762
226.395
192.644
178.91
191.041
178.057
176.227
176.091
175.763
193.685
178.05
179.631
176.603
177.998
176.482
179.918
141.764
134.699
133.612
132.302
131.471
145.668
134.98
131.95
133.548
132.525
132.233
131.342
147.451
133.971
131.888
140.755
133.503
131.876
146.371
136.075
176.819
175.093
176.947
143.33
136.802
158.726
159.11
147.744
135.394
134.809
132.717
145.576
130.294
129.851
129.173
130.055
128.633
129.162
151.531
134.212
132.529
132.688
132.597
133.199
132.838
204.604
185.278
177.492
179.598
177.506
188.775
143.948
134.522
133.322
132.988
132.526
146.634
137.876
134.819
132.75
131.702
133.081
132.996
145.587
134.008
132.648
132.503
131.939
131.243
133.697
146.732
134.712
131.712
132.431
131.629
130.868
131.858
145.596
133.59
132.982
131.62
131.831
133.504
131.959
148.489
135.441
133.58
133.059
132.697
132.497
132.507
147.379
134.476
133.268
132.586
132.49
132.524
132.347
150.407
135.141
132.928
132.275
133.376
132.377
144.056
135.661
176.849
176.526
176.488
178.134
179.737
178.234
173.756
178.916
176.224
188.374
176.36
176.524
175.237
177.238
174.017
194.025
175.451
177.041
177.454
177.689
178.083
178.817
173.703
176.848
178.305
189.767
176.982
176.371
179.195
210.784
238.722
229.894
225.696
224.413
205.563
180.898
177.379
143.479
133.023
132.274
145.947
134.301
132.813
131.863
145.214
136.525
132.059
145.686
134.118
155.244
161.417
139.076
130.974
130.01
181.513
154.966
138.866
135.853
135.07
134.522
154.381
133.628
132.284
132.56
131.21
131.253
130.688
147.811
134.27
130.775
132.41
131.527
132.326
131.665
146.84
136.966
135.111
135.574
134.555
135.22
133.948
149.707
134.602
132.534
130.703
131.629
130.663
132.052
138.2
131.3
129.455
131.712
143.771
137.402
138.495
134.475
128.235
128.593
129.82
130.437
129.293
128.673
147.221
131.233
128.993
128.95
128.911
129.735
129.215
140.849
130.415
142.957
139.28
134.559
132.089
132.083
139.324
133.887
131.958
132.306
131.198
130.916
140.146
134.091
132.219
131.565
130.315
132.13
131.043
139.475
133.623
131.578
131.679
131.913
131.093
132.008
140.898
141.159
133.624
131.93
131.972
132.227
130.886
155.822
136.514
128.773
127.591
128.259
130.082
129.598
139.944
133.201
130.584
129.338
129.658
130.217
129.248
141.004
132.484
130.137
129.344
129.538
129.949
129.639
129.169
143.474
129.68
130.084
129.131
130.173
129.204
128.58
132.06
131.428
129.124
130.38
130.09
129.258
129.687
144.473
131.02
129.865
129.59
129.652
129.98
129.024
143.333
131.162
129.365
128.617
130.141
130.434
130.247
141.1
141.192
135.202
133.499
131.812
131.935
131.247
145.4
132.644
132.276
131.795
131.304
131.343
131.912
158.836
159.943
134.868
150.499
154.131
141.455
146.695
135.16
131.899
132.639
132.183
130.501
132.365
147.929
136.966
131.415
129.974
131.825
131.744
130.746
139.679
133.571
130.465
128.663
130.353
130.943
178.937
177.602
159.193
153.725
152.348
163.541
168.507
189.099
152.426
145.526
146.321
145.373
146.02
162.432
147.743
146.291
145.352
143.5
146.417
163.674
148.289
146.864
147.677
145.272
145.33
169.897
140.943
141.067
139.687
138.025
137.903
138.406
149.935
147.374
145.773
147.411
144.703
145.566
163.835
148.691
147.66
147.244
146.639
144.82
163.71
149.597
148.447
147.289
146.652
145.375
165.583
143.713
141.325
139.337
141.876
137.285
137.278
172.059
148.905
145.74
145.821
146.525
143.733
172.143
147.511
146.666
146.907
147.111
150.149
186.426
177.197
161.119
176.001
203.432
232.921
195.317
189.626
172.439
172.413
171.475
156.498
158.345
153.833
154.247
153.993
167.846
159.803
156.111
153.823
154.997
153.626
167.752
154.932
153.696
153.011
153.813
153.355
178.107
156.316
156.459
152.904
153.172
152.868
166.311
161.803
158.354
157.061
158.696
173.099
176.071
182.646
170.344
164.949
162.549
184.909
163.364
162.682
165.283
163.143
175.046
169.557
162.074
164.648
162.511
162.145
188.553
157.582
156.078
155.977
157.511
157.696
162.253
157.952
157.231
156.827
158.049
169.356
157.595
154.521
155.571
155.459
155.971
172.338
157.194
154.294
153.458
152.356
152.656
170.091
160.553
159.814
158.436
157.503
157.919
171.72
159.854
157.92
157.841
158.021
157.804
176.509
159.116
153.955
154.744
156.407
170.712
157.905
154.166
153.92
154.043
152.286
170.823
172.808
162.472
171.149
184.098
191.267
163.114
151.554
151.676
148.841
148.946
149.289
157.262
151.815
150.282
149.974
150.425
151.391
155.057
145.86
145.88
144.543
142.652
144.725
183.535
158.418
158.254
156.076
158.703
172.346
165.045
158.098
158.251
156.51
156.195
172.835
159.816
157.58
156.463
157.53
156.136
171.962
155.866
157.289
154.832
155.214
152.083
174.136
159.271
159.223
158.233
159.395
156.341
178.221
156.33
157.304
159.096
158.004
168.564
156.354
155.923
156.152
152.648
154.147
171.056
178.888
195.821
184.423
146.571
138.889
169.476
152.714
147.206
148.005
146.337
148.086
173.409
163.27
162.516
155.868
153.6
152.04
219.794
199.15
199.503
198.644
173.628
201.369
201.734
198.181
197.061
178.609
157.92
158.064
155.086
155.097
154.8
172.016
157.236
156.032
156.692
156.194
155.893
186.138
201.447
196.679
196.053
197.795
191.592
204.619
204.056
204.311
217.947
164.977
203.195
202.706
204.359
211.296
201.173
203.509
201.208
214.179
202.283
202.984
200.911
198.446
171.478
232.797
207.12
211.147
221.288
207.026
176.941
162.205
231.806
181.415
164.065
169.748
167.963
219.352
299.358
169.697
165.397
183.685
185.359
182.623
147.648
122.795
120.613
118.441
119.03
119.544
150.7
124.855
119.798
119.945
119.502
118.711
117.883
134.985
127.996
119.938
117.805
118.259
118.841
118.381
118.151
137.49
117.838
115.541
116.323
116.257
116.28
115.794
115.955
143.959
122.81
120.199
120.284
119.665
120.137
119.771
139.585
135.244
121.794
119.881
119.216
117.455
118.645
117.546
140.968
118.817
118.476
118.679
117.908
117.963
118.121
131.849
121.284
117.604
117.523
117.086
115.595
115.731
115.858
139.057
120.23
118.949
119.84
119.087
118.359
118.628
117.442
139.999
135.862
144.556
139.686
143.665
140.17
160.788
146.595
142.898
138.02
138.35
141.275
150.823
150.612
140.356
140.42
148.771
137.483
140.209
161.427
147.02
144.514
142.188
143.751
142.862
155.318
162.113
155.198
154.956
148.558
148.329
163.615
152.053
150.335
149.518
150.321
149.622
159.858
144.339
141.436
141.58
141.298
140.092
141.081
165.656
169.605
148.426
146.682
146.994
147.923
162.991
147.932
147.772
146.636
146.368
147.394
163.536
146.573
145.62
147.108
147.201
147.264
162.332
147.445
146.903
146.051
146.418
147.145
164.287
177.819
174.511
180.287
176.154
181.891
180.817
178.024
175.618
176.017
175.796
188.588
178.778
175.114
175.839
175.631
191.592
177.46
175.953
179.469
179.452
183.779
178.318
179.679
160.039
156.592
173.247
192.643
173.376
164.39
164.019
167.194
203.461
174.31
194.911
194.47
192.523
213.194
196.37
189.868
158.345
196.016
195.48
189.907
189.819
190.476
215.454
161.594
196.1
193.23
192.494
203.919
193.627
188.798
155.589
153.61
172.953
158.275
154.002
152.397
154.015
153.468
169.607
156.013
154.309
152.839
155.365
151.215
169.42
153.941
154.349
152.174
154.523
154.58
166.21
156.034
153.167
152.009
151.85
153.092
171.603
151.691
153.711
152.461
151.267
151.005
171.835
152.981
155.369
151.839
151.96
155.73
154.274
151.375
153.908
153.028
151.359
149.772
154.876
150.906
151.228
153.246
152.356
152.168
156.626
152.46
160.331
155.561
155.047
217.481
216.762
205.476
205.109
242.557
207.97
197.096
175.081
171.957
204.822
175.632
175.866
175.478
174.413
187.496
175.461
173.367
172.573
157.312
151.18
190.613
177.292
160.671
162.279
162.702
179.535
164.463
162.711
164.36
161.763
159.864
180.036
160.563
162.81
162.913
165.903
163.454
169.403
238.204
173.587
165.791
164.059
175.539
163.193
163
158.766
160.279
171.942
165.402
159.448
154.275
156.831
156.976
184.48
169.972
166.505
165.055
164.354
164.122
179.172
146.891
137.168
134.208
133.358
133.42
140.961
143.358
137.194
134.465
135.196
134.441
133.563
146.492
140.868
132.601
129.115
127.206
128.945
127.914
145.707
140.756
136.453
134.589
133.59
132.939
133.92
145.848
136.41
150.98
135.885
133.634
132.886
134.473
155.761
136.327
133.833
132.952
135.144
134.191
141.251
134.759
129.763
129.676
128.122
127.241
128.366
127.825
138.238
129.539
129.683
128.61
128.198
127.538
128.463
155.652
135.337
133.099
133.502
132.416
132.63
144.226
142.973
134.685
133.446
132.554
132.687
132.575
146.539
136.648
133.776
132.575
132.357
132.443
131.966
152.42
133.427
133.213
133.01
132.951
132.206
131.488
153.547
136.439
133.436
132.882
133.065
132.829
133.025
154.419
133.981
131.923
133.642
132.17
134.27
133.325
144.47
138.366
135.053
133.521
132.928
131.635
152.091
139.075
133.278
132.516
148.176
139.385
134.949
163.248
143.501
136.939
134.499
134.898
134.275
135.321
151.462
135.537
168.309
167.978
148.849
136.48
155.507
137.009
133.472
133.229
134.956
136.135
141.71
136.741
133.154
131.785
130.267
138.64
135.101
148.195
143.308
138.724
137.878
135.866
136.122
136.644
171.007
141.454
135.417
134.319
133.782
133.183
163.325
149.058
139.863
133.609
134.037
133.136
134.706
179.572
150.14
145.366
147.411
146.212
145.883
162.148
147.571
144.757
145.607
146.191
146.011
159.283
149.194
146.437
146.311
146.115
146.074
158.305
165.295
145.957
145.98
145.31
146.862
145.292
164.859
135.905
128.748
132.947
130.348
130.206
129.762
146.435
130.17
129.973
125.716
136.306
128.299
127.225
141.603
132.48
129.354
130.08
129.39
129.849
124.882
143.936
130.994
130.486
125.124
129.222
129.322
130.315
183.063
158.503
133.669
129.854
130.104
128.945
141.273
131.304
129.201
127.46
129.313
129.981
129.786
130.164
133.975
129.927
129.806
128.533
130.182
129.357
129.409
147.355
129.706
129.064
155.201
168.764
140.161
153.451
135.751
132.637
131.981
132.975
131.113
131.618
148.361
133.414
131.106
131.755
132.824
132.195
132.163
143.521
136.618
131.924
131.875
130.588
131.511
131.024
143.169
131.641
132.266
139.271
135.064
135.233
134.87
142.835
134
131.681
132.104
131.358
130.85
143.833
135.318
132.293
131.568
132.306
132.416
132.14
147.094
135.027
132.371
132.176
131.571
131.404
131.377
141.579
133.757
132.189
132.366
131.19
132.793
131.574
146.003
133.282
133.566
132.184
132.534
132.056
132.032
145.421
133.53
131.386
132.17
132.197
132.714
131.167
146.79
133.49
131.972
131.317
131.497
131.283
132.105
147.355
132.675
138.242
134.292
132.654
132.546
130.696
145.122
137.127
132.678
130.89
150.267
133.947
132.571
156.684
146.572
138.488
135.16
134.218
135.114
142.488
134.645
132.1
131.838
131.378
132.46
131.467
142.675
133.647
132.263
131.686
131.27
131.953
131.445
141.887
150.937
133.881
131.348
130.807
131.401
132.203
148.099
135.706
134.456
132.155
130.943
131.463
130.922
149.028
134.616
131.428
130.673
131.137
131.527
131.774
144.429
132.879
131.677
132.212
132.36
132.64
131.054
146.87
136.474
132.022
131.926
131.41
131.628
131.88
150.97
133.674
131.44
131.325
131.552
130.834
131.357
138.18
134.281
131.825
132.08
130.739
131.026
142.79
133.936
132.259
131.701
130.663
132.637
131.665
143.17
135.56
131.465
130.949
131.738
131.972
133.031
141.968
135.22
132.216
132.007
131.515
130.45
132.254
135.782
134.229
132.056
130.897
133.072
131.927
130.198
144.814
136.847
133.159
131.905
131.526
130.329
133.286
143.345
131.808
132.59
149.73
138.207
144.427
145.174
147.725
128.529
127.983
127.622
127.775
128.988
127.674
138.976
127.624
128.55
128.449
128.514
128.48
127.815
152.732
140.116
135.22
134.035
134.268
133.893
133.238
139.334
135.869
134.326
133.142
133.713
132.965
149.49
139.121
135.614
133.62
134.111
132.853
133.001
144.363
135.217
135.364
133.458
133.172
133.496
133.671
145.216
133.944
134.021
133.087
134.208
132.847
133.973
149.908
136.27
135.842
134.631
134.131
134.525
132.788
151.528
135.454
134.856
133.366
134.109
132.791
131.701
142.933
135.293
133.875
132.961
131.578
133.166
140.889
135.504
133.689
133.914
131.689
132.213
131.995
136.955
133.843
133.102
132.748
132.375
132.841
132.711
143.626
134.056
132.744
132.534
132.489
131.859
131.355
147.444
132.994
131.856
132.723
134.251
133.086
133.112
145.178
132.671
130.582
153.873
134.865
133.133
132.989
145.429
136.895
161.523
143.133
134.675
135.097
146.335
138.243
133.243
133.332
133.045
132.894
132.076
151.229
139.739
134.546
132.844
133.163
133.299
132.399
146.916
135.704
133.172
132.206
131.309
131.341
132.447
147.517
134.489
133.371
133.339
132.293
132.646
132.612
148.884
133.292
133.557
132.557
131.986
131.163
131.446
149.884
134.164
132.648
133.069
133.319
132.526
132.533
137.954
135.614
133.875
133.8
133.755
133.254
132.985
144.606
134.402
132.503
133.015
132.732
133.486
133.676
148.77
134.465
133.306
133.867
133.665
132.309
133.409
145
133.965
132.691
132.968
132.299
132.801
143.414
136.455
133.746
133.184
132.176
133.653
132.824
153.096
137.71
134.248
133.881
132.584
131.871
134.081
144.661
163.963
173.659
173.282
174.702
174.071
181.196
176.269
173.71
174.789
173.67
187.07
176.666
177.512
175.171
173.125
186.251
175.629
173.446
174.266
173.569
182.296
175.257
177.178
173.754
176.439
192.838
176.267
176.628
173.781
177.248
173.729
178.489
176.661
149.052
140.901
134.9
153.908
141.723
135.537
133.963
133.183
133.419
133.395
149.153
137.871
133.319
133.259
134.325
133.87
134.582
149.66
168.393
176.222
148.372
140.988
133.141
155.567
178.938
175.598
149.699
141.921
133.581
150.272
177.81
167.542
154.656
174.23
221.054
168.197
192.227
215.799
203.949
176.91
147.017
144.16
145.052
143.5
142.837
174.305
150.071
144.643
145.463
145.758
145.219
143.659
191.524
177.96
175.478
176.495
175.965
219.417
176.637
179.942
180.431
179.681
197.83
179.244
176.48
179.731
179.535
190.112
179.183
180.297
179.549
175.926
177.761
179.679
180.17
179.882
184.269
192.855
179.556
178.028
176.2
180.233
180.561
182.625
179.861
178.522
176.616
180.53
192.228
178.472
178.468
176.013
179.611
192.417
179.066
177.286
176.047
176.466
194.263
177.42
176.851
180.116
179.842
189.112
181.098
208.937
148.892
191.518
186.204
181.98
176.31
176.557
176.285
193.188
176.503
176.071
144.843
161.007
140.539
147.918
180.021
176.801
180.713
176.623
163.934
175.719
163.763
150.819
147.685
148.297
144.993
167.826
146.867
149.783
145.777
147.491
153.694
159.462
161.504
157.46
153.139
152.769
150.096
161.413
151.298
150.213
148.649
150.011
149.176
161.865
151.181
150.069
151.228
151.381
150.46
174.139
156.564
154.877
155.402
153.433
152.057
165.089
152.761
152.367
166.511
148.592
136.361
142.852
134.903
134.025
132.965
133.387
133.881
133.162
149.901
135.245
134.191
134.162
133.765
145.92
190.094
187.607
142.146
133.729
138.083
136.102
149.004
137.696
132.56
132.53
131.654
132.246
131.745
150.35
136.21
133.372
132.095
131.761
132.058
130.918
144.325
136.249
132.415
131.995
132.349
134.589
133.338
143.42
134.518
133.483
132.629
132.121
131.854
132.784
142.3
134.644
131.45
132.86
132.163
133.251
131.318
142.575
134.211
133.335
131.946
132.884
132.232
131.67
135.792
135.167
132.325
132.897
131.29
132.61
132.218
148.445
137.15
133.158
132.968
132.789
130.824
132.526
142.953
134.204
131.431
132.556
133.147
131.052
130.981
137.044
133.892
132.473
132.406
133.117
132.723
131.991
147.621
136.048
131.941
132.937
132.606
132.46
131.684
136.194
133.771
132.462
132.132
133.285
133.805
132.34
148.165
135.482
131.082
130.742
130.243
177.308
153.553
150.371
156.136
144.878
135.12
132.997
132.968
148.128
143.318
135.258
132.549
132.664
132.214
132.999
148.708
137.559
133.018
132.744
131.538
133.239
131.136
155.087
134.659
133.793
131.991
132.143
131.06
132.727
151.819
136.55
133.883
132.407
131.326
131.923
130.722
158.291
136.808
134.7
132.648
132.637
132.638
132.143
138.314
175.459
176.934
176.64
216.535
235.239
224.587
228.725
225.652
240.668
223.519
225.541
224.791
242.2
227.471
229.148
227.322
233.769
223.163
225.14
225.184
243.759
222.699
193.256
217.878
243.763
226.718
229.052
223.796
242.783
231.482
223.06
224.778
238.686
224.379
196.615
171.312
157.848
150.358
182.685
175.341
139.755
130.593
130.442
162.022
167.157
150.252
178.903
178.832
178.759
237.051
215.747
218.435
192.098
225.506
192.056
217.477
201.303
218.395
231.494
218.014
219.034
188.131
213.474
215.215
