251.94
232.741
232.802
210.747
184.916
177.112
211.483
223.225
231.158
223.016
223.82
193.232
186.669
179.786
176.05
172.585
137.699
129.273
134.293
174.88
169.496
172.035
172.736
138.973
225.475
204.66
164.013
170.692
168.649
186.075
171.551
169.773
167.743
170.242
182.341
170.894
167.939
168.888
167.619
170.07
185.078
168.816
172.24
167.662
184.15
189.923
160.068
207.524
179.066
199.398
180.62
164.256
186.379
186.497
183.966
209.245
181.345
205.011
184.601
263.749
256.83
458.876
359.723
322.609
277.22
222.33
196.225
191.018
189.252
241.234
249.253
246.134
240.47
237.282
258.326
254.135
262.161
284.437
231.197
212.963
166.04
225.454
207.304
205.599
202.519
260.597
227.391
204.464
204.564
196.423
230.047
185.112
163.508
163.798
153.914
165.535
160.098
154.894
154.228
153.75
151.984
161.68
159.301
156.684
153.978
153.229
154.859
169.449
159.698
153.99
155.13
154.598
152.892
170.101
157.292
154.114
155.615
155
150.97
166.886
156.163
153.166
152.998
154.723
151.434
162.913
153.042
149.863
147.076
146.368
146.191
159.082
155.796
152.781
154.601
151.193
152.523
166.492
154.887
153.38
151.33
149.159
201.773
204.264
161.14
149.013
166.276
151.457
150.847
152.498
150.443
151.089
151.709
150.824
149.918
156.443
152.264
148.058
173.374
174.439
176.837
159.301
155.177
156.818
156.02
156.059
179.825
170.47
157.335
155.468
153.86
154.225
180.143
157.663
155.411
154.296
155.115
155.809
162.949
153.095
156.408
174.811
155.66
168.923
154.824
152.019
152.636
150.948
149.993
175.756
152.712
155.015
151.957
151.111
151.747
169.626
157.06
153.431
152.328
152.865
151.406
169.738
153.304
153.024
153.172
153.35
152.682
175.059
154.993
153.315
151.4
152.442
151.252
157.665
145.233
141.098
140.919
141.371
141.046
143.995
144.236
142.165
141.231
140.26
141.622
141.134
158.762
142.974
141.56
141.263
140.188
141.205
179.363
176.561
175.549
175.782
171.813
173.152
176.049
193.507
181.784
168.662
136.337
146.707
132.859
129.504
129.757
131.142
129.197
128.008
143.203
129.82
129.213
128.909
129.236
127.796
128.053
160.107
136.668
129.401
129.26
129.032
128.211
128.625
151.147
178.887
140.007
132.612
132.812
132.085
131.519
182.583
177.69
139.465
134.9
133.194
132.846
179.419
201.341
174.579
141.576
134.061
133.099
150.473
165.879
201.731
177.071
139.913
131.902
145.266
203.616
166.025
137.185
129.901
128.917
149.441
164.583
210.62
174.92
162.214
138.36
176.394
209.928
208.418
205.817
215.56
203.777
206.933
207.212
210.017
180.943
157.364
139.3
132.501
130.874
137.664
153.337
137.022
132.816
136.027
133.734
134.016
173.562
210.89
209.925
174.744
130.835
120.607
135.239
123.212
121.606
119.909
121.071
121.153
120.573
120.341
126.845
121.375
121.147
139.252
163.328
132.096
140.269
128.58
146.842
132.214
119.936
138.963
122.995
134.638
124.366
119.711
119.324
119.828
118.547
119.162
118.739
133.997
120.366
120.327
120.242
119.513
118.72
119.518
131.981
122.502
119.23
119.474
120.006
119.627
118.749
119.122
132.24
120.425
119.33
119.407
120.121
118.557
119.874
119.34
136.187
119.533
118.918
120.677
119.604
118.878
118.771
132.897
122.027
119.904
119.434
118.89
119.374
165.286
169.71
149.446
152.384
152.309
149.602
148.856
167.241
382.643
168.143
153.109
152.032
171.649
136.838
128.958
128.791
130.374
127.04
139.228
131.19
128.925
128.825
125.593
127.597
128.868
127.127
129.936
128.901
128.537
127.915
126.408
126.506
126.94
131.304
127.353
127.725
126.276
125.412
126.081
126.857
141.68
127.58
127.13
126.726
126.366
126.281
126.907
158.174
133.001
162.905
229.305
133.543
129.158
144.599
126.019
124.878
177.653
155.298
119.101
158.249
122.632
117.4
115.563
116.481
117.022
115.984
116.016
130.319
117.115
116.375
116.301
116.217
116.067
115.647
115.846
120.655
117.39
115.678
115.126
116.026
116.009
114.73
119.432
119.259
117.573
116.036
115.395
115.447
116.033
116.15
130.018
118.183
116.421
116.686
115.104
115.788
116.243
116.223
139.505
119.171
117.094
116.846
115.245
115.958
116.15
116.021
119.207
117.416
117.226
115.079
116.147
115.322
115.559
129.225
119.275
116.617
116.942
115.489
116.187
115.074
116.02
130.048
117.097
116.377
116.569
115.35
115.386
116.006
117.155
138.767
117.281
116.635
116.233
115.539
115.705
114.933
115.462
121.922
116.789
115.72
116.553
115.622
115.157
115.519
128.5
118.812
116.226
115.682
116.217
115.612
115.501
115.853
128.605
115.267
113.606
113.369
113.681
114.566
146.452
127.272
133.718
116.52
115.311
115.539
117.203
115.864
114.571
128.44
121.644
115.837
115.284
115.85
115.907
115.276
115.194
144.825
116.026
113.195
114.172
113.386
113.007
139.998
182.126
131.63
120.437
118.141
117.242
118.526
118.062
117.373
130.249
117.811
117.537
117.91
116.999
117.501
118.096
128.712
121.163
116.692
117.39
117.05
117.3
117.213
118.071
131.335
120.401
117.6
116.833
118.326
117.573
117.467
118.7
128.533
119.125
117.546
116.857
117.27
116.731
118.5
128.006
121.052
117.254
117.922
117.753
117.369
117.895
118.426
131.331
120.388
118.22
118.075
118.69
117.644
118.496
118.295
130.352
118.74
119.091
118.547
119.534
117.828
118.68
123.04
122.169
118.957
118.774
118.429
117.333
116.791
116.403
132.204
120.415
117.549
116.571
117.343
117.236
116.29
116.93
129.013
118.803
116.794
116.767
116.912
117.458
116.688
129.141
121.271
118.502
116.717
116.912
117.192
118.614
116.565
129.988
119.951
118.281
117.474
117.396
117.215
116.935
117.143
139.482
118.322
119.425
117.423
116.992
117.396
116.5
126.012
120.09
118.472
118.015
117.26
116.617
118.091
118.009
129.999
119.786
118.515
118.84
117.711
116.378
116.103
117.113
142.961
156.388
123.725
120.581
119.288
117.844
118.559
133.955
119.952
119.33
119.023
119.371
117.837
118.245
118.42
126.028
118.893
118.413
119.619
119.452
117.101
117.537
129.888
114.282
112.605
110.369
111.522
111.601
111.376
110.319
142.965
135.372
132.587
132.602
164.356
203.688
224.552
197.981
198.783
201.47
200.501
218.743
202.596
202.595
200.223
210.747
202.144
202.953
200.454
200.461
207.175
202.249
203.651
201.363
214.171
205.599
202.82
202.358
196.831
218.239
201.49
199.873
202.48
200.737
216.119
203.099
199.712
200.661
217.229
207.415
200.447
200.758
202.291
208.523
206.943
201.835
198.846
214.609
205.794
200.613
201.927
200.467
213.788
144.774
187.103
202.841
200.441
152.658
136.449
200.572
211.756
197.343
190.188
131.367
119.969
119.654
118.816
119.217
119.14
118.692
133.396
118.772
118.926
119.398
118.518
117.734
118.688
128.503
121.917
117.424
117.556
117.469
117.339
116.477
118.109
131.496
121.018
118.281
118.905
118.255
117.306
118.266
116.39
125.226
118.128
116.442
116.724
119
116.974
116.504
127.916
122.034
118.735
117.142
118.401
119.17
118.083
118.296
135.634
119.862
118.867
118.24
119.174
119.151
117.913
126.973
122.259
118.167
117.674
117.485
118.866
119.455
118.688
129.92
120.939
119.601
118.84
117.73
118.179
118.886
118.708
130.278
119.268
117.846
117.328
117.941
117.165
118.621
130.401
120.368
117.572
117.55
116.412
116.71
117.124
118.087
131.845
122.836
121.466
117.8
117.039
116.353
116.533
117.037
132.329
116.513
117.539
116.423
117.051
117.362
117.045
165.724
148.191
134.239
207.424
173.726
140.787
148.646
134.055
131.59
131.253
131.809
131.906
132.125
149.283
132.477
130.89
147.778
154.218
137.747
132.401
151.517
132.768
133.165
132.029
131.43
131.199
131.767
149.856
132.997
131.781
132.015
131.569
132.045
131.801
142.963
133.265
133.469
132.606
131.488
132.176
146.817
162.025
139.685
132.972
131.762
132.461
132.041
145.287
132.902
131.111
132.314
134.323
132.565
131.6
144.935
133.233
132.614
131.799
131.418
132.159
132.562
146.674
133.474
131.161
131.456
131.865
139.419
135.215
147.465
134.038
131.785
132.019
132.772
131.833
132.08
146.517
134.061
131.848
131.548
132.403
131.86
132.415
147.101
134.466
131.309
131.435
131.849
132.673
132.255
142.494
133.581
132.133
131.72
130.5
132.463
132.164
143.88
132.655
131.685
131.27
132.434
131.663
131.943
145.997
133.215
132.287
132.309
132.722
132.074
131.679
144.596
130.848
127.465
128.04
126.476
127.979
127.702
153.363
134.658
131.479
131.726
130.915
129.931
131.495
135.468
132.414
129.884
129.76
129.663
201.135
168.962
156.04
178.803
203.087
140.687
128.763
137.064
127.953
126.168
128.521
127.41
126.654
126.197
137.654
131.481
127.236
126.736
127.261
126.161
126.622
126.016
138.566
128.791
127.595
126.272
126.949
126.11
126.139
144.01
128.248
127.402
126.623
126.863
126.216
125.736
140.109
127.39
127.253
126.475
126.853
126.903
126.652
140.342
127.922
127.051
126.809
126.628
126.322
126.664
142.266
128.961
127.187
126.772
126.325
125.756
126.78
135.869
130.251
126.603
127.297
126.119
126.555
125.929
138.334
129.814
127.927
127.313
126.586
126.241
126.99
126.472
133.392
127.701
126.604
125.65
125.749
125.764
126.174
142.459
128.046
127.34
126.067
126.695
125.843
125.779
143.254
128.156
126.579
126.107
126.747
126.631
125.884
141.991
129.154
126.254
126.378
126.066
127.033
125.888
140.299
129.075
126.742
126.762
126.002
126.092
127.162
138.254
132.209
127.943
127.08
126.057
126.182
126.649
172.591
153.5
143.938
142.886
174.147
176.521
190.643
174.302
176.009
173.313
172.527
186.266
173.487
173.023
174.235
172.851
172.917
189.56
173.323
173.951
167.46
148.828
150.154
175.383
176.197
171.702
173.162
172.914
187.632
171.524
172.823
173.849
172.843
163.184
172.544
172.894
172.606
173.967
185.241
176.724
171.855
173.008
172.207
174.903
210.815
172.831
172.534
173.112
174.221
161.794
145.92
142.402
141.99
143.287
142.091
154.291
146.007
141.566
143.508
142.498
142.876
141.544
157.533
142.979
144.335
142.823
143.003
143.144
159.609
175.201
175.758
173.085
173.096
173.884
178.776
175.782
172.928
176.07
172.862
185.69
175.457
172.731
173.281
175.815
187.975
174.916
172.026
172.834
173.031
187.679
203.962
188.25
194.694
166.856
132.574
144.971
127.626
126.907
127.147
126.158
127.064
128.153
141.629
126.923
124.922
124.468
124.51
144.882
154.613
153.873
142.919
136.549
145.37
153.924
145.088
153.096
144.788
150.747
145.707
143.415
144.404
159.021
151.434
153.276
140.073
141.159
141.4
166.863
154.693
142.155
143.872
147.742
151.532
152.838
142.73
140.105
152.852
128.127
120.146
118.836
122.206
127.65
119.953
119.224
119.635
118.733
118.796
118.705
139.676
122.296
118.723
118.781
118.732
119.304
117.927
117.629
125.547
118.476
119.123
118.59
119.043
118.672
118.839
136.76
122.89
119.394
118.12
117.917
119.458
118.863
117.562
141.215
120.858
119.728
119.019
117.419
119.003
118.431
134.902
127.812
119.023
118.753
118.27
118.068
118.489
118.67
135.793
121.186
119.611
118.931
117.887
117.873
118.879
126.964
124.263
117.863
119.356
119.067
118.702
118.107
118.846
134.123
127.924
120.176
150.435
146.288
125.963
123.514
143.747
125.602
125.045
123.954
125.22
124.273
122.064
141.992
129.908
124.037
124.399
124.366
124.003
121.743
122.188
126.796
123.619
122.739
122.676
123.361
122.724
121.83
155.822
139.39
137.664
135.052
162.735
145.136
184.16
174.365
171.765
172.016
145.332
138.122
181.12
174.817
173.259
173.719
146.395
181.276
174.976
175.394
173.502
145.476
138.092
187.374
175.631
172.39
176.002
145.878
160.699
153.61
148.571
146.688
145.639
158.098
153.038
147.361
146.351
146.541
146.344
159.846
146.946
147.274
146.97
146.01
157.914
150.355
146.387
146.446
146.201
145.974
164.727
147.818
145.124
145.701
146.052
175.746
149.144
147.605
146.826
145.171
163.318
149.965
148.218
146.933
146.706
146.56
169.343
149.917
147.448
212.631
164.68
161.737
146.453
145.33
147.232
130.252
125.199
135.701
125.64
123.701
123.364
123.298
124.032
124.011
136.207
129.108
124.666
123.625
122.537
122.718
123.364
122.615
139.635
124.643
124.157
124.182
122.54
122.531
123.644
135.575
125.319
123.142
123.899
122.582
122.502
121.987
137.455
134.931
125.526
124.603
123.445
123.307
122.653
122.595
143.163
124.179
122.459
123.046
123.725
123.394
121.469
141.574
125.664
124.073
122.663
122.702
124.126
123.19
133.024
130.514
126.784
126.977
125.767
125.683
126.438
138.216
131.755
126.97
126.669
126.047
126.519
126.191
126.128
142.862
122.837
122.552
122.855
120.212
121.349
121.605
142.842
129.442
127.508
125.192
126.03
125.7
127.803
141.676
128.53
127.313
126.582
125.405
125.637
126.957
135.932
129.151
127.887
126.598
125.873
126.275
125.806
138.919
129.947
126.99
126.86
127.395
126.552
126.288
125.903
133.387
127.792
125.872
126.575
125.333
125.791
181.996
151.779
124.865
121.679
119.812
120.808
119.682
120.657
132.999
120.134
119.214
119.454
119.254
118.72
119.45
130.68
120.616
119.164
117.298
118.04
117.74
117.969
117.216
123.271
118.717
117.121
117.312
118.435
118.001
118.064
119.435
123.487
118.702
118.9
117.671
117.809
117.263
117.66
133.443
122.381
117.379
119.093
117.135
118.24
117.44
117.68
130.034
121.659
118.569
119.406
118.898
118.782
119.03
138.077
123.538
120.203
118.539
118.275
119.249
118.799
119.176
140.444
120.274
119.945
119.312
118.083
119.318
118.703
132.741
123.13
119.839
119.154
118.186
117.68
117.31
118.117
129.403
119.052
173.661
120.788
116.437
114.14
114.849
133.245
125.845
116.329
114.782
115.2
113.887
116.2
114.125
127.41
116.793
115.622
115.451
115.033
114.978
114.946
135.488
130.383
116.638
115.854
114.402
115.972
114.479
115.657
133.868
130.612
123.12
122.989
123.086
122.779
122.062
121.547
145.442
151.89
138.904
124.561
122.101
121.722
122.003
150.041
159.528
143.946
141.604
141.308
139.972
154.527
142.582
139.003
138.696
139.41
140.634
139.177
152.651
141.473
142.264
140.132
141.159
141.295
150.251
142.853
141.172
140.711
139.015
139.274
140.857
198.066
142.873
140.113
138.199
137.393
138.134
160.116
143.574
163.424
149.905
147.923
146.092
167.421
145.325
146.033
143.602
144.969
147.914
161.132
146.576
140.736
142.606
141.028
154.435
144.236
219.916
200.393
172.985
137.614
131.361
148.958
132.221
130.642
131.431
130.354
129.898
128.26
143.617
131.385
130.211
129.112
128.862
128.894
127.775
144.915
126.796
120.958
119.223
119.635
119.812
119.337
118.815
147.812
123.161
120.034
118.633
119.761
119.34
118.865
134.227
122.08
119.861
120.016
119.549
118.389
118.633
118.322
134.482
120.434
119.806
120.461
118.438
118.84
118.763
133.135
121.539
119.123
119.915
120.176
118.627
119.261
118.715
129.055
119.637
119.571
118.772
120.356
119.03
119.722
135.722
127.598
119.736
119.266
118.507
119.531
118.832
118.408
133.096
121.097
117.586
118.907
117.58
121.78
118.454
128.651
119.915
112.308
110.861
112.109
112.437
113.066
111.845
121.202
119.358
116.627
115.925
116.059
115.916
116.216
116.168
128.958
118.089
115.327
116.056
115.244
116.338
116.605
115.431
120.157
116.469
116.855
115.191
115.644
116.459
116.416
115.875
125.641
116.587
116.316
115.527
116.233
115.344
116.847
116.634
123.274
116.794
117.428
118.576
117.142
116.727
118.372
127.647
119.343
116.918
115.718
117.168
114.468
117.219
117.538
132.548
116.393
114.949
115.741
115.529
115.147
116.152
116.684
130.195
115.048
115.329
115.975
115.356
115.776
115.315
116.119
127.98
117.226
115.478
116.168
115.975
117.472
115.261
132.515
120.332
117.325
117.386
118.14
116.715
115.137
116.917
129.89
119.743
118.101
118.315
115.996
116.096
115.545
115.605
129.717
117.155
116.841
116.977
115.657
118.025
117.499
128.871
124.137
119.297
117.797
117.285
116.961
116.834
115.801
127.31
118.753
118.08
116.136
117.663
116.131
116.844
114.88
132.582
118.993
116.51
118.251
115.848
116.943
115.554
126.402
116.695
115.171
114.969
160.059
145.028
143.233
153.801
143.35
142.501
141.722
142.111
140.787
142.633
154.997
142.05
140.598
141.362
140.841
141.499
152.745
142.469
142.168
141.052
140.705
140.718
141.178
154.095
141.527
141.268
142.822
141.616
141.8
151.164
144.487
140.965
140.678
140.497
141.008
141.446
152.985
140.497
140.641
140.72
140.618
141.762
145.336
142.799
140.213
141.693
140.603
141.316
142.405
160.14
142.787
141.683
140.888
142.339
139.905
145.346
142.778
140.098
140.004
141.665
141.332
140.507
159.328
140.645
140.514
139.978
141.746
141.995
154.698
143.863
148.011
217.778
169.509
135.959
137.665
125.252
126.639
126.986
126.753
125.433
127.081
140.255
129.095
126.906
126.446
125.821
126.224
126.947
126.302
130.429
128.417
126.071
126.114
125.245
125.98
126.709
143.838
126.379
124.994
126.054
126.221
125.65
125.876
142.234
128.584
126.753
125.794
126.597
126.739
125.751
141.803
129.406
126.685
126.301
126.522
126.082
126.897
140.621
132.407
127.545
125.082
126.327
126.416
124.676
134.386
129.559
126.649
127.03
125.603
126.462
125.211
124.997
144.571
126.853
125.265
126.522
126.896
125.421
125.302
139.575
128.429
126.542
128.13
125.89
125.219
126.071
142.174
127.111
127.1
126.799
126.094
126.284
126.295
130.838
128.046
126.601
126.562
126
126.62
124.781
125.761
135.796
128.408
126.929
127.968
125.208
126.104
125.929
141.992
126.051
124.704
126.661
125.091
126.268
124.427
142.835
128.426
123.899
126.295
126.004
126.562
124.849
138.506
127.454
123.829
127.6
124.86
126.405
125.18
140.724
128.912
126.522
125.873
126.96
125.373
127.527
124.607
129.691
127.066
127.063
125.151
126.893
125.729
126.829
143.163
127.153
127.264
125.36
124.799
127.207
123.845
140.754
127.537
127.297
127.492
127.834
126.471
126.47
141.65
128.886
127.491
126.655
126.535
126.787
126.311
141.302
131.154
127.201
126.506
126.101
127.044
126.725
134.803
131.671
126.866
126.233
125.794
127.489
126.892
126.916
143.685
126.512
126.372
127.083
127.226
126.342
125.268
137.68
126.218
124.881
124.763
125.069
124.294
124.501
135.664
154.264
144.922
140.56
141.388
140.209
139.172
158.937
141.751
140.089
139.151
139.59
139.578
154.609
141.213
140.407
140.672
139.117
140.438
140.173
155.529
142.197
140.056
139.695
139.115
140.832
150.538
142.552
140.63
141.55
139.35
138.777
139.304
153.102
140.212
140.63
139.557
140.703
140.097
153.192
144.116
142.24
141.539
140.71
138.549
140.13
150.53
140.132
140.105
139.855
139.501
139.358
152.531
143.463
140.157
140.54
139.939
139.233
138.859
152.821
140.14
140.203
139.354
138.964
140.031
152.486
142.751
139.896
139.602
140.248
139.885
138.815
157.331
141.906
139.545
139.722
139.397
140.17
139.034
145.86
140.018
139.785
139.376
140.007
140.705
156.303
140.928
139.151
139.532
139.441
139.878
138.305
160.246
141.089
139.525
138.875
139.641
140.284
162.57
142.868
139.454
139.809
139.071
138.932
139.863
156.197
140.915
140.164
138.017
144.467
133.744
145.328
131.569
129.249
129.224
128.519
128.958
129.285
139.295
162.676
201.299
199.464
202.112
213.414
202.717
202.468
200.207
197.764
203.108
198.566
202.666
200.374
215.979
201.409
199.812
200.561
202.423
212.453
203.21
200.032
200.162
204.33
213.718
198.292
201.813
174.269
139.003
146.739
143.926
144.398
131.706
132.738
153.301
156.252
149.836
177.289
176.577
175.894
173.602
158.492
142.498
131.139
132.046
130.427
130.746
130.321
147.705
133.036
130.114
130.044
130.63
129.223
129.232
146.657
131.357
130.541
130.973
131.711
130.495
130.281
152.407
133.893
131.869
130.889
130.874
130.502
130.024
139.948
133.178
131.006
129.954
129.88
130.157
143.334
135.538
130.561
130.528
131.237
130.065
131.432
142.337
133.286
130.756
129.994
130.435
130.235
130.771
142.636
139.896
133.4
130.356
129.532
130.288
131.842
145.535
133.148
130.534
130.511
130.17
129.574
130.935
150.311
139.575
131.909
131.109
130.408
129.843
129.303
135.014
134.5
131.258
130.522
130.715
130.919
129.319
147.25
136.429
131.533
130.823
130.455
130.712
130.367
140.39
134.833
130.712
130.913
130.632
130.149
131.812
139.948
133.379
130.699
130.035
130.251
131.632
129.629
134.185
131.986
130.903
129.865
131.288
129.168
129.319
144.691
135.442
130.897
131.084
130.775
129.746
130.025
147.187
135.692
132.718
131.217
130.08
131.016
130.991
140.095
132.857
130.845
132.85
130.462
129.598
131.283
138.961
133.242
129.786
129.842
131.394
129.62
130.055
146.348
134.932
131.521
130.353
130.432
132.207
130.723
140.556
133.331
130.053
129.75
131.698
130.263
130.94
139.75
132.472
130.348
130.558
130.572
130.504
129.395
146.531
135.171
132.257
130.625
129.794
130.037
129.012
139.798
134.349
130.455
130.545
130.6
130.606
130.745
133.857
132.507
130.826
129.76
130.802
131.508
130.549
144.494
136.076
132.531
131.397
130.028
131.301
130.652
134.382
133.957
130.846
131.204
130.822
130.986
130.652
147.689
134.765
132.191
130.892
131.229
130.265
131.769
138.913
132.24
130.917
129.222
128.877
130.745
130.924
134.374
133.379
131.779
130.05
129.981
129.687
129.564
143.773
134.976
131.604
129.506
129.894
129.803
129.88
143.826
133.684
130.718
129.162
130.411
130.181
129.997
142.512
135.013
130.986
129.935
130.172
128.748
129.995
145.112
133.779
131.831
130.488
131.121
129.312
130.423
143.635
135.679
131.713
129.93
130.02
129.628
130.736
148.242
135.497
130.793
131.271
131.055
129.824
129.806
141.236
133.791
131.748
130.446
130.448
129.279
131.06
142.381
134.08
131.25
129.569
130.528
159.383
146.832
164.436
144.612
144.311
144.26
143.254
143.785
157.821
144.397
143.524
144.431
143.096
144.113
142.967
150.652
144.223
143.86
144.11
143.695
143.26
158.836
144.533
144.127
144.542
143.921
143.909
158.449
144.192
142.711
146.902
143.289
143.622
142.569
147.619
144.254
143.27
145.004
145.292
144.62
151.391
144.224
145.56
143.956
144.219
144.155
157.352
144.671
142.871
143.548
144.252
145.523
143.488
146.158
143.812
144.179
143.094
144.143
144.887
160.219
145.258
144.687
142.823
142.015
143.34
159.079
144.891
143.824
143.473
142.563
145.847
142.635
139.734
137.373
137.328
136.608
136.42
135.932
158.816
145.273
142.268
141.628
140.949
141.998
142.333
146.002
141.533
141.883
141.054
141.487
143.652
155.959
143.989
143.156
141.971
142.492
141.363
146.18
146.569
142.05
142.311
142.118
142.112
141.256
146.783
143.007
143.006
142.501
141.791
141.914
153.33
142.743
154.422
142.222
143.033
142.543
142.359
158.205
143.16
143.103
142.98
141.937
142.978
154.829
143.822
144.387
142.9
143.093
142.015
147.619
145.66
143.135
142.508
142.033
141.148
143.204
157.556
143.384
143.445
142.525
142.773
141.788
157.546
143.491
143.992
143.433
143.594
142.867
161.626
145.809
142.87
142.519
142.451
142.813
142.145
160.052
145.316
145.232
145.81
144.281
144.871
159.799
145.675
144.564
144.672
146.629
143.401
156.109
144.216
143.328
144.24
145.446
145.296
155.499
146.519
144.92
144.518
145.126
144.701
145.253
158.462
144.778
143.788
145.54
143.413
144.516
152.073
144.811
144.27
144.759
144.727
144.824
155.801
145.495
143.816
144.727
144.523
144.861
143.948
149.637
145.694
144.717
144.537
145.085
143.291
151.773
145.139
144.616
145.453
144.583
144.303
159.535
145.37
144.37
143.458
144.667
144.735
157.596
148.316
145.322
144.119
144.296
145.803
144.41
159.353
145.754
142.809
143.083
143.267
143.25
161.225
144.413
145.911
143.228
143.938
157.597
167.55
175.31
180.644
175.331
175.66
193.052
174.038
175.824
175.744
175.274
175.587
180.965
173.783
176.624
176.105
175.43
193.446
173.666
176.023
177.264
175.889
182.284
177.696
175.475
177.298
175.317
178.147
156.771
152.594
153.373
151.988
148.37
171.192
154.943
153.001
151.563
152.019
152.754
163.948
154.082
175.086
154.252
154.297
152.841
165.997
154.922
154.444
152.962
153.009
154.504
168.045
155.334
152.952
153.062
152.26
153.579
173.786
155.611
152.387
152.314
152.48
153.241
156.727
152.555
151.532
151.538
150.422
150.555
158.496
154.003
154.88
153.387
152.321
162.345
157.423
154.095
156.323
152.85
153.86
166.215
157.8
153.961
154.779
154.853
153.5
166.943
158.826
153.98
152.336
152.904
154.201
167.03
154.498
151.28
151.206
152.391
149.182
167.119
171.429
159.108
158.307
155.876
156.482
168.933
156.964
156.924
155.492
154.912
153.348
170.826
154.785
156.362
154.749
154.186
163.363
158.512
157.402
155.308
155.446
153.299
166.595
158.051
156.749
157.236
156.037
156.225
168.289
145.495
143.396
143.309
138.896
141.485
240.289
181.489
160.205
167.888
168.084
175.099
158.287
153.257
154.659
152.721
153.459
164.289
153.655
154.01
153.823
151.838
152.242
169.489
161.707
156.117
151.573
148.332
149.294
165.85
157.856
153.539
154.842
153.213
154.268
173.726
154.571
153.097
153.95
155.36
154.698
155.75
153.813
153.922
152.426
155.438
151.018
168.812
152.857
152.319
152.767
151.349
152.446
169.357
156.807
152.934
154.92
153.161
154.926
170.858
153.609
152.734
155.173
153.501
153.598
156.761
156.329
154.078
152.632
153.588
167.323
153.681
151.215
150.013
150.069
151.868
168.383
161.953
159.988
154.632
154.103
153.218
171.529
157.676
156.99
153.509
155.895
152.864
164.169
154.776
153.649
154.457
152.593
152.69
165.008
152.813
151.787
150.989
150.891
148.833
170.449
156.827
153.418
155.638
155.728
152.827
158.926
155.507
156.493
155.934
155.868
166.947
156.996
155.775
154.962
154.205
152.362
160.817
150.825
150.965
150.184
151.417
148.944
165.168
159.345
154.854
154.896
155.586
154.631
169.522
155.195
153.877
153.122
153.359
151.42
172.688
159.348
155.086
154.253
154.349
154.182
166.568
154.656
155.278
154.609
153.367
153.197
162.56
153.765
152.714
154.155
153.048
167.092
173.627
152.22
149.33
148.836
146.908
157.724
157.594
153.279
151.582
153.14
152.321
165.343
153.444
153.513
153.176
153.099
150.71
165.203
155.708
153.17
150.713
151.278
153.744
164.581
153.24
149.477
148.214
148.517
147.174
148.77
167.356
151.573
152.271
152.761
150.553
151.299
160.318
148.434
145.6
147.339
146.868
147.158
193.483
153.829
153.947
152.139
149.347
154.323
162.699
145.613
143.895
144.073
145.614
140.632
155.532
156.744
149.489
148.915
147.955
144.66
156.821
149.146
147.359
147.967
147.738
147.525
149.507
172.861
190.907
200.363
197.965
205.066
183.184
180.787
144.618
133.759
132.747
143.266
137.626
133.115
131.201
131.322
130.741
131.371
137.706
134.729
128.327
127.915
127.632
127.812
336.065
137.632
173.612
172.073
173.986
172.935
177.259
142.321
173.732
172.437
175.198
194.237
177.009
174.501
174.482
173.292
185.085
178.462
175.382
174.12
168.477
169.108
158.161
134.999
130.869
130.227
129.239
130.114
131.416
144.122
132.279
130.574
130.784
130.452
129.509
130.578
145.361
130.544
128.814
162.137
148.192
152.651
162.348
153.857
147.853
150.847
143.084
144.002
160.727
156.821
149.322
158.237
156.016
149.767
165.707
152.44
151.537
146.552
152.18
149.813
164.07
152.34
150.799
142.626
143.982
141.783
145.546
155.288
137.031
133.852
134.122
133.827
133.9
133.456
140.221
133.344
130.131
130.481
131.676
129.542
142.221
132.27
130.416
129.205
130.893
130.77
130.191
141.98
134.802
130.552
131.374
130.528
131.322
130.72
144.363
134.876
134.104
130.315
131.137
130.248
130.528
140.185
132.173
130.984
130.777
129.894
130.299
130.662
142.753
133.757
130.496
129.699
130.137
130.254
131.137
142.329
132.101
130.733
130.634
129.961
129.687
130.207
144.465
131.658
130.348
129.995
130.445
128.937
129.923
143.845
131.848
129.165
130.425
131.15
130.822
129.553
144.015
131.38
131.611
129.466
129.807
130.218
129.8
149.735
153.71
177.663
176.02
154.45
182.221
227.157
173.094
159.148
154.956
155.91
178.314
161.141
157.266
154.242
180.772
191.334
163.429
151.269
152.615
149.727
150.242
152.242
154.732
151.253
150.056
166.082
178.735
188.725
165.209
160.597
154.765
157.647
156.948
168.974
172.792
150.615
143.946
168.279
165.315
162.055
157.669
158.766
158.022
154.992
162.338
160.339
154.345
159.116
151.187
158.73
174.263
163.854
158.922
162.005
155.498
163.992
178.429
160.217
157.521
157.097
154.685
157.721
173.097
160.233
158.873
152.961
156.04
163.962
172.664
161.199
159.315
161.336
155.526
159.709
159.29
133.623
138.101
131.653
128.961
129.199
128.914
133.064
129.725
128.729
128.053
129.779
128.016
129.443
138.152
132.04
128.945
130.636
128.393
129.192
129.255
134.188
129.71
128.852
128.537
128.727
128.48
129.276
145.906
130.014
129.999
130.256
128.574
129.159
127.86
145.001
130.116
130.179
128.657
128.458
128.377
129.25
142.97
130.937
129.68
129.833
127.908
129.159
128.647
141.79
128.763
130.442
129.279
129.571
128.309
129.844
147.286
133.533
130.552
130.766
129.658
128.785
128.885
134.543
129.395
128.76
129.009
129.52
128.835
129.827
143.051
130.065
128.444
129.349
129.743
129.092
128.631
142.749
129.957
129.472
128.453
129.433
129.304
128.606
142.296
131.077
129.602
129.834
128.697
129.182
128.674
140.688
131.551
128.849
129.081
129.989
129.024
129.981
138.372
132.055
129.075
129.121
127.894
129.368
129.49
141.934
136.691
130.959
129.386
129.502
128.249
128.347
141.425
134.465
130.636
129.607
129.102
129.418
129.813
142.372
132.229
130.992
128.553
137.276
158.705
161.277
161.824
136.922
133.345
133.485
134.245
133.827
134.408
150.461
135.748
134.107
134.362
133.99
132.674
147.789
136.857
133.83
133.166
133.656
133.529
136.203
143.285
136.679
137.433
155.139
137.102
131.595
132.513
170.115
144.614
144.41
150.252
144.572
144.717
192.568
178.203
174.314
176.483
175.956
178.662
179.989
176.409
176.859
176.527
187.505
180.164
175.052
174.99
176.571
176.727
189.34
176.266
206.371
231.08
143.758
146.693
127.701
127.169
127.214
126.721
127.351
127.123
163.217
142.291
137.199
138.565
137.151
136.029
152.21
138.541
134.652
134.737
134.477
135.224
135.836
159.288
144.678
140.244
146.501
149.642
133.459
128.386
151.825
129.251
127.32
126.586
127.219
126.325
125.834
140.74
128.9
126.809
276.316
136.331
128.867
142.054
130.05
126.919
125.687
125.508
125.275
125.536
144.512
125.528
120.77
119.089
118.562
119.603
119.531
119.222
141.699
127.287
126.981
126.539
126.277
126.728
125.588
144.093
127.991
126.839
126.845
125.389
125.405
125.602
138.993
127.729
127.251
128.208
127.04
125.988
126.682
137.967
125.121
123.417
123.794
123.2
121.662
122.41
122.238
133.552
128.686
127.342
127.073
125.788
126.223
127.437
143.586
128.307
127.013
129.826
129.706
125.759
126.851
140.002
127.213
127.186
126.328
127.696
126.695
126.467
141.789
128.696
126.982
127.122
127.528
127.561
126.705
140.25
150.385
127.307
125.476
125.419
127.688
124.8
140.087
124.18
123.007
122.698
120.864
123.323
124.389
139.988
129.846
126.163
125.624
125.471
125.065
125.519
126.339
140.773
126.493
126.307
125.66
125.062
125.816
127.637
137.826
126.304
126.007
126.565
126.569
124.275
126.222
139.991
127.243
126.437
126.132
125.067
125.198
125.294
135.631
146.569
126.53
125.485
125.682
125.229
125.6
144.457
130.668
126.28
126.404
125.649
125.739
125.579
135.736
129.085
126.747
125.933
125.191
125.564
125.231
125.368
138.634
126.852
125.318
125.986
125.311
125.347
124.262
139.801
126.761
125.468
125.341
123.795
123.777
125.155
137.688
129.131
127.471
124.171
124.466
123.832
123.691
137.245
126.93
124.821
125.609
123.919
123.807
124.319
123.647
140.933
124.542
125.037
124.523
123.958
123.326
124.474
138.587
125.406
124.439
125.426
123.889
123.817
122.984
126.905
126.496
124.797
125.687
127.146
125.172
124.162
123.498
138.989
132.322
130.093
130.258
124.004
116.631
115.366
137.169
116.631
114.52
114.902
114.692
114.779
125.245
144.409
123.05
118.562
116.412
117.014
117.669
117.019
116.168
132.292
118.193
116.827
116.911
116.045
115.748
116.273
116.395
150.114
136.148
132.015
131.754
132.349
132.632
132.142
145.949
133.977
132.048
132.211
131.405
130.124
130.307
152.069
158.76
147.919
145.216
144.907
158.126
145.791
144.94
144.053
145.607
153.935
146.477
145.292
144.074
143.948
145.048
160.985
144.63
143.743
143.458
144.667
159.819
146.218
144.816
145.129
144.249
144.571
149.797
144.233
143.459
144.76
144.233
155.655
145.162
143.782
144.501
145.458
185.967
211.1
201.135
201.46
142.465
150.128
136.557
133.212
133.533
132.754
130.348
130.059
135.256
131.906
130.082
131.204
129.893
130.477
131.448
145.229
133.253
131.299
129.589
131.577
129.607
129.962
138.772
132.336
129.933
129.271
129.887
131.324
130.076
129.988
146.111
130.495
130.479
130.05
130.092
131.869
129.891
145.419
131.217
130.808
130.153
130.101
129.439
131.22
144.603
130.366
129.152
129.373
129.566
130.359
130.769
148.282
130.97
129.998
130.546
130.799
129.286
130.446
142.264
131.706
129.977
129.352
128.868
129.981
129.894
144.669
129.74
129.813
130.958
129.054
129.072
129.055
140.108
131.572
130.173
128.69
129.699
129.845
128.561
144.042
133.68
130.248
129.636
130.766
130.766
129.509
145.484
133.106
130.221
130.418
129.069
129.43
130.321
137.843
135.12
131.644
130.278
130.237
129.858
129.813
129.331
133.707
130.417
129.884
130.082
129.656
129.566
130.3
141.667
130.772
130.79
129.49
129.075
129.74
129.86
135.842
131.187
129.373
129.309
130.525
130.183
129.439
146.987
130.148
131.725
130.084
129.944
129.791
129.93
144.377
130.468
129.894
129.592
129.767
130.509
129.454
143.942
131.121
128.816
129.821
129.821
128.781
128.029
145.106
132.919
129.503
130.157
130.246
129.962
130.492
144.399
133.376
130.542
129.876
131.232
131.243
129.941
136.814
134.853
130.112
129.904
129.479
130.147
132.215
130.97
132.958
129.77
130.985
129.912
130.401
131.767
130.131
140.898
130.924
130.507
129.953
130.125
130.183
129.737
141.893
130.047
129.413
129.447
129.68
130.642
130.388
141.424
130.802
130.035
129.589
129.873
129.874
129.62
145.991
131.1
129.943
130.383
130.395
129.451
129.987
144.928
130.264
129.261
130.144
129.446
129.213
130.282
139.786
131.475
130.125
129.079
128.908
129.156
128.586
146.061
133.512
129.021
128.725
129.091
129.192
129.65
140.092
134.919
130.02
130.338
128.754
129.138
130.221
129.332
141.816
129.237
128.025
126.922
128.386
178.856
172.159
161.944
164.534
165.623
165.691
157.734
159.154
134.258
131.752
130.661
130.646
129.536
129.824
151.307
133.824
130.281
132.092
130.917
129.523
129.265
149.596
176.691
174.874
174.355
175.722
189.184
209.607
225.065
225.591
224.59
195.695
178.422
175.849
174.877
175.234
164.612
176.972
174.774
174.913
173.921
194.778
179.872
176.564
175.845
174.813
194.609
178.789
174.879
172.988
177.813
176.668
169.816
175.834
173.034
173.285
172.643
190.315
175.201
176.521
174.288
173.269
188.025
179.187
176.151
174.552
176.48
174.565
188.619
173.891
176.179
176.697
177.191
189.821
144.795
133.659
132.043
130.594
129.573
129.388
169.596
157.921
144.863
133.989
132.461
130.359
148.209
132.865
130.521
132.142
131.505
129.77
131.282
144.155
134.025
132.008
130.738
130.386
131.353
129.602
144.47
133.283
130.63
129.955
130.305
130.228
130.479
145.533
175.658
175.738
175.541
175.024
186.636
175.835
176.727
176.931
174.332
174.418
190.408
178.649
176.838
173.957
175.752
187.812
175.855
177.93
176.968
175.825
189.465
176.501
175.779
177.072
176.301
193.467
178.382
176.929
174.017
177.09
174.529
192.777
177.752
175.292
176.159
174.932
225.268
225.75
224.588
224.549
233.585
231.491
227.037
193.195
175.881
183.779
174.937
177.124
176.173
176.189
196.065
176.665
176.825
177.957
177.536
180.798
179.234
183.329
176.885
175.975
189.974
176.585
178.748
178.098
177.527
193.052
176.229
177.458
177.225
174.028
188.285
180.004
177.331
175.698
176.176
175.875
188.182
176.287
174.91
176.798
176.892
179.611
176.214
169.774
174.492
171.96
191.325
249.662
245.228
237.937
266.723
237.501
264.876
193.691
196.633
222.807
238.626
263.716
199.565
223.475
196.457
183.627
249.018
241.159
238.934
265.148
198.596
226.275
197.08
184.171
183.552
178.881
179.706
179.783
180.087
192.682
181.181
179.023
178.983
180.523
183.149
177.918
179.654
178.069
176.187
194.433
178.078
178.951
179.729
178.118
202.109
235.264
237.735
234.012
225.163
256.413
235.601
204.488
165.479
178.91
202.074
199.925
140.928
131.762
142.802
129.814
129.219
126.692
129.096
127.441
127.768
152.693
129.683
128.05
127.772
128.179
127.274
127.358
147.541
129.968
129.336
129.833
127.153
127.878
128.254
142.053
132.628
128.447
127.117
128.874
127.046
128.159
141.409
131.712
127.776
127.348
129.262
126.302
129.007
140.564
128.931
129.039
126.748
128.257
125.998
127.266
142.203
132.447
128.964
126.983
127.033
130.068
128.944
147.424
135.774
128.814
127.975
128.825
128.937
128.113
141.604
131.785
128.342
128.668
127.348
128.799
128.213
138.296
134.399
129.368
128.3
129.238
129.037
128.846
128.795
131.681
127.923
127.285
128.844
128.586
127.975
126.51
145.009
159.502
157.386
124.044
118.378
118.662
129.52
123.578
117.734
118.505
118.21
119.043
117.282
120.005
133.721
120.372
117.509
118.652
116.747
118.939
116.624
118.188
132.353
119.592
116.876
118.474
117.082
117.15
116.847
133.697
125.265
120.353
117.674
118.079
118.236
118.381
117.012
132.326
119.323
117.019
119.454
117.209
119.193
117.702
119.228
128.589
119.49
118.799
116.55
118.967
117.319
116.429
129.643
119.535
115.803
117.283
116.708
116.7
117.037
117.807
127.55
118.73
117.069
116.982
116.551
117.061
115.768
117.235
129.771
116.624
116.86
117.058
117.178
116.717
117.508
129.338
123.134
118.656
117.974
117.582
116.935
116.165
117.13
127.703
118.21
116.581
117.784
115.685
117.018
117.722
115.906
132.303
117.566
116.514
117.539
117.373
117.55
117.112
129.322
120.299
117.196
116.943
117.33
118.122
117.928
117.024
132.039
119.226
117.07
117.58
118.315
116.827
118.053
116.841
125.956
115.096
114.134
112.76
114.519
113.893
113.496
113.045
152.582
139.975
134.815
134.361
133.797
133.47
133.987
150.068
133.476
133.262
132.617
133.178
132.917
142.374
136.44
133.305
133.459
133.293
133.076
132.883
142.51
139.376
135.097
134.696
133.256
134.11
134.24
145.055
134.73
133.129
133.74
132.537
134.131
133.857
146.682
134.353
133.68
132.47
134.853
132.119
133.442
147.682
133.63
133.292
132.233
132.697
133.614
132.72
146.603
134.375
132.977
133.121
132.972
132.209
132.967
149.139
135.08
133.286
133.027
132.991
132.086
133.091
146.796
139.41
134.539
133.851
133.777
133.593
133.338
147.03
135.168
132.837
132.313
132.42
133.383
131.953
142.074
135.163
133.803
133.737
134.447
133.069
142.479
136.192
133.406
134.198
133.899
132.618
134.062
144.357
137.729
135.556
134.228
133.393
133.105
132.226
145.68
135.177
134.536
132.548
132.459
133.74
133.489
147.04
134.357
133.623
133.713
133.563
132.654
133.442
148.661
133.178
133.25
133.45
133.427
132.597
133.355
148.048
134.248
132.429
133.269
132.146
132.738
132.044
146.281
136.433
133.84
133.653
133.849
132.012
156.581
148.751
146.676
147.217
147.07
145.62
157.873
145.537
144.402
146.107
146.123
160.63
147.018
146.321
145.719
147.266
162.154
148.459
146.772
146.131
145.944
145.821
150.061
145.423
147.057
140.47
132.227
132.795
143.752
134.388
132.601
132.219
133.148
133.081
133.612
145.269
134.913
132.327
132.453
131.972
133.289
133.34
145.4
133.412
132.825
132.928
133.522
131.812
132.855
143.608
132.914
131.457
131.818
142.625
144.237
142.867
134.759
140.608
120.834
117.115
117.105
117.094
129.436
121.843
119.141
118.862
117.156
118.69
117.064
118.07
133.157
121.025
117.375
118.985
116.904
116.868
116.693
117.894
131.935
118.73
117.423
116.432
115.875
116.159
115.298
126.997
120.369
117.503
117.355
116.386
114.905
116.462
116.38
129.259
118.876
117.683
117.544
116.727
116.784
116.016
116.736
132.284
117.62
117.018
116.529
116.296
116.045
116.342
116.353
131.345
116.912
117.204
116.531
117.022
115.769
116.263
128.489
120.455
117.178
116.934
116.176
117.452
115.836
116.787
128.239
118.419
116.604
117.195
116.864
116.82
116.149
116.326
121.379
118.395
116.706
116.844
116.687
117.965
116.443
117.258
129.391
117.251
116.624
116.313
116.423
116.796
116.955
129.833
124.197
117.547
117.072
116.774
117.943
117.246
116.863
131.451
118.161
117.009
116.961
115.719
117.048
117.732
116.577
131.244
118.648
118.422
117.893
116.741
118.51
118.934
130.122
121.918
118.732
118.514
117.602
118.321
118.134
119.055
131.271
120.026
116.805
118.97
118.488
121.114
117.924
118.352
127.307
117.393
117.74
116.954
117.292
116.336
116.837
131.554
119.63
116.31
150.03
137.217
137.021
135.999
150.516
136.42
134.251
175.174
171.816
171.532
186.008
177.446
176.285
173.148
172.978
174.604
187.12
175.889
172.384
173.422
189.042
180.516
177.192
171.529
173.189
172.423
186.522
175.197
176.708
176.618
174.555
191.328
178.316
173.957
176.751
172.313
174.212
176.856
176.917
177.614
175.981
175.559
178.329
160.591
174.894
143.526
145.048
164.39
180.022
179.007
177.119
175.788
175.113
178.272
173.981
174.367
175.59
175.311
192.02
177.773
175.23
176.423
177.683
190.901
177.436
175.16
177.009
175.114
173.523
181.001
173.398
172.345
175.574
174.749
189.069
173.186
175.244
176.745
175.361
192.029
167.937
177.276
176.22
176.631
162.816
176.146
174.814
174.212
177.927
191.725
175.595
172.251
173.102
173.864
173.341
162.996
143.009
177.223
173.322
173.379
186.191
217.77
209.981
208.725
207.833
220.484
206.747
202.188
205.454
176.898
159.481
137.352
134.391
165.482
205.389
209.313
205.542
201.052
203.945
207.109
222.583
204.407
206.279
204.26
205.506
210.739
205.196
205.415
214.663
206.891
229.451
187.803
153.882
133.492
144.251
127.484
126.017
124.551
125.017
124.778
125.438
138.047
127.518
125.449
126.377
124.412
127.122
124.175
124.99
136.409
134.04
129.056
126.526
125.351
125.658
124.61
141.15
126.014
125.104
125.573
125.057
124.403
125.348
137.167
128.894
125.612
125.346
125.394
124.851
125.766
125.342
136.506
127.326
125.535
126.659
125.197
125.351
125.319
138.514
127.824
126.222
125.285
124.903
124.756
125.143
137.294
129.502
125.476
126.006
125.408
124.981
125.15
125.542
142.059
130.2
124.74
126.214
125.454
125.98
125.739
136.909
126.721
125.549
125.552
133.646
127.804
126.405
136.56
128.322
126.364
126.055
125.06
125.976
125.896
125.197
135.807
129.08
126.2
124.938
126.32
127.066
126.19
139.299
124.59
130.951
162.187
144.81
120.204
118.662
134.15
119.464
117.272
117.76
115.703
117.532
116.379
118.167
131.908
116.659
116.436
117.016
117.237
116.238
116.463
130.347
120.574
115.548
116.142
116.746
115.73
115.228
115.347
125.666
141.067
120.743
115.775
115.975
116.71
115.741
115.158
138.228
120.178
116.851
116.957
116.674
117.973
116.575
117.588
121.017
116.366
117.976
115.78
118.18
116.331
118.541
127.751
121.795
117.582
118.006
116.714
119.1
115.774
117.832
129.783
119.097
117.552
118.541
115.488
118.289
115.878
117.098
127.113
118.914
117.066
117.897
117.047
117.936
116.76
117.118
127.721
118.912
116.373
117.937
116.202
118.289
116.433
131.416
119.444
116.379
118.139
117.111
117.278
117.017
117.565
122.277
118.109
117.172
117.548
117.457
118.136
116.27
117.624
131.552
116.454
116.824
117.842
116.592
116.918
116.459
140.632
133.612
125.579
125.305
125.976
124.683
124.896
135.012
127.056
124.312
123.744
124.639
124.754
123.456
123.437
131.741
124.493
123.544
122.933
124.182
122.984
123.868
138.021
126.124
122.323
123.043
122.587
123.017
122.982
123.413
133.318
125.074
123.1
122.548
123.028
123.519
122.975
131.29
124.631
122.424
123.413
123.283
122.611
122.929
133.897
125.061
123.694
123.197
121.976
123.236
123.309
124.246
141.191
123.651
122.805
123.791
122.842
123.274
122.863
138.942
124.015
124.242
123.142
123.577
123.339
123.537
134.171
126.805
122.912
130.794
123.832
124.382
122.584
124.392
127.822
124.567
123.428
123.14
122.998
123.527
122.804
132.593
125.541
123.423
123.721
122.836
122
123.34
137.041
126.637
123.297
140.884
134.12
131.5
131.357
142.292
134.123
133.318
131.13
131.486
132.666
132.8
142.307
136.577
132.786
132.025
132.349
132.789
131.025
143.681
135.606
134.488
132.873
132.181
132.9
131.834
146.253
135.501
133.379
132.784
132.927
133.983
132.359
146.38
135.253
132.649
133.081
132.87
132.256
131.841
146.5
133.455
132.255
132.998
132.303
132.455
133.137
147.213
132.749
133.357
132.433
133.591
131.988
131.726
147.677
133.465
130.915
132.072
132.364
130.989
130.668
147.937
133.239
131.738
132.372
133.095
132.62
132.72
147.23
133.668
137.889
132.878
132.57
132.247
131.994
147.045
186.488
203.742
204.281
205.173
209.194
208.783
208.72
205.748
204.275
207.098
205.88
205.668
208.71
211.518
200.66
206.928
201.588
202.076
214.16
204.68
206.096
205.706
208.984
204.135
208.222
203.754
202.909
213.949
205.562
204.817
206.127
206.649
216.353
202.733
176.745
161.145
182.177
150.857
132.497
131.418
130.169
131.732
130.495
139.638
134.026
130.14
130.001
135.59
136.26
132.414
135.839
132.543
130.867
131.491
131.364
130.088
130.017
143.676
135.17
131.926
130.225
131.013
129.697
129.759
140.27
135.65
130.359
130.452
129.729
130.962
129.842
140.669
136.287
131.052
131.684
130.512
129.659
164.76
184.954
169.977
169.341
169.086
170.349
185.287
171.438
173.874
170.118
174.009
172.404
179.084
172.146
173.748
172.918
173.721
176.297
171.489
173.426
172.2
169.002
179.723
172.094
173.146
169.404
169.1
180.28
173.494
171.595
173.306
172.157
145.457
148.415
131.936
130.61
130.716
130.668
131.041
130.476
134.617
132.572
130.349
130.89
130.86
130.719
130.325
146.999
131.08
130.192
130.181
130.212
161.908
180.316
178.873
155.973
147.217
147.848
194.414
190.802
176.46
173.699
176.182
176.04
178.202
175.149
181.764
175.2
175.141
175.738
179.03
175.197
175.894
174.735
175.661
193.701
138.864
137.434
136.234
122.036
116.494
132.033
118.657
116.383
118.212
118.034
117.426
116.578
116.857
137.898
119.946
116.387
118.674
117.781
118.626
116.068
127.96
119.298
118.292
116.562
116.586
116.865
116.5
115.916
129.891
119.115
116
115.723
116.4
116.221
116.109
115.645
129.865
117.146
116.561
117.269
116.523
117.423
116.244
115.582
131.786
117.745
116.47
115.966
115.602
116.184
116.501
128.163
119.715
117.427
116.44
116.19
116.535
116.307
116.093
128.15
118.947
116.936
117.907
118.172
119.091
122.158
113.206
141.632
113.967
112.682
112.157
110.716
111.705
112.864
112.651
130.908
114.597
114.548
113.507
111.112
111.32
111.17
112.388
125.769
116.46
115.66
111.442
111.327
111.707
111.266
110.73
123.997
111.488
109.684
109.527
110.59
108.592
108.142
108.508
138.186
116.772
113.381
113.145
113.438
113.934
112.776
113.105
132.704
117.633
116.193
118.398
119.011
117.239
116.738
129.212
122.867
117.964
116.745
116.836
117.91
116.503
117.214
131.299
117.467
115.769
116.627
114.976
114.658
114.433
115.085
126.788
117.988
116.962
116.101
115.027
115.929
117.038
116.491
132.296
116.271
117.25
115.996
116.44
115.621
116.484
130.054
123.215
116.383
116.946
118.974
115.75
116.616
117.444
131.168
119.533
115.753
116.041
116.033
118.063
117.494
118.155
139.061
119.175
117.786
117.942
118.47
116.768
117.514
130.204
124.191
118.864
118.083
118.28
118.322
117.921
117.891
132.659
118.62
117.841
117.617
118.823
117.699
118.118
117.416
140.397
120.142
116.872
114.781
116.617
116.929
115.305
129.493
119.221
116.274
116.213
115.96
116.856
117.076
116.039
127.97
118.509
116.529
116.882
116.79
117.323
115.568
115.747
126.007
113.814
114.425
113.781
113.594
113.007
113.222
112.721
148.557
116.487
116.15
116.635
115.401
115.588
115.815
126.051
116.815
116.294
115.856
116.465
116.944
116.816
117.161
128.899
117.82
115.341
115.304
132.761
171.464
158.877
166.426
159.495
155.915
161.911
160.125
158.603
164.327
172.546
162.503
154.769
154.84
161.67
205.472
152.293
132.384
132.26
130.209
128.618
141.362
130.659
128.979
128.734
129.713
128.195
128.818
143.407
130.263
129.878
128.657
129.042
127.709
129.012
138.985
129.3
131.027
128.978
129.031
128.002
128.297
139.815
128.864
150.598
153.894
132.306
130.335
128.941
134.863
129.323
128.035
127.948
128.431
151.243
148.902
171.726
139.449
138.49
145.173
141.146
137.717
153.439
142.469
144.205
138.444
138.034
142.238
155.706
152.351
138.566
136.932
137.113
141.825
140.047
152.337
138.569
140.126
145.143
141.167
142.807
156.695
150.096
131.629
126.609
127.474
126.921
126.057
147.853
132.344
126.948
126.601
125.955
127.907
126.473
142.054
131.085
127.862
126.542
126.205
127.635
128.073
138.792
132.114
126.442
126.968
126.476
126.292
127.428
127.592
144.639
128.526
126.973
126.055
126.178
127.085
127.248
147.993
129.25
126.108
126.068
124.825
125.158
124.552
142.713
125.473
124.939
159.361
152.594
144.472
175.214
160.477
150.221
147.57
146.741
146.288
161.887
150.913
146.444
146.837
145.035
145.956
147.264
152.94
146.823
141.68
141.364
140.747
140.016
155.578
147.469
145.066
148.865
148.464
146.996
160.173
150.867
147.916
153.986
151.327
151.56
157.641
152.301
149.546
148.01
146.391
150.214
195.464
150.56
116.678
113.886
113.897
112.183
111.932
112.578
157.665
132.533
130.346
133.838
132.438
132.975
133.115
181.102
175.905
175.624
171.676
141.786
157.93
174.462
173.376
171.976
140.33
133.211
187.839
171.119
174.141
172.317
139.98
133.483
148.344
173.731
172.711
171.511
171.83
151.866
174.907
171.815
173.874
172.17
140.362
195.104
172.838
172.67
172.697
141.012
143.435
174.031
173.62
173.415
173.131
140.735
196.346
173.01
171.935
173.058
141.216
133.259
188.384
175.542
172.492
171.591
140.997
148.217
173.374
172.353
172.513
171.816
140.591
187.671
172.961
171.234
171.815
140.554
131.966
147.833
171.481
172.928
172.267
172.429
153.007
175.622
169.39
141.089
131.929
131.28
144.841
139.925
210.96
200.188
159.728
146.096
183.905
175.558
160.096
139.624
133.568
132.59
156.699
161.061
175.343
170.484
170.154
176.905
173.422
168.867
168.266
170.296
140.874
186.928
143.414
133.561
128.009
128.686
125.97
125.325
132.673
127.13
125.277
125.272
125.301
126.324
127.606
130.514
129.503
126.177
126.497
124.965
127.099
126.698
141.458
130.515
126.891
126.981
127.035
126.674
126.073
137.525
133.262
126.243
126.35
126.674
126.368
125.538
125.585
146.217
129.318
126.126
125.154
125.889
125.209
125.233
143.885
127.718
126.087
125.07
125.381
126.196
127.287
137.172
127.493
126.2
125.976
125.268
125.659
126.164
125.384
157.937
130.475
127.5
127.374
125.615
126.574
125.782
137.071
128.099
126.604
126.151
126.595
125.492
125.15
141.706
128.55
126.353
125.738
125.234
125.565
125.555
137.499
131.922
126.978
125.421
126.265
125.673
126.331
124.689
137.925
126.572
125.386
125.411
125.125
125.267
125.235
136.171
125.348
130.321
173.493
145.822
129.392
127.077
169.375
149.79
150.749
133.419
127.255
126.619
140.973
129.423
126.911
126.07
125.891
125.237
126.066
129.381
127.701
126.12
125.481
125.743
124.55
125.877
125.284
143.404
127.373
126.344
126.705
126.057
125.134
125.077
140.039
126.595
125.558
125.438
126.084
124.811
124.193
140.259
127.283
126.049
125.435
125.459
125.395
125.101
139.405
128.409
125.091
125.275
124.9
125.822
125.503
129.215
130.742
125.69
125.625
125.395
125.131
126.144
125.074
142.789
126.207
125.488
125.389
126.861
126.625
126.404
133.507
126.508
125.017
125.041
126.13
125.391
125.927
136.533
126.889
125.906
124.818
126.258
125.238
124.609
139.684
131.763
126.725
124.963
126.205
124.933
124.406
125.477
129.708
126.317
150.287
135.637
133.879
133.508
144.791
138.718
165.325
202.595
205.499
205.881
192.241
207.464
204.465
236.248
264.195
210.299
201.552
191.503
226.69
201.531
172.078
139.299
131.146
130.644
145.931
132.409
131.201
131.555
131.863
130.572
130.49
145.551
129.169
127.338
127.87
128.277
127.636
127.685
144.262
138.038
132.695
132.153
130.752
131.475
131.455
144.154
133.727
131.519
130.673
130.929
130.159
131.251
145.45
134.268
131.491
132.087
132.361
131.515
130.674
146.779
189.573
131.863
130.307
137.601
133.082
129.102
145.579
130.808
129.106
129.684
128.925
128.808
128.451
143.027
130.581
128.368
127.919
129.529
128.204
129.002
138.052
131.629
128.668
129.01
128.629
129.266
128.166
148.183
135.107
129.483
128.445
129.266
128.085
129.105
129.521
134.295
129.507
127.541
127.415
129.443
129.053
128.286
145.351
174.078
165.323
135.97
128.77
128.404
139.412
130.801
129.53
128.665
128.71
127.879
129.901
143.426
132.385
128.548
128.842
128.397
127.98
128.898
141.618
132.355
128.037
126.532
126.075
126.358
140.304
193.344
149.517
133.501
136.052
131.97
129.811
128.405
141.059
129.39
126.694
126.944
127.952
127.663
127.699
136.307
129.976
123.685
123.125
123.979
124.403
123.979
123.456
155.122
135.44
132.228
132.343
132.003
130.572
131.381
147.396
132.94
131.573
130.797
130.785
131.814
131.318
145.065
133.026
130.299
130.776
130.449
131.104
130.83
149.802
134.011
132.346
132.028
135.411
132.05
131.618
143.803
132.124
131.372
132.06
130.379
131.886
131.801
138.267
132.455
131.964
131.919
131.082
130.58
131.195
136.31
132.969
130.759
131.336
130.472
130.788
131.047
150.196
132.34
130.193
130.706
130.56
131.507
130.289
145.02
132.294
130.157
130.507
131.302
131.266
131.037
146.577
132.584
130.559
130.749
130.623
129.992
130.893
146.821
132.524
131.208
131.354
131.016
131.167
130.294
141.621
132.788
131.357
131.419
131.251
130.951
131.919
135.893
134.576
131.299
131.296
131.287
130.893
131.435
163.997
173.214
152.869
133.222
131.359
127.616
126.879
142.142
128.405
127.909
126.373
126.62
127.034
126.932
142.202
128.08
126.037
126.917
125.817
125.314
125.874
138.9
131.362
126.834
125.781
125.824
126.382
126.131
125.585
137.515
127.209
124.415
126.557
126.55
124.993
125.459
140.473
127.044
126.136
125.678
125.199
125.474
126.56
138.967
130.479
128.233
126.617
125.613
124.856
125.322
125.974
140.209
128.076
126.108
125.591
125.828
125.644
125.891
137.991
126.515
125.379
125.165
124.898
126.279
125.444
135.449
129.854
126.052
125.312
126.049
126.029
125.54
125.668
138.839
128.22
127.215
125.309
125.744
125.898
125.277
142.289
132.554
127.438
127.408
124.89
126.701
125.249
130.319
128.102
126.368
126.124
126.426
126.052
126.965
126.055
141.19
127.99
126.115
125.63
126.215
125.807
126.62
143.542
127.086
125.395
127.183
126.51
125.62
126.37
136.531
127.606
125.34
126.048
126.836
125.32
126.987
125.137
133.755
133.526
163.454
151.725
147.381
146.221
159.353
145.54
143.976
157.344
157.177
155.882
175.771
160.051
161.133
163.59
162.117
161.042
179.899
152.57
146.992
145.242
144.708
144.437
157.831
144.997
150.579
145.238
144.759
144.634
165.075
146.188
143.572
144.078
179.73
180.14
182.495
178.351
181.412
181.153
178.311
194.224
181.208
180.654
181.386
179.834
191.598
182.128
181.963
178.538
179.776
221.168
220.68
222.77
217.153
233.313
216.601
217.948
217.981
217.68
204.001
179.237
181.546
180.71
183.103
191.217
182.53
181.332
181.104
177.319
181.069
182.65
181.379
179.96
177.229
196.222
181.58
178.813
181.716
180.332
193.28
182.384
180.233
180.296
182.176
215.101
184.002
183.503
177.811
177.579
215.209
213.911
177.854
177.452
180.834
164.627
148.504
144.009
145.219
176.772
177.039
191.312
179.337
181.026
180.919
178.456
180.24
177.218
176.681
180.675
177.002
177.217
180.887
176.242
180.113
178.853
176.567
192.805
175.415
176.58
174.696
176.08
190.359
175.365
176.333
176.076
177.176
177.984
175.172
176.116
176.934
174.348
176.57
179.448
175.765
176.643
176.534
176.901
188.616
178.753
176.708
176.641
173.906
190.305
178.583
175.542
172.573
176.034
179.298
177.115
176.959
176.728
176.844
177.783
180.787
175.932
176.634
175.642
176.349
187.508
174.691
176.397
176.931
177.206
191.495
179.22
176.722
176.761
176.116
185.192
179.255
176.12
177.714
176.26
188.404
178.074
175.139
176.333
176.026
176.738
191.105
176.206
146.783
178.978
176.504
189.25
175.626
147.069
154.519
181.213
177.145
192.895
176.02
176.802
176.561
175.563
189.517
176.979
177.343
175.896
176.667
186.44
176.1
176.637
176.465
176.598
179.969
176.373
174.086
176.895
176.326
176.177
193.58
173.596
176.126
177.342
176.395
193.64
175.187
174.15
177.056
175.831
190.892
177.442
174.277
176.631
176.995
191.544
176.023
176.013
174.419
177.122
176.454
218.96
175.397
174.713
176.317
176.474
192.108
178.847
176.534
174.089
177.539
188.242
176.02
176.016
174.171
175.779
178.922
178.84
176.407
176.434
176.819
188.239
180.062
175.435
176.702
177.629
176.557
193.187
175.444
176.267
181.797
176.781
193.413
174.847
172.769
145.869
143.046
187.448
176.55
175.695
172.447
159.114
176.701
173.647
147.441
145.206
146.183
199.481
208.552
195.476
152.319
144.39
145.317
148.953
144.908
144.73
144.709
143.989
165.522
146.224
146.671
144.9
145.72
156.366
146.635
144.229
145.09
144.527
143.841
146.538
144.383
146.25
144.335
144.574
155.828
145.104
143.931
144.577
144.238
157.285
149.017
144.386
144.713
144.135
144.242
160.027
144.246
154.601
159.33
154.054
215.233
179.898
164.887
151.341
150.324
150.328
158.969
154.09
153.589
155.227
148.171
183.107
161.125
150.449
135.507
131.067
129.356
129.184
141.991
148.289
131.339
125.732
123.507
122.222
122.554
144.529
131.477
128.619
128.777
129.085
127.253
127.293
140.59
134.114
131.26
130.812
130.181
130.137
130.812
140.263
130.571
129.15
130.377
131.567
132.623
131.51
144.118
128.878
125.786
124.77
125.723
157.095
146.501
148.77
135.194
128.707
130.373
129.653
148.904
134.674
140.749
128.842
128.335
126.899
127.934
127.005
128.064
143.471
130.718
128.358
127.745
126.948
126.488
127.276
142.598
128.977
129.719
127.964
127.834
127.691
131.721
142.722
129.783
129.044
127.401
126.722
128.265
127.008
136.899
130.945
127.01
127.78
128.342
127.543
127.026
141.227
132.235
128.129
128.635
125.973
127.463
127.57
139.029
130.298
127.491
127.276
126.959
127.102
127.098
127.845
145.793
128.526
126.832
127.341
128.081
127.723
127.891
141.481
128.186
126.785
126.581
127.223
127.299
127.51
142.5
126.845
128.029
127.449
128.148
126.695
126.627
132.352
127.765
126.317
127.76
126.053
126.714
126.497
142.146
129.923
127.303
126.073
126.379
126.176
125.82
144.24
132.158
128.124
127.643
127.127
127.714
127.11
140.535
131.156
126.846
126.514
126.284
126.319
134.605
136.556
128.186
125.843
125.025
124.054
123.935
124.289
148.819
192.299
155.355
143.849
143.935
144.667
145.691
148.72
145.005
144.517
143.929
143.986
144.209
157.888
146.522
144.518
145.331
146.326
144.326
152.429
136.607
132.161
131.664
131.055
130.806
130.777
135.859
133.961
130.963
130.914
130.547
130.133
130.755
145.763
135.507
131.417
130.785
130.201
130.758
129.965
145.899
133.842
133.813
130.777
130.695
129.678
131.44
146.995
136.45
131.113
131.019
130.247
131.57
130.691
140.463
133.057
132.111
130.959
130.916
130.668
129.766
130.31
133.122
131.182
131.104
130.858
130.153
130.468
130.49
142.641
131.216
131.624
131.444
130.37
130.054
129.873
146.44
131.768
131.257
131.185
130.914
130.981
130.939
142.832
132.121
130.568
132.042
130.778
131.877
130.381
148.848
131.4
131.269
130.09
131.055
131.105
130.795
144.977
131.516
131.688
131.263
131.266
130.864
130.829
135.931
131.63
130.615
131.306
130.193
131.487
130.688
145.946
145.305
156.855
141.793
128.854
127.08
125.847
145.646
126.057
124.473
124.903
124.37
124.251
125.165
130.731
127.257
125.952
126.815
126.387
126.584
125.696
140.327
129.395
126.515
126.443
127.083
126.083
126.046
141.706
130.809
126.81
126.772
126.138
125.77
125.927
136.199
129.15
125.835
125.963
126.717
125.986
126.061
126.027
139.835
126.424
125.75
126.163
125.561
125.421
126.133
140.25
127.014
125.351
125.427
125.883
126.545
124.779
141.515
128.697
126.834
126.039
125.992
124.789
125.807
135.527
129.226
126.193
126.44
125.636
125.017
125.327
137.775
129.898
127.513
125.916
126.147
125.382
124.974
125.782
142.11
126.845
126
125.615
125.245
124.865
126.063
145.297
128.106
126.858
126.241
125.047
126.084
125.398
137.8
122.676
121.839
120.495
122.353
121.006
121.556
132.228
127.972
124.255
125.519
123.504
123.1
123.885
123.741
138.103
125.601
124.042
124.064
123.354
123.635
123.405
138.708
125.401
123.787
167.55
149.963
123.841
119.609
135.948
118.692
117.33
118.09
118.15
117.381
116.794
117.335
135.971
118.016
117.285
119.353
120.102
118.772
117.594
129.486
122.297
119.006
118.879
117.096
118.608
118.017
118.497
131.844
119.584
118.518
119.206
119.75
119.183
119.243
118.671
124.998
118.325
117.107
116.65
116.71
117.952
117.174
126.307
120.759
119.684
118.406
117.558
117.861
118.575
119.674
132.045
120.211
118.926
118.448
118.223
118.883
118.196
119.073
133.991
119.163
118.617
118.785
118.261
118.589
120.195
128.65
120.957
119.474
118.92
117.902
118.861
118.354
117.151
123.857
117.191
117.117
119.243
116.316
116.698
116.725
116.313
132.313
119.874
116.683
117.612
117.23
118.288
117.218
127.522
120.893
117.662
117.624
117.225
116.981
117.389
117.125
129.145
120.404
116.379
116.226
116.868
116.79
116.663
118.067
122.292
118.488
117.351
117.533
117.322
117.568
117.054
116.953
132.136
118.166
117.935
117.603
117.408
117.796
118.625
129.864
120.114
116.935
116.373
115.777
135.293
172.638
152.703
139.359
132.909
179.672
179.242
180.1
193.219
179.378
176.915
176.676
143.101
133.128
150.299
133.604
132.613
132.414
132.568
132.066
132.098
142.86
133.206
132.353
133.31
131.571
131.398
142.951
135.781
131.666
132.548
131.642
131.622
130.955
141.139
135.534
133.206
132.024
130.879
131.279
132.701
140.755
134.761
132.153
131.284
131.864
131.053
131.111
138.156
134.33
131.937
131.658
131.573
131.301
132.072
137.395
134.523
132.401
131.041
131.045
132.13
131.311
136.252
134.149
132.848
131.593
131.987
131.81
131.708
136.725
133.278
132.463
133.697
132.137
131.071
132.217
136.337
133.591
133.079
131.689
131.555
131.278
131.462
137.059
135.055
132.575
131.699
131.083
131.571
131.294
137.243
134.439
131.546
132.896
130.43
131.66
131.895
142.357
133.296
132.391
132.163
131.928
131.558
131.035
142.927
133.193
130.55
131.705
131.137
130.255
158.178
163.832
137.944
143.979
136.634
135.703
132.926
197.474
180.767
178.219
141.729
132.32
132.475
146.927
136.906
133.708
130.891
133.383
132.869
131.839
141.193
141.892
132.337
130.89
131.014
131.733
131.007
144.51
132.565
131.535
131.391
132.141
131.405
146.032
147.488
133.73
134.395
130.941
129.624
131.783
132.144
146.359
134.226
132.211
131.841
131.514
131.518
132.617
150.139
135.682
132.454
131.747
132.15
132.211
131.72
144.361
133.737
131.876
132.207
131.212
131.181
131.835
146.15
133.126
131.625
131.385
131.622
131.251
131.007
146.701
133.486
132.405
131.044
131.511
130.788
130.386
147.862
132.775
131.672
131.439
130.373
130.439
131.479
148.226
133.778
131.001
130.503
131.976
131.335
162.843
180.286
139.826
139.411
129.468
128.232
128.434
150.496
134.039
129.483
130.345
128.391
128.26
128.228
140.485
131.546
130.499
129.822
130.199
128.478
127.733
157.738
220.241
164.454
122.68
112.124
111.867
127.542
125.223
116.836
117.194
116.087
117.645
116.632
114.783
130.607
118.505
117.222
116.95
116.53
116.258
115.234
114.406
130.653
116.704
116.52
115.927
115.702
115.438
114.526
114.55
128.494
117.165
128.888
141.125
119.255
115.161
114.145
128.682
123.582
118.114
115.197
116.445
115.218
113.277
114.151
138.141
120.135
117.353
118.298
118.214
117.684
118.09
118.68
139.194
127.061
121.733
118.476
118.49
117.868
116.989
132.725
122.359
118.74
118.361
117.534
117.661
117.113
118.366
145.383
122.499
118.548
118.521
118.529
118.118
117.955
120.932
122.15
118.15
115.894
116.686
118.225
116.169
116.121
130.129
121.029
116.899
115.96
116.178
115.907
115.318
115.642
131.074
118.387
116.647
116.584
116.236
116.331
115.555
115.446
139.699
118.349
116.664
116.342
116.725
116.334
115.585
127.739
119.479
115.989
116.577
115.805
116.211
115.849
116.16
125.823
120.5
116.518
118.566
117.768
117.91
117.426
117.567
128.728
116.565
140.268
160.871
126.196
119.748
118.542
133.901
119.75
118.259
117.651
116.682
115.692
116.79
116.672
129.909
116.905
116.186
117.214
119.395
118.96
118.025
126.644
119.454
115.14
116.05
207.762
143.532
130.585
146.053
130.263
128.973
128.576
126.576
127.572
127.159
140.365
129.836
128.797
128.549
128.545
128.477
128.51
141.71
128.762
127.698
128.551
128.278
127.82
129.319
140.695
129.439
128.537
126.465
126.379
129.105
128.854
132.804
129.761
128.286
127.532
128.537
125.944
127.457
141.212
131.003
129.473
128.387
126.907
126.719
128.242
139.538
129.111
129.28
128.314
127.561
127.312
127.476
138.483
131.361
127.714
127.381
128.173
128.037
127.872
129.196
133.912
128.514
127.421
126.546
127.511
128.516
127.451
144.678
128.637
129.746
129.572
129.677
127.888
126.124
146.655
128.961
129.153
129.194
128.838
128.594
128.207
142.167
127.959
128.079
129.139
127.914
128.543
127.598
143.15
129.994
127.518
127.267
159.337
158.146
153.159
175.076
181.039
177.379
178.298
191.725
181.922
224.773
191.681
180.2
196.451
181.791
176.194
179.404
177.695
190.828
182.392
178.591
178.769
179.927
144.581
147.671
137.105
135.379
134.519
135.812
135.311
135.207
151.701
135.367
135.059
135.665
134.456
134.328
147.066
138.63
134.282
134.927
135.007
134.443
134.081
147.658
138.3
134.788
135.293
134.51
135.017
133.647
151.749
136.745
136.317
135.317
134.729
135.012
134.563
149.449
137.079
134.666
134.97
135.52
134.266
148.187
137.721
135.915
134.679
135.408
135.448
134.296
145.012
137.923
135.314
134.932
133.907
135.999
134.732
148.504
136.214
136.11
134.101
135.656
135.105
134.549
146.014
136.155
134.9
134.769
134.75
135.274
134.783
157.244
136.721
135.995
134.204
133.857
134.625
145.88
139.011
135.214
135.829
134.038
132.865
169.133
161.715
135.114
128.575
128.345
127.272
126.591
127.177
141.836
129.388
128.844
128.142
128.158
126.758
127.596
138.714
128.495
127.875
127.422
127.631
127.376
128.224
135.818
129.475
128.198
127.06
127.303
127.076
126.662
127.281
140.733
128.579
128.552
127.626
127.917
127.575
126.683
142.648
131.31
127.996
127.172
127.092
127.038
126.107
141.271
129.969
127.211
126.383
127.151
127.5
127.857
131.821
130.908
126.828
126.489
125.975
127.353
128.171
128.054
138.318
128.805
128.458
127.746
125.678
126.924
127.099
140.113
127.553
128.716
126.953
126.446
126.239
127.325
136.93
128.936
126.056
127.281
126.468
126.106
126.474
127.704
130.69
127.141
126.654
126.069
126.052
126.26
125.561
146.735
128.479
127.051
127.91
127.669
127.409
126.169
137.587
127.393
126.173
127.376
126.166
126.497
126.928
136.248
129.511
128.543
126.54
127.71
126.85
126.453
125.882
137.019
127.308
125.601
124.485
125.38
125.013
125.256
165.037
154.56
147.735
144.928
146.389
145.123
160.252
145.884
144.45
143.285
143.945
144.73
154.08
148.076
144.615
145.924
145.102
145.573
144.29
159.341
145.843
146.221
145.57
144.523
144.594
158.329
145.436
145.178
144.892
144.456
144.447
155.737
148.129
143.676
145.974
145.707
145.342
145.078
150.155
144.781
144.608
146.041
145.373
144.393
155.114
144.39
143.699
143.532
143.996
143.268
158.923
145.691
144.676
143.12
143.947
143.421
156.209
148.564
144.263
143.959
144.621
144.703
144.711
156.767
146.088
144.844
144.037
145.293
143.826
158.703
137.93
136.85
136.61
135.928
136.594
137.509
156.026
129.307
127.565
127.187
126.508
126.841
128.01
141.328
126.75
128.939
126.838
128.109
127.625
125.998
153.685
128.623
126.904
128.272
128.034
127.46
127.48
139.247
128.196
124.802
125.448
124.405
125.885
125.715
140.532
145.824
174.68
157.259
153.252
149.98
171.41
153.066
150.943
151.233
154.071
152.282
157.875
151.649
148.609
154.131
153.787
150.793
169.917
152.23
149.488
150.398
150.787
152.805
167.905
153.389
150.703
152.811
151.22
151.475
164.36
159.788
154.535
154.212
151.741
152.913
167.502
152.825
154.108
156.398
154.381
154.847
169.189
157.399
156.059
158.663
149.921
132.116
143.162
134.309
130.445
129.339
129.881
129.64
130.398
141.126
137.048
129.629
130.815
128.771
129.578
130.021
133.894
132.292
129.687
130.747
130.215
129.349
130.327
141.914
135.127
130.488
130.443
129.938
129.823
129.202
141.602
134.363
131.014
129.55
129.235
129.863
130.071
141.797
133.43
130.856
129.379
129.995
129.221
129.235
141.811
132.414
130.516
129.524
129.331
129.225
129.667
141.815
134.11
129.529
129.289
129.698
130.615
129.485
140.877
135.557
130.074
129.006
129.74
129.65
128.654
139.788
132.877
129.685
130.275
129.566
129.021
129.307
140.847
132.188
130.845
149.367
132.846
131.099
130.379
149.22
131.169
127.971
127.292
127.131
127.607
125.595
140.488
178.161
171.863
172.748
197.804
142.763
185.387
172.062
172.366
171.655
178.245
161.439
172.886
171.139
172.797
171.707
139.968
186.997
174.88
171.94
169.072
172.104
163.535
146.983
135.658
135.838
135.123
135.644
135.271
150.275
136.312
135.761
134.816
135.181
135.304
139.59
174.499
170.706
172.597
168.868
139.869
147.137
137.496
134.308
133.078
134.733
134.561
134.91
152.103
134.793
135.194
134.398
133.195
133.399
133.757
150.166
134.616
135.899
133.978
134.612
134.028
146.555
138.261
134.813
133.541
134.297
133.439
133.843
147.418
137.807
134.658
134.943
134.006
140.104
134.98
151.601
135.198
134.401
135.157
134.655
134.175
133.4
149.38
134.645
134.194
133.786
134.632
133.969
146.465
138.136
176.36
172.594
172.898
173.319
189.269
174.552
174.091
172.534
172.831
176.372
175.804
180.724
175.625
142.6
134.097
148.591
135.846
134.6
134.595
134.431
174.588
185.289
142.747
132.805
134.158
147.719
191.905
159.719
142.837
128.257
119.214
118.557
118.552
118.962
138.505
123.277
119.141
119.932
119.792
119.988
118.923
121.138
133.573
120.576
118.345
119.003
118.718
119.62
118.997
129.436
121.653
118.536
119.101
119.601
118.862
119.123
118.511
132.296
120.912
119.003
119.157
119.631
118.593
119.771
119.548
133.902
119.941
118.452
119.592
119.725
118.405
118.8
136.266
124.245
119.544
119.09
118.661
119.652
118.388
118.453
132.067
119.948
119.424
119.596
162.805
143.465
137.881
143.957
129.978
127.703
126.383
126.24
125.873
126.702
146.932
129.707
127.885
126.118
125.052
125.73
125.493
139.244
127.589
127.501
126.615
125.481
126.07
125.803
136.916
127.799
126.924
127.294
126.693
125.843
125.691
141.579
129.292
125.22
127.373
127.708
126.479
125.586
125.927
130.014
126.98
162.946
130.121
130.148
150.819
141.113
138.084
133.316
150.943
132.053
129.536
130.008
144.74
130.733
134.182
130.065
129.689
137.704
129.857
139.241
134.706
129.794
132.119
134.297
129.827
131.968
133.463
130.438
129.79
129.767
129.707
129.727
143.214
134.087
131.193
129.956
129.021
129.987
129.904
140.646
131.221
129.629
129.76
129.27
129.455
130.294
141.496
131.662
129.58
129.313
128.477
129.523
129.051
144.751
130.15
129.89
130.17
129.623
130.38
129.65
144.843
129.039
129.262
129.726
129.135
128.052
130.174
141.309
130.266
130.78
128.949
129.299
129.915
129.091
145.815
130.572
129.109
129.953
129.129
129.15
129.36
143.963
129.212
129.045
128.771
129.099
128.519
129.425
140.586
130.185
129.492
137.204
128.714
129.152
128.48
140.684
129.724
129.035
128.728
129.376
129.132
129.226
145.814
129.16
130.079
130.199
130.442
129.146
128.804
146.318
129.585
129.99
129.015
129.49
129.75
129.79
131.761
130.098
129.59
129.93
129.413
129.065
137.335
131.761
129.463
129.639
129.162
129.603
129.364
138.832
133.272
130.044
129.96
129.102
129.203
130.807
140.751
132.337
129.31
129.082
128.359
128.797
129.108
137.463
132.406
129.562
128.386
128.814
129.352
128.637
133.671
131.704
128.949
129.878
128.29
129.274
129.302
134.104
131.801
129.485
128.259
138.473
130.492
129.43
139.565
132.317
128.567
128.323
128.778
128.984
128.152
140.769
131.174
130.14
130.639
128.326
128.021
129.217
142.292
130.266
130.232
129.169
128.65
129.135
129.27
143.408
130.612
129.069
129.442
129.781
128.814
128.138
143.103
129.978
129.005
129.661
128.874
128.276
129.252
142.067
129.67
129.95
128.711
130.312
128.792
128.76
141.998
129.117
129.953
129.84
128.056
129.004
128.76
136.324
128.457
129.034
129.417
129.246
128.168
129.947
133.513
128.834
129.015
129.851
129.196
129.67
129.493
143.504
129.346
128.59
129.319
129.419
128.684
128.285
135.896
129.154
128.42
129.653
128.23
128.738
128.784
133.406
134.558
129.169
127.918
128.855
128.363
129.983
133.907
129.569
127.836
129.037
129.223
129.443
127.761
143.157
129.49
129.956
128.643
128.637
129.099
128.72
132.941
128.585
129.547
127.846
128.725
130.399
129.092
143.551
130.458
128.11
128.673
129.33
128.988
128.27
143.47
129.894
127.829
129.822
127.717
128.196
129.412
134.416
129.169
129.535
129.21
128.291
129.349
129.599
140.64
130.469
128.942
128.02
128.146
127.698
128.257
141
129.996
129.015
129.226
128.687
128.423
128.601
133.76
129.178
128.691
129.457
128.487
128.266
127.718
140.982
128.203
151.594
146.609
145.852
143.886
176.522
179.166
175.605
176.032
180.523
187.503
182.624
178.696
176.272
176.805
175.812
191.294
178.994
176.187
175.788
176.45
191.097
178.432
176.216
175.956
176.847
188.845
178.712
177.106
176.189
176.206
179.882
177.944
179.936
179.291
176.109
176.775
180.675
176.243
176.23
179.866
175.825
193.827
176.24
176.3
176.117
176.311
197.367
175.354
176.561
176.835
179.525
191.027
178.756
179.836
180.605
176.567
178.071
176.303
177.059
179.769
176.369
191.105
180.83
178.643
176.333
176.184
176.299
192.41
179.434
177.305
179.872
176.424
215.317
178.669
176.621
175.979
176.615
192.727
178.823
176.594
177.887
176.471
190.326
177.924
180.519
177.356
176.113
182.471
179.975
176.13
178.182
176.126
187.506
180.444
178.685
177.181
177.526
175.795
193.323
179.196
179.747
177.871
175.261
192.246
179.986
175.474
178.084
175.506
190.106
178.24
176.267
176.17
176.266
177.182
175.252
177.199
179.782
177.105
186.565
180.041
175.679
176.531
168.228
144.087
191.668
173.367
174.546
175.196
142.365
140.306
171.635
171.905
171.247
171.048
141.319
185.002
169.971
169.265
169.358
168.158
137.906
167.668
179.023
175.725
173.242
135.985
129.269
195.801
171.611
173.319
172.29
136.605
135.57
135.171
131.989
131.952
130.218
131.43
131.514
136.032
134.239
132.212
132.065
131.575
131.505
131.25
145.072
133.428
129.619
127.762
128.653
127.491
127.734
133.052
138.234
133.138
132.157
130.882
131.869
131.822
143.349
134.843
133.259
131.709
131.832
131.15
136.356
146.191
134.94
132.521
132.434
131.498
131.774
130.376
142.41
130.051
128.31
127.859
127.73
127.595
127.608
141.83
129.674
118.171
115.247
116.574
115.535
116.263
115.25
129.864
116.708
115.351
115.729
115.508
115.514
115.957
115.986
130.342
116.903
115.668
115.509
114.833
116.056
115.541
127.911
119.027
116.88
115.668
117.086
115.884
116.837
117.526
125.442
119.404
117.43
116.302
115.379
115.451
116.103
115.924
128.817
117.523
115.304
115.649
115.391
115.494
136.777
162.257
138.399
131.481
131.09
130.961
129.509
129.193
140.498
129.935
130.104
128.367
128.633
128.229
129.306
140.032
126.683
129.051
128.954
128.835
128.146
128.383
130.312
141.676
129.909
128.464
127.949
128.381
129.086
129.545
140.76
131.174
128.915
129.169
129.04
128.58
128.465
142.05
131.74
129.265
128.827
129.096
129.163
129.028
143.878
129.699
128.999
128.594
128.303
128.458
127.968
140.681
131.027
128.483
129.102
127.715
128.968
127.589
139.915
128.155
130.519
128.08
128.472
128.228
127.992
138.412
132.371
129.951
128.279
128.491
128.684
128.203
128.102
145.024
129.896
128.61
128.246
127.992
128.681
128.797
140.24
129.685
129.71
128.278
128.582
128.103
129.214
142.389
130.456
128.33
129.307
128.116
128.072
127.939
142.813
129.417
129.118
129.851
127.973
128.389
128.64
140.844
130.755
123.913
128.108
129.195
145.422
138.382
146.907
133.012
134.94
132.206
132.336
132.252
132.455
145.322
131.19
128.137
128.002
129.072
128.366
127.975
164.646
234.119
206.218
205.024
255.711
265.915
237.356
237.335
275.943
237.148
221.249
208.532
207.312
204.255
235.535
252.457
240.94
207.219
239.107
219.444
239.187
217.526
237.343
239.037
237.685
239.552
220.187
222.533
260.732
238.709
234.983
266.211
219.97
210.59
221.507
206.987
234.817
210.891
211.312
247.074
236.705
237.061
237.02
223.805
235.241
238.931
252.13
265.103
216.499
206.815
262.096
239.455
238.93
220.535
209.594
256.678
239.596
251.793
220.34
205.349
235.529
250.31
209.283
204.623
238.062
252.447
219.732
196.658
203.52
212.744
240.453
232.585
229.518
233.141
187.545
171.452
170.177
170.144
157.693
131.24
170.092
170.802
169.798
140.667
138.074
174.562
169.278
170.685
170.145
162.756
172.254
171.715
139.785
138.499
167.578
194.234
171.141
167.411
167.481
171
167.202
143.488
140.8
133.058
124.993
126.611
125.564
139.483
127.607
126.899
125.125
125.91
124.502
124.773
138.915
135.988
127.79
125.985
126.204
126.41
126.895
125.325
137.128
128.77
125.459
124.77
125.204
125.395
125.769
139.7
126.431
125.834
125.817
124.866
124.716
125.083
136.807
128.048
125.141
125.995
124.65
124.737
124.743
125.018
142.167
131.006
126.808
126.103
125.014
125.859
125.153
140.256
127.025
126.26
125.729
126.014
125.899
125.177
137.652
131.558
125.889
125.729
127.41
125.017
125.375
125.793
136.319
127.201
126.652
126.148
126.144
126.848
125.82
138.765
127.53
125.546
125.829
125.91
125.208
125.646
136.328
129.519
126.079
126.812
124.593
126.476
125.819
124.945
135.096
128.572
125.964
125.678
125.191
124.667
126.02
139.05
126.307
125.742
126.117
126.906
126.288
125.84
138.023
128.421
125.431
124.667
125.668
125.211
126.478
125.679
130.796
127.251
125.041
125.034
125.351
125.204
124.928
136.61
127.503
126.608
125.576
124.662
126.644
125.609
124.77
138.37
127.681
125.271
126.195
125.408
124.397
126.307
138.875
127.86
125.85
125.489
124.963
126.915
125.144
136.529
126.745
125.774
126.223
126.265
126.324
125.775
125.459
129.296
125.115
125.853
125.997
124.773
127.066
125.576
139.39
127.431
125.399
125.034
125.887
125.396
125.81
137.205
127.591
125.85
125.175
124.683
125.552
126.565
125.328
135.922
127.122
125.564
124.392
125.609
125.288
126.936
139.395
127.584
125.488
126.514
124.891
124.523
125.086
137.077
127.022
126.16
125.515
124.944
126.347
124.846
126.4
129.615
125.973
125.391
124.476
125.438
124.549
124.897
139.567
127.299
126.367
126.565
125.128
125.278
125.525
136.169
127.848
126.286
124.783
125.864
124.911
124.784
124.95
142.15
126.695
127.483
124.392
126.277
126.294
126.117
133.026
127.974
125.736
126.641
126.818
125.378
125.651
130.19
127.607
126.103
126.709
125.385
125.732
125.895
125.681
137.976
126.451
126.036
125.831
126.174
126.358
124.62
140.226
126.966
124.821
125.954
126.599
126.13
125.028
139.586
131.103
127.459
125.628
125.221
126.478
126.371
126.093
139.814
125.218
126.255
126.236
126.464
125.606
126.316
138.325
125.479
125.549
125.452
126.133
126.311
125.768
139.724
131.061
126.006
124.667
125.582
125.848
124.33
126.28
141.371
126.417
125.903
125.847
126.315
127.209
125.94
132.566
127.811
126.03
125.976
126.02
126.592
125.979
130.23
127.195
126.574
125.468
124.996
124.987
126.743
124.503
138.057
128.215
126.217
125.071
124.823
125.272
125.176
140.743
137.128
127.807
125.916
125.595
125.278
126.35
131.176
137.311
130.13
121.946
121.772
121.635
120.887
121.225
137.843
123.35
120.549
121.286
120.585
120.442
121.471
126.369
125.019
121.518
120.453
120.77
127.523
123.865
121.445
136.821
125.646
121.703
121.092
121.717
120.495
120.743
128.247
125.272
121.777
120.339
120.877
121.164
120.587
120.653
136.213
123.504
121.017
120.776
120.177
120.132
121.217
120.483
141.865
129.057
128.475
127.32
127.43
127.092
127.339
139.807
130.325
127.093
128.168
127.172
126.344
128.144
143.468
122.681
122.394
120.722
120.984
121.495
120.957
121.034
141.218
128.018
126.22
126.251
125.438
125.983
126.538
141.757
126.455
126.099
124.947
125.326
125.305
125.97
130.114
127.73
126.624
126.358
125.843
125.242
126.593
125.799
138.716
126.532
126.481
129.862
130.115
125.453
126.405
133.149
126.115
125.62
125.837
126.553
125.836
125.194
139.356
131.26
127.217
126.722
125.549
126.006
125.531
124.996
128.864
125.943
125.422
124.724
124.944
124.635
123.456
162.07
152.721
129.62
127.05
127.524
128.684
128.533
142.666
127.37
128.221
127.602
125.412
126.131
125.817
143.524
128.026
127.627
127.837
127.545
126.986
128.333
155.364
138.842
135.367
168.651
176.249
175.972
193.596
176.623
224.023
224.936
242.128
229.913
187.917
223.492
222.08
231.677
223.746
225.738
183.956
192.791
176.389
177.487
177.78
177.18
194.456
176.332
175.659
178.081
177.611
194.054
176.42
179.739
177.728
177.042
190.775
178.624
183.983
176.459
176.116
188.504
178.164
175.604
177.412
176.162
185.634
216.469
215.719
216.654
229.444
228.993
184.346
181.671
176.543
188.727
178.541
230.482
227.447
185.211
191.529
175.684
176.601
180.327
176.828
192.949
179.367
176.351
179.698
177.089
192.612
178.447
176.032
176.296
177.966
188.674
178.841
175.789
176.426
177.346
180.968
179.364
175.634
176.041
176.302
179.848
176.646
218.187
215.037
219.426
265.262
153.653
129.388
126.635
127.885
127.694
151.695
139.512
165.773
173.526
173.719
185.869
212.38
211.918
195.233
153.325
147.217
135.238
133.276
133.205
132.832
132.504
130.518
141.385
133
130.319
129.473
129.021
129.533
129.397
141.175
132.266
130.362
129.105
130.113
129.491
128.793
140.43
131.497
129.921
129.813
129.295
129.028
128.488
128.398
133.647
128.529
129.168
129.019
129.901
128.73
128.833
137.77
132.16
128.705
129.162
128.648
128.678
129.157
144.567
129.96
130.294
128.994
128.334
129.145
128.818
144.194
