475.824
393.708
286.214
263.339
260.8
340.709
308.218
311.578
325.32
267.1
294.439
304.596
274.556
315.455
312.113
312.047
235.213
247.136
227.7
241.335
187.837
199.986
203.048
206.305
197.225
195.868
200.772
240.621
239.686
238.832
253.74
239.422
238.098
235.848
239.932
236.714
234.68
233.484
246.636
229.99
227.081
223.187
239.898
223.617
346.564
373.394
344.869
337.97
349.831
273.048
323.828
364.11
326.212
326.032
358.744
325.967
333.548
396.98
376.904
412.61
376.413
287.298
359.247
322.505
318.108
325.935
342.807
272.33
267.47
219.334
263.141
226.646
229.036
216.637
215.355
213.282
239.347
219.06
217.607
216.868
227.671
218.76
214.958
213.851
214.305
228.23
217.095
215.751
213.083
223.382
236.26
232.441
216.968
252.053
216.856
215.746
214.272
227.896
220.45
233.099
216.615
212.928
226.481
234.412
234.188
223.253
230.028
220.327
218.624
222.014
258.402
223.054
220.422
223.487
266.907
232.294
227.124
225.602
244.354
226.631
226.052
224.635
237.877
231.367
226.579
228.192
259.645
224.548
211.706
220.91
213.163
227.993
214.733
215.407
213.162
253.577
219.34
219.849
215.816
237.175
226.98
219.869
218.06
232.873
227.912
216.643
225.021
227.051
221.857
218.543
215.594
219.785
242.733
226.144
221.623
223.21
236.928
225.149
229.461
224.206
249.4
237.126
235.584
235.621
248.43
233.69
235.314
235.147
249.21
233.479
224.708
232.781
240.758
225.822
222.114
221.183
237.133
222.472
224.54
224.005
241.292
223.953
220.676
223.773
248.035
226.516
234.456
222.736
225.237
243.628
225.377
225.065
226.733
249.048
225.045
224.018
235.141
240.632
225.153
224.862
223.742
237.252
223.265
223.752
221.84
240.631
221.964
223.749
224.715
225.921
233.891
225.159
226.568
237.734
224.64
226.002
223.415
236.318
240.026
221.903
225.543
224.75
228.344
224.484
220.859
223.627
240.552
216.675
201.728
228.838
251.244
237.359
238.526
233.025
263.562
222.867
225.179
233.884
246.628
226.131
221.753
237.834
250.922
234.141
225.614
236.671
241.256
236.521
233.686
224.554
252.14
236.814
231.412
235.669
251.651
236.36
225.734
234.958
249.079
237.68
226.047
222.778
238.415
225.831
225.903
222.579
249.005
236.643
235.752
234.39
249.399
266.996
222.748
238.098
251.163
233.967
246.804
236.841
252.818
235.312
240.651
238.324
246.91
235.521
244.747
238.598
251.566
238.549
238.249
228.353
236.857
220.341
230.336
228.962
267.027
250.045
255.702
195.779
200.711
185.139
184.493
184.765
185.051
200.658
184.284
183.425
186.473
192.543
199.497
183.28
183.761
186.388
183.141
200.147
185.31
182.759
186.492
185.365
189.214
184.644
184.748
184.678
186.071
190.238
185.283
185.51
183.869
186.056
189.156
183.099
182.892
185.509
184.015
187.288
183.944
183.678
184.019
182.619
187.181
185.79
185.928
185.783
184.133
198.312
247.287
239.842
261.332
244.817
205.773
195.979
195.872
211.214
199.017
195.4
195.996
194.339
214.747
196.309
196.383
196.428
206.052
198.419
196.387
196.333
195.561
208.697
197.615
196.874
193.794
195.229
211.386
196.303
197.175
195.078
208.086
196.941
197.821
196.327
195.948
209.674
196.14
197.883
197.824
197.009
201.243
194.51
194.83
196.794
194.867
211.722
195.89
195.893
196.751
208.323
197.745
196.336
197.34
195.795
208.805
196.618
195.933
197.479
196.468
210.466
195.385
194.59
196.675
206.177
196.55
194.053
196.225
197.47
210.483
196.892
196.537
194.553
197.786
211.433
196.336
196.433
198.136
196.577
208.03
196.996
195.646
195.722
206.657
196.562
195.241
193.66
268.158
288.287
334.014
303.99
265.458
250.408
229.942
230.991
205.485
184.497
183.534
183.668
182.444
197.981
182.691
183.407
182.462
183.367
196.484
184.297
181.292
181.812
182.225
195.063
183.304
183.367
181.977
182.763
197.669
183.114
183.028
183.628
181.505
196.431
183.34
184.056
183.437
183.17
195.707
182.309
182.296
181.514
182.556
193.504
182.116
183.482
182.402
181.978
203.274
182.865
182.663
181.462
182.793
192.785
182.207
182.552
183.571
183.962
194.396
182.348
181.827
184.146
181.376
196.591
183.076
181.894
182.959
184.601
196.798
181.984
183.431
182.82
183.429
196.155
183.385
182.261
184.192
182.335
195.294
183.418
183.915
181.756
181.694
197.102
183.007
181.977
181.779
183.007
197.563
181.697
182.583
182.303
184.259
197.72
184.124
182.026
182.268
182.435
197.483
181.695
182.916
183.198
183.011
197.664
182.929
192.705
185.045
183.236
197.729
182.081
183.013
183.668
182.82
196.727
182.861
182.137
183.08
182.492
197.539
182.599
181.827
182.946
184.985
196.297
183.084
181.537
182.792
184.354
195.846
183.972
182.45
183.222
182.756
193.54
183.018
182.886
182.342
183.389
188.282
184.708
182.946
182.262
185.135
205.824
187.853
182.849
182.82
184.073
187.736
183.706
183.836
182.653
184.597
192.767
192.366
187.985
184.512
185.059
188.469
183.662
183.166
182.579
183.969
193.934
185.9
182.7
182.696
184.274
195.221
192.38
184.189
183.852
184.55
191.104
184.946
182.973
181.611
184.631
193.747
184.367
182.787
208.684
201.841
207.747
193.611
222.93
259.243
267.395
264.424
258.903
254.371
274.169
247.348
254.497
255.432
274.479
256.939
256.581
269.517
259.994
258.172
255.53
275.546
261.349
254.581
254.68
259.907
237.724
235.749
235.158
244.447
237.617
238.108
251.145
237.006
231.257
243.612
233.553
237.957
244.932
248.157
269.422
258.021
254.649
255.507
262.586
257.891
256.667
276.931
235.828
231.993
231.595
247.716
236.576
233.61
244.898
256.496
236.688
233.754
244.831
267.031
256.015
255.8
255.151
276.354
257.897
255.644
255.857
260.517
256.414
256.121
266.897
257.827
255.301
256.186
265.394
257.461
255.779
268.534
257.085
254.742
255.06
269.097
259.502
255.228
255.698
244.27
256.323
255.759
222.197
205.582
182.772
183.043
182.058
182.817
197.496
182.636
189.052
182.334
181.771
198.546
182.883
181.891
182.622
182.008
197.997
182.783
182.631
182.477
181.883
194.999
182.666
183.851
182.429
181.296
203.615
203.637
195.323
234.334
253.159
238.482
239.806
232.206
252.703
234.535
236.214
234.3
251.229
235.846
233.962
233.325
251.866
233.038
233.821
232.186
246.703
233.576
310.49
320.594
309.776
310.022
326.326
309.226
308.405
310.746
308.955
312.172
334.068
310.737
330.363
310.134
309.942
318.532
312.077
294.462
309.966
274.193
257.955
264.877
277.811
252.252
313.683
326.915
309.696
312.535
309.842
312.447
280.257
311.742
298.48
319.863
309.235
313.151
314.763
310.02
285.467
308.877
308.996
309.394
326.989
309.549
328.65
313.267
310.957
318.781
314.047
312.363
326.008
310.66
254.095
323.143
314.198
312.296
326.169
311.103
310.373
258.324
306.89
310.546
309.429
312.432
313.497
277.864
310.219
311.958
308.953
310.259
279.942
315.212
313.717
326.262
309.446
267.493
318.549
311.991
240.848
248.969
232.312
232.244
232.353
211.805
303.673
307.157
250.604
249.418
316.262
310.114
315.118
272.036
324.859
316.406
310.221
322.909
317.924
309.28
314.056
317.777
309.092
315.383
312.352
308.866
317.473
313.153
326.472
310.659
309.042
326.331
306.83
309.878
320.072
309.232
309.944
325.828
313.943
322.382
309.326
316.792
322.312
312.71
308.748
314.637
309.217
310.101
282.171
309.688
261.698
312.529
310.206
313.277
322.659
309.166
293.852
342.072
307.623
289.383
306.637
310.17
277.216
310.36
306.604
317.853
308.968
305.793
316.226
306.535
305.954
308.246
310.905
274.986
320.49
234.633
223.12
255.596
286.319
306.411
243.77
298.768
285.83
273.384
323.835
310.58
322.262
311.196
309.861
321.274
308.567
308.302
274.247
316.615
306.884
326.36
308.52
309.987
316.396
308.181
238.191
320.984
311.625
305.407
319.238
317.28
305.636
327.061
318.667
309.27
309.87
309.808
305.921
310.803
307.515
325.837
310.634
307.726
316.402
311.798
307.476
328.252
299.69
247.44
327.041
310.878
308.384
310.729
309.548
306.88
311.16
309.662
280.794
310.149
310.569
319.82
309.975
306.648
320.66
309.785
306.338
311.282
296.378
299.655
322.11
304.69
307.368
315.721
275.685
315.823
270.82
268.75
309.344
313.84
307.109
312.268
307.23
307.217
310.201
307.494
310.378
318.878
307.172
310.53
312.121
308.126
309.601
337.148
307.218
310.477
309.386
307.34
307.886
310.132
310.021
304.66
310.866
310.241
326.206
311.492
311.021
322.361
309.891
310.503
327.396
305.894
325.816
314.216
315.932
295.48
305.797
314.49
323.443
309.814
310.494
315.998
309.901
306.557
313.073
310.335
310.697
311.124
305.573
324.883
309.877
306.838
286.589
312.432
310.88
310.129
309.894
305.404
328.022
309.713
310.318
321.852
309.665
304.511
326.913
305.88
322.751
314.089
305.507
318.793
314.062
305.589
324.168
312.881
310.384
312.688
312.059
305.691
307.455
350.303
311.966
305.557
238.99
305.671
322.326
312.891
304.083
304.451
304.765
305.031
244.093
224.809
227.29
229.746
306.425
311.816
306.519
306.901
307.136
290.459
307.887
306.981
288.828
307.097
308.387
292.286
303.008
307.058
304.585
306.964
236.355
244.061
227.993
225.381
226.933
250.184
227.281
227.844
232.024
252.281
189.734
225.036
254.47
284.219
255.234
264.772
234.646
216.985
223.322
252.601
264.043
270.396
263.336
263.756
287.251
263.792
268.917
264.256
267.682
311.408
239.337
314.265
306.238
320.423
311.254
306.55
277.175
309.359
305.454
254.091
273.445
249.863
332.572
319.059
251.804
251.919
215.007
251.422
250.546
220.092
204.658
189.386
180.854
180.252
182.204
188.314
186.017
180.1
180.192
180.573
190.522
183.749
179.912
180.062
178.991
179.1
189.857
181.668
180.131
181.96
181.179
186.896
180.727
181.305
179.843
178.703
212.289
181.469
179.741
179.535
178.541
211.649
181.365
180.38
180.937
180.23
239.739
222.905
182.997
179.806
191.97
196.625
180.058
178.277
178.262
198.453
185.817
180.557
179.462
179.853
189.844
181.288
175.576
176.878
176.906
175.369
196.695
176.765
176.891
175.64
174.617
204.806
180.601
180.397
180.094
179.559
198.891
181.203
180.016
178.252
178.903
194.976
179.622
178.083
180.24
178.68
191.318
177.877
176.594
176.621
175.75
195.169
185.958
177.186
178.337
178.65
177.794
202.392
179.702
177.212
179.02
178.784
193.206
178.226
176.612
179.956
179.015
196.836
178.837
177.765
177.678
178.517
201.216
182.01
178.081
177.688
178.121
192.367
178.974
178.893
177.661
177.608
194.46
182.069
179.161
178.887
178.048
177.844
188.451
179.459
178.696
177.936
177.534
210.861
179.73
178.423
177.861
177.065
189.414
178.932
178.392
179.465
177.116
191.221
178.711
178.972
178.406
177.301
189.618
180.608
178.77
178.493
177.463
192.671
181.251
178.954
177.909
179.356
176.931
190.316
179.277
178.406
178.325
178.702
189.127
179.104
177.089
176.334
177.991
194.445
179.198
180.136
176.845
177.344
192.692
178.289
179.411
177.119
177.807
187.14
180.021
178.741
177.854
176.238
191.886
181.468
179.322
178.484
176.809
178.032
192.632
178.985
178.814
179.207
177.618
196.135
180.771
176.957
178.547
178.31
191.12
181.017
178.259
178.096
178.878
192.223
180.933
195.128
181.313
178.783
208.361
182.797
178.704
177.868
178.844
194.302
183.928
178.92
178.721
179.027
189.82
181.775
179.308
178.825
178.582
186.529
195.037
178.536
177.426
177.041
178.71
191.883
179.194
179.539
177.618
178.752
193.215
180.166
178.328
178.12
176.191
193.011
178.935
177.146
178.126
178.371
190.8
182.404
179.029
177.844
177.759
178.43
181.266
178.777
179.251
178.33
178.401
193.3
178.836
179.812
179.513
181.172
195.726
180.979
180.551
179.679
181.852
192.168
180.381
178.306
177.609
178.861
193.757
178.79
179.682
178.58
185.491
191.841
178.86
179.492
178.548
179.065
192.277
181.525
178.633
179.573
178.752
179.057
192.418
178.322
177.811
180.591
181.282
192.672
179.993
179.809
179.128
179.381
195.348
179.335
178.941
179.083
179.858
193.61
180.629
178.084
178.665
179.612
190.65
180.084
179.071
178.914
178.166
191.382
182.142
177.645
179.378
179.003
178.503
193.429
178.917
178.795
179.97
177.822
191.224
180.102
179.955
178.158
179.145
190.713
179.345
178.653
178.634
177.857
192.737
178.659
180.505
178.46
178.229
188.733
179.432
179.114
177.914
178.226
190.629
180.524
178.629
179.533
177.162
178.259
191.988
178.457
178.476
177.757
178.102
199.778
180.241
179.275
180.043
182.004
185.311
179.826
177.736
177.962
177.888
192.014
178.413
176.747
177.583
179.182
190.329
181.66
178.118
176.942
178.901
178.476
189.932
179.105
177.237
177.267
179.492
190.505
178.65
177.222
177.858
177.971
190.657
178.135
177.263
177.403
176.559
193.958
177.996
177.628
177.528
177.721
191.261
181.491
177.631
177.384
178.363
178.305
180.882
177.594
177.585
178.379
178.948
192.581
178.469
176.217
178.537
183.515
195.649
179.48
178.416
178.136
178.109
187.56
179.568
177.874
177.128
177.237
188.419
178.364
176.979
176.779
178.216
192.598
180.21
179.814
176.846
176.999
179.05
191.199
177.681
178.355
177.883
177.464
194.108
178.259
178.643
177.332
179.153
189.739
178.64
179.365
177.985
179.672
189.056
178.004
177.621
179.425
180.478
191.174
181.832
177.032
178.536
179.681
177.323
192.542
178.518
177.474
179.867
176.779
188.855
178.138
177.42
179.72
177.513
190.338
179.188
177.835
179.151
177.7
190.042
179.905
178.482
179.356
177.339
192.135
180.488
179.068
178.078
177.403
178.001
191.843
177.501
178.78
177.639
178.359
190.341
177.396
178.362
178.202
177.158
190.255
177.303
179.008
178.426
177.035
192.187
178.423
179.318
178.743
177.24
197.887
179.389
178.59
177.908
177.631
176.764
191.756
179.004
182.361
229.397
197.077
182.277
179.392
178.009
178.325
177.251
182.786
178.659
179.359
178.834
177.492
191.883
179.833
178.147
179.131
179.228
193.744
179.76
178.864
177.594
178.485
189.828
178.6
179.166
177.865
178.289
188.695
179.047
179.552
177.386
179.198
190.003
181.247
178.888
178.034
178.724
178.557
192.963
180.003
178.433
178.923
177.57
190.028
178.566
178.278
176.691
179.432
191.405
180.003
178.052
176.551
176.748
189.637
180.484
178.015
181.006
178.015
200
222.15
215.799
227.395
227.929
223.266
217.436
184.284
180.284
193.798
176.677
173.002
171.324
173.434
171.443
190.748
177.263
174.62
175.455
176.879
197.808
177.546
175.26
176.413
176.24
194.148
177.982
177.246
175.992
175.736
196.983
177.477
176.688
175.628
174.18
189.718
179.907
174.941
175.567
175.329
176.739
191.877
176.976
175.479
176.468
175.114
197.13
177.727
176.291
177.029
177.908
198.055
179.864
177.39
179.552
178.042
190.942
178.542
177.065
176.353
176.285
191.964
180.929
178.039
176.184
177.48
177.775
190.921
176.792
176.354
175.299
177.293
183.004
178.099
176.334
176.749
177.003
191.107
177.625
177.177
176.852
175.285
193.164
182.784
176.584
177.603
176.969
177.51
179.685
176.38
177.239
177.484
175.579
191.222
177.273
175.923
176.307
176.154
190.552
178.123
176.132
178.189
177.363
189.198
177.133
176.521
175.589
175.529
189.567
179.369
177.131
176.451
177.103
175.372
190.759
178.069
176.652
174.419
176.5
192.292
176
177.121
176.461
177.082
189.657
177.72
177.037
175.542
176.25
190.563
178.379
177.403
176.581
175.492
176.511
188.611
178.463
176.274
175.41
176.027
190.957
178.307
176.464
176.364
174.335
188.852
177.5
176.296
175.044
175.726
190.061
182.482
175.642
173.105
175.907
175.763
192.761
175.907
174.068
196.45
209.993
203.989
183.523
186.745
204.176
242.633
246.359
253.536
243.021
268.826
195.774
186.676
182.859
185.271
197.282
183.418
184.517
183.01
181.791
197.382
183.541
183.344
182.919
184.173
196.64
183.127
184.534
182.516
182.329
197.933
182.522
184.557
183.383
182.219
198.956
182.539
185.548
182.492
183.098
198.774
183.539
183.662
182.736
183.331
197.368
183.046
182.285
184.775
183.945
198.192
184.073
183.304
182.492
180.409
195.076
187.094
245.981
247.391
278.23
249.145
193.631
184.619
195.732
184.518
183.16
182.903
182.599
191.046
183.962
181.965
181.95
183.222
192.717
181.56
181.674
182.319
183.06
196.977
182.267
182.672
185.464
183.25
196.594
184.14
182.843
182.254
182.694
182.612
186.882
182.732
182.519
183.315
183.304
187.761
181.951
183.337
183.641
183.953
186.224
182.793
181.39
182.827
181.463
198.105
184.667
181.597
181.894
183.171
195.629
182.354
181.048
181.518
181.686
195.554
183.525
184.069
182.956
183.953
203.334
203.972
177.466
177.25
175.998
200.237
177.113
176.682
175.535
175.33
196.251
176.929
176.648
175.668
175.722
193.205
177.624
175.872
176.111
176.199
189.781
181.106
176.155
177.3
175.28
175.581
192.601
177.821
176.246
177.033
175.001
198.005
177.788
177.492
177.178
176.011
191.535
178.183
175.975
175.312
175.015
193.195
178.112
175.749
174.783
177.07
188.879
181.783
178.056
175.718
175.211
175.644
193.457
177.804
176.213
175.593
177.526
186.622
175.671
177.132
175.225
175.286
187.906
177.915
176.613
175.56
175.25
191.761
182.026
177.547
175.674
177.689
177.362
181.544
176.979
176.01
175.966
175.616
191.849
175.828
176.186
176.275
176.264
189.537
176.955
175.776
176.747
176.249
188.293
179.054
175.595
175.608
176.676
188.745
179.575
175.554
175.24
175.19
175.849
190.252
176.761
175.211
176.263
176.134
189.848
176.498
175.346
176.254
175.373
189.063
176.637
176.874
175.514
176.463
190.181
178.386
175.886
176.381
176.462
177.039
191.401
198.777
177.807
175.391
178.597
186.853
175.942
176.613
176.921
177.574
189.413
176.665
175.504
176.488
177.158
192.988
177.973
176.038
176.748
178.221
175.665
180.056
176.373
176.05
177.754
174.636
186.201
176.149
174.766
176.597
181.944
191.521
178.111
176.784
175.805
177.006
188.346
177.118
176.159
176.477
175.842
188.113
179.758
176.246
177.004
177.937
175.744
189.01
177.797
178.44
176.195
175.518
189.957
177.43
176.36
176.233
181.041
243.812
181.55
178.03
175.853
175.848
190.868
176.802
175.445
176.694
175.689
186.107
179.912
176.607
177.582
176.464
176.417
182.479
178.052
177.68
178.112
177.506
191.214
177.954
177.446
192.861
179.233
190.625
179.097
179.304
178.405
178.516
191.28
179.922
180.165
176.772
179.457
189.416
179.932
180.434
178.492
178.468
194.438
181.43
179.632
178.564
178.044
180.236
187.92
179.097
178.411
178.616
179.652
193.019
179.304
178.525
178.601
178.251
194.322
180.04
179.648
179.831
178.869
193.503
179.831
178.316
179.555
177.864
192.895
180.518
179.226
178.917
178.981
195.596
183.699
179.271
178.425
178.613
188.543
179.92
179.024
178.85
178.562
179.207
193.947
180.32
179.939
178.475
179.98
178.807
178.886
179.102
177.42
180.344
194.893
177.746
177.773
177.871
179.368
189.496
179.163
178.609
178.566
179.037
193.753
181.002
179.535
179.9
179.466
178.325
193.34
177.908
178.081
180.521
179.37
190.074
177.623
178.681
180.176
178.943
191.29
179.593
176.988
179.548
178.946
192.597
179.742
178.212
177.452
178.867
195.668
182.88
177.616
179.043
179.484
188.635
180.173
179.825
177.963
178.145
178.788
193.305
178.689
178.655
178.539
178.715
184.062
179.066
179.192
179.069
178.396
193.101
178.897
179.47
178.573
178.182
192.344
180.52
179.5
179.648
178.074
194.962
180.357
177.295
179.512
178.522
178.021
191.394
179.598
179.196
179.355
179.318
192.066
178.342
177.713
178.302
177.213
193.583
178.602
180.557
179.377
177.978
189.526
179.178
179.596
177.748
177.981
189.696
179.286
181.989
178.715
179.217
184.146
180.033
180.781
178.923
178.087
178.536
193.466
181.611
178.669
178.45
178.332
191.28
180.675
179.172
179.383
178.69
191.26
180.443
178.182
177.697
178.519
192.376
179.009
177.951
177.786
179.755
191.829
186.814
177.295
178.396
177.998
187.769
182.185
178.221
178.643
177.223
177.028
193.398
177.789
178.568
177.753
178.354
196.648
194.101
179.319
193.53
180.35
191.492
179.467
178.326
177.202
178.448
192.568
180.146
178.471
178.613
178.057
193.756
179.825
178.588
177.896
178.807
193.018
181.476
177.912
178.538
177.62
178.97
180.685
177.759
177.776
177.063
178.733
190.306
176.622
178.198
177.786
179.441
189.109
179.278
178.188
178.285
179.782
194.044
177.837
177.764
179.297
177.852
183.204
179.665
177.936
177.397
176.306
175.953
188.463
176.711
182.642
177.416
202.087
195.658
187.873
186.792
209.752
248.063
245.81
243.154
233.464
237.658
239.329
256.303
231.788
266.85
251.505
235.833
233.978
249.042
235.425
232.597
236.083
239.488
235.544
232.879
236.303
239.699
233.81
243.888
244.71
237.499
244.949
234.128
233.556
244.627
232.07
233.662
233.658
244.797
234.986
246.739
244.314
247.609
236.554
233.904
232.621
258.679
237.202
258.125
258.63
247.028
258.883
257.253
269.229
257.484
255.362
235.545
257.21
245.166
234.902
256.22
268.574
257.202
255.24
234.144
233.223
230.718
236.72
248.069
236.848
236.692
233.587
258.074
257.239
234.236
234.462
234.994
238.94
244.146
255.024
271.05
257.232
254.57
255.057
270.303
247.108
233.696
233.057
249.226
255.405
252.254
253.677
233.419
233.456
255.673
242.866
233.639
233.339
233.09
244.668
232.895
230.182
228.607
251.271
235.816
229.795
250.677
240.802
253.177
236.896
213.018
180.777
181.181
177.835
177.401
178.992
177.893
190.294
178.117
178.291
178.865
178.047
192.625
178.305
178.218
179.581
177.642
190.747
179.661
176.595
177.49
178.198
188.026
179.385
178.278
178.856
178.291
190.285
180.106
180.167
177.759
178.252
177.218
192.42
178.956
178.814
177.9
177.506
192.531
178.669
179.01
178.642
177.493
190.236
179.179
177.976
180.059
177.343
188.113
178.396
178.025
179.572
177.268
188.558
180.832
177.977
179.18
177.79
178.171
192.77
177.77
178.672
177.255
178.327
199.355
180.127
179.94
179.136
177.737
190.747
179.168
179.437
178.007
177.593
190.87
179.445
178.691
178.175
178.329
189.399
178.557
177.921
179.368
178.402
177.312
222.334
208.267
193.265
184.097
188.82
184.153
183.798
184.037
182.111
201.751
183.689
185.064
184.303
182.813
192.491
184.567
183.839
184.762
182.856
195.499
184.193
183.467
182.192
182.432
187.013
184.282
184.652
184.411
182.753
196.017
184.312
184.264
182.252
184.154
194.936
183.568
184.344
183.929
184.303
194.389
183.291
183.962
183.999
182.973
194.735
184.474
182.006
183.939
190.473
194.459
184.186
184.056
183.996
182.652
195.862
183.427
183.319
183.421
182.81
196.27
183.01
184.257
184.498
182.97
195.049
184.019
190.207
184.865
182.86
207.524
186.148
184.718
183.811
181.265
185.484
184.917
183.04
182.351
183.738
195.582
184.778
183.698
183.243
182.83
194.799
186.117
183.04
182.833
181.917
194.869
182.937
183.519
182.204
182.613
195.151
184.398
182.953
182.041
184.159
181.316
183.858
183.038
184.745
181.359
181.943
186.7
183.641
182.82
181.511
181.719
184.279
182.484
182.295
181.921
182.933
201.222
183.421
182.848
183.268
182.455
196.606
182.666
182.037
184.378
182.428
194.86
182.541
182.897
182.364
182.504
197.226
183.183
182.666
183.812
183.018
195.568
183.491
182.753
182.063
181.088
196.276
183.208
183.344
182.823
182.492
196.284
182.872
180.765
182.526
183.445
196.282
182.53
181.022
182.064
184.183
195.95
182.462
182.456
181.9
181.509
220.872
199.464
197.931
197.056
227.766
223.815
217.366
223.605
219.177
226.266
222.633
223.025
219.181
237.994
222.383
218.783
230.011
244.913
228.591
233.896
230.606
237.935
220.483
223.361
219.255
240.023
221.186
220.312
218.005
217.395
225.167
203.046
193.661
225.041
234.055
218.293
220.585
230.174
226.057
230.536
230.658
265.936
271.848
264.328
256.328
274.214
225.643
260.238
254.367
285.282
266.481
256.721
270.084
254.926
254.722
268.389
280.734
268.956
275.476
292.521
265.124
256.089
241.53
263.107
223.173
218.522
223.403
230.29
218.729
230.402
218.834
245.563
229.234
228.059
214.579
233.548
217.887
219.432
217.96
214.052
217.908
215.097
218.471
200.24
217.304
226.158
228.739
218.904
236.805
218.772
214.97
228.573
231.834
231.945
225.58
228.54
255.107
234.465
226.349
229.334
235.842
236.598
234.388
223.537
227.436
234.949
235.95
230.696
237.897
219.605
226.645
228.682
249.812
235.999
234.534
223.322
247.148
224.947
229.728
232.213
232.177
236.199
234.853
232.044
241.506
220.474
216.087
217.763
233.753
222.454
219.555
218.523
231.681
234.646
221.666
221.229
233.705
234.374
233.442
233.647
234.94
230.616
232.394
230.41
239.861
232.613
227.012
232.58
229.936
217.878
219.557
219.163
231.959
221.954
218.36
221.88
221.593
231.556
221.664
222.45
219.984
247.225
231.652
232.086
236.256
247.448
231.524
230.847
221.704
237.209
219.379
230.62
231.909
249.593
231.655
231.899
218.84
219.127
209.626
240.622
225.763
244.267
235.181
233.809
222.185
234.848
234.405
244.02
241.947
250.55
249.52
236.377
238.81
237.256
236.153
236.651
251.244
247.86
233.986
235.719
234.603
248.276
234.408
250.64
300.868
251.102
286.315
285.916
292.474
263.586
284.104
303.118
294.107
286.114
299.328
287.683
296.841
235.244
293.601
235.174
235.903
234.504
265.47
235.208
235.487
236.33
251.584
236.958
236.447
251.147
242.266
238.98
235.348
251.776
235.926
233.37
237.433
249.76
233.133
239.244
217.278
250.179
237.58
236.708
241.106
252.042
240.474
235.598
239.605
248.077
238.265
236.959
234.212
265.303
250.5
235.802
234.832
260.627
236.504
234.432
234.282
263.544
235.338
247.711
237.788
239.21
235.315
234.345
236.227
251.526
237.409
234.492
227.02
252.805
236.577
236.51
239.969
250.853
233.436
233.8
231.675
247.127
233.753
232.739
236.01
249.302
233.233
233.582
232.267
246.66
233.514
235.966
235.792
247.873
233.81
232.348
235.972
249.684
235.882
233.939
233.968
250.615
235.891
236.132
232.056
249.897
231.879
231.722
231.725
258.493
234.683
232.511
232.438
241.219
234.931
231.879
220.053
242.376
212.871
204.761
202.745
228.524
203.304
204.069
202.247
317.763
251.692
239.996
205.12
256.329
217.367
187.842
185.515
198.576
188.294
192.053
194.318
185.476
196.892
188.257
184.33
185.713
183.458
194.763
188.354
184.55
184.467
183.432
204.537
188.683
184.798
183.464
184.323
197.433
186.757
183.554
184.841
185.339
196.792
220.63
197.54
185.078
186.702
203.468
187.622
184.083
185.391
187.102
198.261
213.38
204.856
185.129
186.237
201.039
185.329
185.469
185.957
183.481
205.234
185.764
185.74
185.852
183.641
198.883
189.916
239.716
240.651
223.621
211.203
207.527
206.209
220.772
208.523
206.369
208.286
206.432
209.837
207.548
208.517
207.987
218.979
206.131
206.72
205.812
206.519
217.283
206.61
205.955
204.664
221.446
209.827
207.485
217.61
206.174
223.948
208.523
207.686
206.92
214.902
207.003
207.541
206.579
205.166
217.626
207.84
207.177
206.752
218.626
206.891
208.381
207.656
206.412
219.022
205.429
207.54
206.293
212.861
196.506
208.271
193.97
208.199
222.806
207.913
205.598
191.368
207.146
194.401
192.675
191.477
207.724
210.993
193.077
206.853
206.969
218.893
207.982
205.235
207.33
191.701
219.651
206.274
207.794
207.194
223.946
210.544
205.475
207.203
221.014
209.368
208.566
207.27
215.561
210.361
208.115
207.041
207.267
221.923
207.765
206.394
206.464
218.059
206.855
208.352
206.623
193.179
206.816
208.385
207.185
205.823
246.763
191.511
221.606
237.716
251.031
235.722
233.593
233.34
246.011
234.248
235.996
246.571
262.068
247.669
244.327
247.284
235.866
233.747
233.175
233.62
250.83
246.891
255.878
245.297
269.566
257.62
245.675
249.4
235.314
234.356
243.92
237.422
239.013
235.942
232.311
239.76
210.312
233.126
230.756
231.421
266.875
234.69
232.046
217.514
234.679
232.026
230.395
215.257
249.457
253.818
254.736
240.173
256.217
257.38
251.78
267.506
251.198
257.006
227.268
240.257
260.968
245.53
258.107
273.846
259.043
255.084
259.599
256.883
257.881
255.679
278.078
256.444
254.538
255.939
258.652
256.657
254.372
271.733
261.365
255.462
235.752
257.987
234.361
231.692
254.796
270.992
258.555
244.868
245.927
257.555
258.696
256.243
270.191
254.793
236.318
234.084
247.233
235.765
234.038
255.398
262.508
246.258
247.553
253.449
249.262
257.878
247.437
273.867
259.418
254.503
256.067
271.572
261.543
256.46
255.925
270.426
255.825
244.3
267.129
255.521
258.114
255.759
274.622
257.974
257.37
257.272
270.385
254.206
255.732
259.18
233.332
235.356
249.644
263.501
196.901
186.458
184.146
183.514
198.401
184.2
184.401
185.095
182.679
196.116
184.338
190.787
183.999
185.133
197.494
183.819
184.904
182.552
184.414
197.553
182.592
184.176
184.423
183.371
197.854
184.519
185.122
184.05
184.726
197.872
187.12
185.105
185.541
183.169
197.984
184.553
184.994
184.901
183.413
195.139
185.38
182.926
184.713
183.959
194.583
182.676
184.089
186.095
183.331
196.116
183.779
186.616
184.496
184.056
196.11
184.693
184.032
184.882
182.838
196.067
184.634
184.471
186.248
184.591
195.959
183.668
184.257
185.452
184.473
193.705
184.183
200.023
212.23
208.263
232.846
208.08
206.202
214.443
236.598
225.578
200.393
185.445
184.988
185.877
184.868
184.447
184.136
195.313
184.889
184.035
184.05
185.553
196.387
185.704
183.461
185.987
185.235
195.692
185.891
183.582
184.113
184.146
196.458
184.023
184.378
183.093
184.735
195.698
184.757
183.942
184.657
184.252
196.971
185.931
184.667
184.099
183.859
197.101
184.935
183.587
184.236
185.526
195.434
185.178
183.508
184.429
184.321
196.237
184.39
183.861
183.428
184.819
196.641
184.567
183.858
184.697
184.928
195.929
185.338
183.839
183.41
183.043
195.688
184.303
184.242
184.862
185.367
196.771
186.294
184.528
186.177
183.848
189.322
187.856
185.213
183.542
185.743
187.983
188.26
184.372
184.631
184.82
196.731
189.734
184.4
183.955
184.17
191.233
183.755
184.804
184.111
184.341
187.885
186.562
185.367
186.037
185.35
197.35
223.782
226.747
195.021
184.802
203.954
184.396
184.886
183.692
184.644
203.733
193.251
191.648
191.174
191.938
206.993
192.958
191.711
189.873
202.963
192.678
194.071
206.108
194.823
210.185
196.338
195.066
192.775
236.303
241.958
226.717
224.82
290.621
278.434
258.719
276.873
266.323
279.205
255.233
297.138
278.36
258.94
286.809
254.114
297.6
321.459
268.241
275.237
289.509
260.524
259.495
292.554
322.844
307.939
255.019
273.625
255.877
297.538
308.852
310.315
267.849
277.554
282.972
274.98
279.001
307.303
307.464
316.116
275.563
275.153
268.936
252.02
275.364
254.705
301.822
310.88
311.792
257.22
276.821
271.579
286.699
295.287
312.27
323.116
308.939
288.463
281.83
274.211
233.784
249.141
310.575
309.604
322.79
310.308
308.725
283.5
308.746
308.541
323.431
311.795
311.294
312.446
310.943
317.269
311.405
311.046
328.561
308.795
332.975
314.3
307.499
261.639
270.136
258.643
255
253.88
268.083
248.365
249.625
257.631
237.37
233.864
231.838
247.916
251.658
259.725
254.714
259.826
236.804
233.204
249.33
248.394
249.792
221.938
228.958
249.626
223.036
221.657
215.836
242.928
219.499
217.981
220.744
232.483
222.687
226.814
221.758
231.563
211.653
206.007
221.399
211.355
223.679
204.144
204.494
202.513
207.278
202.918
201.913
208.459
217.004
203.811
203.821
201.65
222.951
205.243
203.874
202.384
217.945
204.65
206.21
203.568
202.324
204.971
204.132
202.48
201.281
223.526
205.09
203.763
201.056
216.808
205.311
203.855
203.474
214.899
203.922
203.32
202.978
216.523
203.11
202.296
202.216
202.42
219.819
201.594
202.273
202.063
217.91
201.545
202.662
202.392
217.706
203.561
202.222
203.524
215.838
202.792
203.276
203.129
231.735
204.613
201.932
203.57
217.179
204.016
202.602
201.155
214.99
206.615
202.632
201.503
203.273
204.357
199.961
201.556
203.362
217.671
203.192
201.926
204.001
234.596
203.59
203.375
204.662
216.617
205.335
203.625
204.057
239.207
203.363
202.313
201.104
242.883
239.349
234.763
233.101
247.801
236.397
235.34
232.306
248.046
284.991
240.634
232.916
253.728
233.971
237.046
235.956
252.129
236.961
231.657
235.777
237.61
232.943
235.728
249.353
235.127
284.454
280.721
289.999
281.852
280.765
281.691
271.464
286.022
280.995
296.965
281.021
280.675
286.089
270.314
286.107
257.4
263.151
255.455
257.168
293.267
277.783
271.752
280.27
279.772
236.493
236.805
248.3
234.233
236.233
236.937
247.597
204.694
244.197
252.579
230.305
300.301
301.424
258.796
281.927
260.572
251.13
324.757
296.016
294.266
306.759
304.942
312.822
301.733
309.169
311.865
249.68
305.203
305.293
305.961
291.515
314.269
308.337
306.359
273.511
228.573
305.298
307.655
302.923
268.21
238.086
305.657
301.246
318.135
306.911
270.817
241.388
311.656
301.355
317.159
310.081
267.124
238.356
307.772
306.086
314.967
304.478
271.006
237.206
308.149
303.645
314.064
308.314
304.177
309.514
308.134
302.528
316.405
308.179
308.939
317.599
304.126
307.705
317.601
303.966
308.995
321.457
305.063
302.607
308.209
305.009
311.665
301.223
302.025
319.635
308.189
301.97
315.293
290.549
305.301
318.607
300.934
303.028
307.188
300.263
271.362
249.531
306.2
305.451
318.152
308.46
301.193
317.884
303.966
305.128
324.757
302.666
302.155
306.893
306.476
317.925
305.521
306.9
312.669
305.226
306.88
313.293
302.022
303.612
317.125
304.462
302.826
302.262
305.364
307.488
321.579
309.212
306.719
321.762
241.36
284.528
317.121
309.307
305.361
255.582
309.096
305.319
320.829
304.29
275.081
240.292
301.467
309.106
320.152
300.376
322.899
307.461
300.905
318.122
307.419
308.278
324.959
303.819
308.287
317.041
304.471
304.137
319.927
304.848
309.052
319.936
304.339
301.86
311.526
304.403
317.547
242.344
241.107
240.443
307.806
302.198
316.251
307.762
304.735
308.808
307.693
304.664
319.947
273.215
240.628
315.83
303.795
307.449
313.514
304.003
306.102
316.485
300.797
304.259
307.455
307.676
300.643
313.212
304.557
302.676
307.221
304.219
240.683
290.193
247.873
273.241
304.544
307.288
309.38
319.747
307.763
300.808
307.671
306.93
306.965
308.306
304.685
254.701
308.254
307.037
307.454
305.457
253.83
251.442
276.08
291.679
305.994
309.145
302.26
321.875
254.576
251.476
297.009
324.842
305.981
320.164
309.25
305.226
302.256
307.906
307.741
271.294
303.982
305.473
314.139
308.15
301.885
317.049
293.31
301.413
314.149
306.168
309.133
321.984
306.6
306.703
321.804
303.188
318.055
301.785
306.823
304.447
304.346
307.308
305.774
308.377
271.827
251.53
305.707
306.138
309.917
308.156
305.146
307.59
307.951
310.031
318.234
305.31
240.548
265.8
261.471
248.623
261.345
265.086
256.632
253.489
247.194
276.385
260.563
259.552
290.549
250.032
253.369
257.732
262.43
258.059
251.956
279.184
310.238
302.111
275.963
305.49
267.207
244.753
313.557
302.024
313.377
295.719
266.616
309.091
305.403
251.715
252.213
311.997
301.459
252.193
229.403
220.966
243.967
255.639
259.024
232.194
252.142
251.104
214.957
182.723
182.203
179.94
180.18
195.856
179.745
179.267
179.447
179.483
193.617
179.974
179.714
178.327
179.168
193.589
180.524
179.793
179.169
179.321
203.547
182.343
180.943
181.32
180.77
200.665
190.024
181.27
179.261
180.883
196.247
182.55
179.934
179.312
180.467
201.249
215.492
224.896
226.661
183.272
201.54
180.982
179.711
178.723
179.311
198.917
180.839
180.113
178.653
180.949
196.831
181.498
179.068
179.135
180.852
197.811
181.165
179.14
179.085
180.097
199.482
183.7
178.89
179.027
179.332
197.587
228.15
225.681
224.729
182.142
194.804
179.892
180.891
178.807
178.659
198.256
180.292
179.589
179.366
179.342
206.506
182.06
179.843
178.837
179.826
194.209
182.212
179.723
179.429
179.041
191.414
181.67
180.163
180.559
179.198
197.363
183.489
180.487
179.131
181.091
189.257
181.681
180.207
179.268
179.488
179.841
193.151
180.406
180.834
178.884
180.207
192.926
178.5
179.39
179.501
179.789
194.142
178.887
181.303
180.626
179.311
194.38
180.489
178.367
180.156
178.875
193.047
179.727
178.575
180.301
180.899
195.348
182.084
179.387
180.304
179.182
190.704
182.923
179.863
179.115
179.721
179.432
192.594
179.973
181.337
181.564
181.136
191.117
180.003
180.09
179.098
180.03
193.424
179.609
180.823
179.305
180.631
194.609
180.983
180.62
179.778
179.45
190.52
180.47
179.552
179.934
178.701
197.915
251.703
252.599
253.287
241.599
250.624
241.933
240.11
270.372
241.355
225.815
252.127
270.461
247.871
250.298
250.891
204.912
227.274
182.52
178.881
193.116
182.428
179.438
180.074
179.098
181.209
192.529
181.447
180.268
180.067
181.134
192.95
179.989
179.5
179.154
180.673
192.704
179.516
180.034
180.137
181.034
193.537
180.93
181.701
178.993
180.223
190.44
180.12
179.919
180.041
179.736
195.331
181.594
179.766
180.918
180.124
193.678
182.577
181.409
181.287
180.992
181.197
191.817
179.699
179.308
179.541
179.302
190.572
179.913
181.194
180.992
178.74
191.105
175.753
175.943
177.083
176.364
202.148
182.115
177.64
179.402
178.743
180.899
179.362
178.299
179.302
178.957
177.819
180.412
178.078
179.281
180.681
177.705
193.067
195.967
179.835
190.265
180.421
193.101
178.661
177.567
178
177.41
193.964
179.245
179.609
177.838
176.665
191.973
180.054
178.527
179.428
175.889
188.6
179.892
179.485
178.142
177.076
189.032
182.193
178.987
178.752
177.233
178.039
192.675
179.374
178.749
177.724
177.59
194.783
181.624
179.877
177.395
177.979
191.693
180.331
178.796
177.27
178.219
191.583
179.09
179.633
177.086
177.438
190.99
179.65
178.488
183.001
178.228
178.172
188.912
179.489
178.781
177.601
178.542
191.134
177.958
179.272
179.001
179.309
192.055
178.895
177.922
178.437
177.36
193.116
178.138
177.817
178.156
177.42
189.39
179.673
177.029
177.515
179.446
189.407
180.779
177.688
178.282
179.763
178.885
192.82
177.781
179.856
179.204
178.8
182.955
178.686
177.849
177.541
180.292
192.347
178.006
178.292
178.861
178.924
188.719
179.648
177.894
179.468
178.93
191.785
180.217
178.707
177.642
178.993
179.033
192.093
177.336
177.42
177.808
178.749
185.151
179.516
221.524
266.763
271.464
259.037
259.933
266.532
269.846
255.735
256.761
285.045
257.404
230.6
229.555
250.5
238.808
254.207
222.549
192.461
180.732
179.7
177.664
178.409
190.716
180.969
177.805
177.775
179.639
178.807
192.051
179.114
178.042
179.027
178.363
178.21
178.274
177.854
177.983
180.524
193.901
178.199
180.161
178.118
179.32
188.371
178.762
178.063
178.425
177.347
190.289
180.171
177.419
177.859
179.014
178.472
192.124
178.18
177.964
179.061
177.7
196.776
180.972
179.278
181.739
179.164
204.081
179.943
177.892
179.014
178.696
191.839
178.807
177.249
178.56
177.447
179.501
179.585
178.303
179.112
177.093
178.182
187.562
178.653
181.471
177.898
178.55
191.484
178.603
179.192
178.884
179.687
193.381
179.092
180.331
177.994
177.817
192.307
178.794
179.545
176.765
177.239
192.382
179.723
178.238
177.193
176.725
217.021
212.312
185.596
183.544
183.033
198.632
185.022
184.387
184.185
183.685
195.645
183.885
185.479
184.224
183.981
196.181
183.808
184.818
183.301
183.498
197.723
185.731
184.302
183.652
184.417
200.484
183.252
184.989
183.391
184.5
196.862
184.219
185.005
184.474
183.977
196.387
183.972
183.177
184.39
182.17
198.124
183.785
183.434
186.565
182.261
197.379
183.285
183.521
183.956
182.834
196.287
184.053
183.739
185.115
183.627
196.655
184.002
183.013
184.748
182.566
196.504
184.165
183.193
184.651
185.022
198.147
182.839
184.284
183.14
183.86
195.993
183.932
182.744
183.399
182.826
196.871
184.616
183.657
182.896
182.107
197.764
183.671
184.922
183.259
183.918
198.381
182.853
183.064
183.521
182.492
196.052
182.432
182.603
182.332
182.773
196.241
182.706
183.615
184.067
182.218
195.154
183.266
183.144
183.228
182.509
193.517
184.557
183.588
183.197
182.484
187.358
184.222
183.668
183.29
182.172
196.05
186.711
184.218
182.899
182.646
203.01
185.582
184.311
183.32
182.847
198.158
186.647
183.849
185.734
182.757
188.187
184.006
184.834
184.209
184.276
192.23
183.374
183.611
183.932
182.335
187.219
185.25
183.357
184.831
182.72
196.374
184.397
183.608
184.494
183.267
195.733
183.906
183.247
183.641
182.53
195.208
184.718
184.618
182.261
181.821
195.165
185.055
183.966
182.949
183.428
196.066
183.759
183.169
183.649
183.669
195.003
183.744
185.105
183.168
183.974
195.19
185.123
183.432
183.31
185.416
195.776
184.507
183.378
183.644
181.496
198.351
185.099
185.027
184.663
183.012
197.262
184.616
184.2
183.253
182.993
197.322
184.591
183.298
184.727
182.545
196.516
184.724
184.333
184.323
181.452
195.951
182.895
182.976
184.898
183.298
202.886
193.349
186.622
186.082
182.916
186.984
187.467
185.183
186.625
184.411
195.744
186.188
183.244
187.178
184.344
187.602
188.585
185.292
186.245
184.143
191.03
183.559
186.775
185.944
184.838
186.218
184.821
185.058
184.049
184.04
196.23
185.416
185.66
184.501
184.845
188.868
184.865
183.057
185.684
183.442
196.244
185.533
183.927
184.745
182.743
195.846
186.485
184.491
184.263
184.44
196.026
187.21
184.874
184.182
184.928
188.249
188.221
184.612
184.083
185.68
195.786
185.878
184.844
184.912
185.428
184.299
183.826
183.785
184.333
182.642
196.429
185.323
183.536
185.449
184.547
195.985
186.817
184.086
184.531
184.862
196.775
187.017
185.313
185.038
185.964
193.332
184.453
185.953
184.152
185.055
206.202
186.455
183.861
185.146
184.66
195.274
187.905
185.213
184.548
186.107
195.187
186.612
183.581
184.537
184.423
196.654
186.266
184.644
184.895
184.139
196.829
185.707
184.051
184.421
184.885
196.646
185.458
184.859
186.913
186.763
196.822
184.643
185.151
185.28
184.089
197.262
184.528
183.051
184.72
184.192
197.031
185.33
184.056
184.39
185.47
198.424
184.597
184.711
184.804
184.102
199.986
184.135
184.35
185.158
183.705
200.064
185.744
185.115
185.463
184.965
200.01
184.802
184.54
185.251
184.561
198.141
186.598
183.307
186.392
183.953
196.414
184.474
183.793
183.407
185.698
197.39
184.324
185.283
184.32
184.778
196.577
184.721
182.518
183.791
186.248
195.855
184.534
185.229
184.119
185.571
195.615
184.213
182.429
182.813
182.862
194.522
178.943
178.769
177.843
176.249
259.2
562.572
223.203
230.65
206.412
205.432
190.395
194.126
195.303
206.788
203.988
204.697
221.763
204.74
189.355
203.383
216.836
205.807
205.222
205.229
189.583
204.446
205.465
206.848
205.774
218.768
204.877
205.529
191.156
189.421
201.287
189.823
187.925
191.688
188.109
204.213
191.234
191.414
191.273
191.206
202.589
189.452
190.227
189.618
221.717
207.127
204.671
203.128
208.807
220.356
205.459
204.924
190.833
218.686
207.965
205.829
191.039
191.253
210.805
192.469
190.698
191.23
204.737
208.057
205.261
204.933
203.969
222.803
204.984
206.592
203.39
214.87
206.225
205.293
206.19
203.192
222.401
203.878
190.581
205.025
223.17
205.522
206.007
204.202
220.448
205.459
207.245
204.075
205.061
238.949
254.29
253.226
267.796
248.301
233.234
218.223
259.082
218.408
219.481
250.624
268.834
250.958
304.557
285.188
260.248
302.228
283.013
261.117
301.439
276.641
290.69
300.527
274.304
302.814
259.824
262.341
249.81
251.779
248.605
267.402
251.605
247.295
259.674
247.108
230.093
219.247
280.909
251.77
251.384
248.159
304.952
259.725
273.841
287.347
302.991
306.97
304.288
267.389
242.651
255.03
303.081
299.043
282.934
303.969
300.028
285.15
299.268
262.576
236.859
299.114
303.783
267.681
286.485
299.914
276.093
305.706
298.49
231.697
263.038
224.768
229.392
239.117
226.802
228.839
229.02
241.627
228.648
228.657
197.368
240.558
224.432
221.389
221.433
242.291
304.979
303.78
302.602
254.365
305.008
299.106
308.041
299.916
273.111
249.311
244.948
256.201
235.276
244.655
213.872
224.957
227.294
223.015
215.465
212.865
215.295
214.596
213.081
212.083
227.178
213.086
214.197
214.712
228.999
212.919
212.38
210.953
229.189
223.095
213.331
212.504
230.425
213.798
213.546
214.198
207.093
190.004
223.699
213.713
214.495
226.353
215.182
213.54
214.73
228.448
213.115
215.918
214.086
226.271
217.028
215.419
196.44
230.639
215.419
212.582
215.961
228.084
214.052
222.66
224.444
272.381
227.215
303.135
298.651
299.969
288.574
274.812
282.942
299.63
285.513
248.42
221.617
212.464
227.556
215.949
212.562
215.788
227.647
224.238
224.481
226.842
238.832
229.103
225.357
225.31
227.829
213.657
212.455
213.927
225.225
212.515
215.784
214.564
245.843
224.351
224.334
225.273
225.08
212.685
214.77
211.961
230.008
212.246
224.125
214.427
230.3
215.096
212.969
204.235
237.384
211.298
207.708
204.641
228.805
216.821
218.422
218.522
223.863
219.423
217.941
217.874
217.447
232.612
216.375
214.807
214.723
235.399
219.414
216.077
216.474
248.813
222.65
229.086
217.411
228.003
217.787
218.879
217.284
216.608
220.487
215.802
219.603
215.766
228.493
218.746
217.342
218.316
226.345
217.366
216.001
217.481
229.09
216.808
216.776
216.307
214.935
229.293
215.943
216.429
215.435
276.913
219.729
215.75
213.026
225.817
215.291
215.913
215.602
223.62
219.867
217.387
216.021
225.602
218.28
217.841
215.378
215.462
232.188
221.003
222.961
217.255
265.129
221.708
219.57
215.959
229.828
220.792
218.203
219.2
229.624
213.39
212.427
210.487
211.161
258.425
221.118
220.002
221.179
229.065
211.358
219.472
218.342
222.832
218.059
217.566
218.934
230.395
213.28
210.675
211.507
226.077
256.319
219.215
219.866
232.868
220.401
220.686
217.634
217.45
232.458
217.986
219.409
218.368
224.652
211.573
210.757
211.465
239.627
222.634
220.951
222.83
232.511
220.521
220.38
220.782
217.908
235.829
222.075
221.384
221.821
228.261
211.91
212.127
209.917
229.869
254.139
255.731
253.796
256.237
221.852
220.166
218.352
233.122
221.176
219.292
218.169
229.645
213.24
209.364
209.66
211.107
220.466
219.709
218.897
219.733
234.039
220.22
220.743
218.56
233.638
221.319
219.966
219.386
234.447
249.297
242.404
212.253
232.19
222.613
220.03
253.101
269.012
223.444
218.704
217.17
229.818
220.852
217.267
220.093
232.501
253.323
247.011
212.112
223.6
221.35
217.781
251.879
217.707
213.221
326.655
236.821
229.423
221.653
220.507
221.303
232.922
251.969
248.142
214.55
225.164
222.729
218.512
219.813
218.837
229.978
217.315
216.738
219.426
229.835
219.339
219.871
221.336
240.649
247.676
248.425
212.223
236.113
218.095
217.497
251.266
263.3
216.574
257.948
252.614
248
229.987
229.774
218.117
269.405
251.317
277.804
239.665
228.535
218.234
227.715
215.148
217.066
215.387
229.097
218.788
215.899
216.324
220.249
275.261
271.507
235.606
239.161
236.975
236.241
232.057
236.151
236.657
238.362
234.777
222.906
236.061
233.348
234.082
233.838
235.028
234.235
235.789
234.316
235.649
233.898
237.241
233.156
238.449
230.385
218.285
227.672
219.19
217.794
209.043
211.455
225.395
215.635
215.839
214.606
224.906
218.907
213.283
215.881
225.539
217.65
230.114
226.221
229.396
241.436
223.13
222.961
219.91
231.741
228.026
228.177
227.752
243.521
227.867
225.232
227.073
238.382
226.492
228.24
227.683
233.751
224.909
223.812
220.694
244.197
233.022
229.915
232.117
247.084
224.395
229.96
231.034
239.295
229.76
226.035
229.085
226.221
237.397
223.95
227.415
227.845
237.487
231.929
227.422
224.968
240.862
227.054
228.463
223.331
242.545
225.55
221.843
253.793
276.362
253.516
247.25
224.561
267.344
290.429
293.419
304.396
291.208
290.371
262.724
260.72
249.747
247.558
276.824
220.631
216.498
215.695
226.375
218.179
212.962
218.75
215.331
232.774
213.146
215.828
217.212
225.951
216.853
213.807
215.905
231.394
220.321
217.75
213.921
213.013
238.61
214.617
216.203
242.117
274.789
273.937
264.492
279.585
300.872
298.031
312.344
295.147
294.725
299.491
249.571
237.791
234.357
236.733
211.77
212.859
212.281
230.564
214.01
215.19
213.289
217.909
221.942
222.179
216.12
217.187
235.658
215.373
215.872
213.301
230.504
220.787
216.693
217.388
224.54
215.731
225.223
224.185
232.835
222.417
224.684
222.065
227.485
238.322
220.316
220.725
221.115
239.563
221.216
221.92
222.61
239.89
221.328
223.767
221.073
237.164
233.356
231.308
233.487
245.036
226.612
252.801
224.904
235.406
226.221
223.692
223.078
239.869
230.946
221.612
220.765
224.287
209.866
194.361
192.667
192.233
210.666
222.236
223.578
220.504
222.796
241.897
221.011
221.349
222.035
213.494
196.305
192.57
191.695
194.416
206.622
195.578
192.42
192.54
205.599
197.031
192.222
192.989
193.639
205.947
194.345
193.593
192.761
193.763
209.245
195.752
192.305
192.949
190.332
209.034
192.934
192.002
190.189
191.698
248.616
275.472
239.474
247.118
236.936
199.789
188.905
199.082
199.086
187.348
183.595
183.979
182.797
198.55
184.918
183.135
212.623
196.936
199.031
187.715
184.735
188.016
185.067
239.047
250.808
239.129
211.51
192.247
178.274
179.553
177.748
177.507
192.902
179.023
178.445
177.883
177.629
188.208
178.051
177.823
178.187
177.563
191.543
179.257
176.526
178.037
178.079
178.112
192.713
178.485
177.17
177.357
178.108
191.895
177.312
177.595
177.074
178.882
191.377
178.054
178.675
177.747
178.869
200.439
180.576
177.73
177.62
179.657
188.729
179.928
177.663
178.415
179.943
177.285
189.59
179.122
177.746
179.026
177.049
182.554
177.654
176.957
178.283
177.368
191.753
178.676
176.494
177.806
177.478
189.69
180.447
178.722
179.249
177.292
177.209
193.295
178.003
177.886
176.218
177.499
193.272
177.435
177.506
177.916
177.052
192.376
179.44
178.271
201.802
178.382
189.631
177.895
180.584
176.355
177.197
195.272
229.634
212.518
224.744
226.818
239.501
228.633
191.953
177.785
192.657
177.622
176.282
176.194
175.68
186.261
177.372
175.395
176.697
194.51
240.068
196.231
191.229
190.351
190.406
200.726
189.782
187.672
187.463
188.88
201.151
189.463
188.065
188.384
188.245
201.425
188.474
189.003
190.357
188.561
200.716
188.324
186.974
188.485
189.715
200.123
188.417
188.868
187.866
189.978
200.847
188.213
186.703
187.028
188.381
200.057
188.449
186.534
186.91
211.766
249.045
219.842
221.425
219.148
223.424
206.041
225.103
224.249
239.253
224.324
227.076
224.784
250.174
278.29
238.846
227.168
246.799
245.15
240.742
238.408
256.408
246.685
243.404
243.308
251.014
237.951
252.309
239.136
259.678
225.391
225.427
223.746
241.569
226.125
222.785
222.366
232.303
228.266
227.499
227.184
239.796
228.275
226.444
225.052
241.533
225.536
225.629
226.149
236.705
229.473
228.525
223.785
242.165
230.88
225.927
227.487
233.614
224.512
225.732
225.79
227.47
242.907
226.586
225.268
226.004
238.726
224.457
225.989
224.925
241.256
224.932
226.335
226.505
240.742
224.588
227.314
225.176
240.303
224.965
226.12
225.885
248.31
226.485
235.527
234.628
248.197
239.454
227.016
235.891
246.717
240.357
234.592
236.826
233.123
228.273
238.162
250.623
249.84
236.925
234.035
238.155
251.187
239.15
235.151
226.175
248.086
225.371
237.58
235.548
283.717
242.628
238.641
238.813
250.777
282.137
290.204
318.955
288.613
271.32
276.49
275.487
272.221
270.822
274.012
269.744
267.123
278.171
279.034
233.295
229.508
246.108
213.623
229.361
226.934
239.438
241.492
241.142
190.837
192.336
179.635
177.025
178.104
177.632
192.493
180.216
176.853
177.306
177.192
192.369
180.804
175.935
176.525
177.415
178.256
194.025
177.719
176.12
177.332
176.991
199.138
178.843
176.625
177.506
177.221
192.564
177.803
176.935
176.425
176.958
191.097
178.546
177.312
177.574
176.828
177.626
180.453
177.841
176.825
177.328
178.693
191.017
177.325
177.71
177.335
177.087
191.236
179.271
177.763
176.997
177.894
190.332
178.726
176.902
177.756
176.781
189.61
181.59
178.583
177.502
176.982
176.282
191.237
177.77
177.867
178.427
176.152
192.42
177.465
177.984
177.319
177.44
193.821
178.428
177.52
177.804
177.806
193.916
180.441
178.12
178.559
177.977
177.596
179.798
177.72
177.599
178.179
178.656
188.624
177.295
178.522
178.292
177.202
193.476
178.756
177.304
177.59
177.206
188.982
177.807
177.788
178.379
177.476
189.897
179.399
178.993
177.463
178.575
228.059
192.849
193.581
182.372
178.626
191.139
184.487
178.565
178.745
179.226
178.739
200.685
179.679
179.047
178.59
178.866
194.543
177.529
175.286
175.602
175.551
198.919
180.886
178.107
177.722
178.061
198.922
181.81
176.497
199.115
179.816
246.533
191.063
179.623
177.617
176.798
192.076
193.897
173.907
172.588
171.938
202.177
180.284
177.135
174.783
175.293
175.906
178.769
178.259
176.284
175.464
176.575
192.868
177.428
175.033
174.809
173.758
189.7
173.577
173.534
173.503
171.505
191.103
181.399
175.277
176.225
175.454
174.389
207.033
175.785
174.626
174.419
174.93
194.35
176.287
176.562
177.242
175.59
189.953
176.842
174.017
175.103
175.768
189.937
179.314
175.371
174.982
174.684
175.054
186.736
175.264
175.348
174.364
174.799
185.684
174.212
174.79
175.682
173.867
178.376
183.007
174.533
174.739
173.935
174.211
189.846
174.613
174.823
174.101
174.188
189.325
175.228
174.97
175.717
174.161
185.71
176.273
175.097
174.179
175.241
175.655
184.651
175.307
176.073
174.082
175.377
186.04
175.929
174.181
175.384
175.091
189.753
176.269
174.932
173.746
174.498
187.857
177.957
177.868
175.592
174.555
176.359
191.334
176.546
174.089
174.82
176.59
189.517
177.226
174.441
173.452
174.54
185.085
177.387
174.231
175.136
174.81
174.673
191.371
175.855
175.655
174.563
174.618
191.638
176.849
175.602
174.929
173.987
187.334
175.852
173.989
175.695
174.559
190.027
177.012
175.954
200.067
176.837
176.378
188.681
174.931
173.604
173.794
174.974
206.028
176.366
174.125
174.832
174.026
240.63
202.338
188.303
187.153
206.288
261.392
250.744
254.944
266.225
256.341
256.258
256.641
258.174
265.939
255.839
234.185
238.97
230.736
234.923
256.697
258.689
246.192
235.22
254.402
296.174
253.009
254.435
270.514
258.459
260.336
256.51
236.433
232.911
237.831
244.675
246.339
243.584
254.697
252.15
269.806
253.789
246.074
247.07
247.802
232.414
232.485
245.546
233.268
233.62
241.539
247.247
245.633
234.234
249.842
270.349
254.903
251.931
253.424
262.168
254.859
255.304
256.889
296.454
255.054
256.311
271.043
248.523
233.395
245.49
256.557
230.867
235.434
234.101
248.341
258.393
256.461
256.373
272.112
250.68
254.898
270.288
265.52
255.855
256.344
266.215
254.164
256.502
251.816
258.866
233.195
234.469
234.526
247.472
231.855
234.873
234.561
247.334
233.185
256.989
217.546
211.956
245.403
243.713
253.236
263.345
240.892
235.27
234.67
240.15
245.676
256.844
258.402
256.213
234.008
230.624
244.944
232.013
233.511
231.568
236.735
236.354
233.596
234.506
232.417
235.792
233.055
235.494
245.569
235.172
251.728
252.35
269.728
254.595
245.731
251.886
251.725
256.742
253.049
245.052
250.807
243.04
251.004
268.687
258.785
256.346
255.596
268.12
257.343
257.115
255.535
258.532
254.254
256.365
269.998
256.447
255.569
252.862
261.704
258.341
256.211
256.811
275.187
250.459
251.263
250.469
270.686
255.181
257.623
244.076
264.613
256.463
253.557
270.619
254.941
244.661
244.697
246.829
241.6
235.866
234.164
256.911
231.872
235.231
234.886
258.956
247.335
253.196
269.335
259.043
250.248
254.42
270.802
245.236
257.662
257.012
262.361
253.566
253.808
256.443
250.772
241.382
249.509
226.904
260.564
249.52
256.278
266.565
254.772
251.692
252.324
247.581
254.91
253.774
256.403
261.427
257.292
252.246
269.015
254.559
253.536
262.125
259.77
244.13
241.857
257.108
271.241
254.245
252.54
260.501
256.846
255.999
256.552
243.849
257.443
256.217
255.602
268.584
254.672
256.424
262.429
259.177
255.98
252.598
269.596
254.516
256.39
256.434
264.365
254.839
257.226
266.159
238.676
258.356
279.428
267.939
258.195
252.225
254.095
258.663
249.705
251.708
251.671
270.168
255.217
256.989
258.054
257.566
256.077
256.995
268.13
258.016
255.886
252.814
268.529
252.273
255.969
273.424
255.614
256.2
256.718
269.699
254.753
256.421
256.832
270.435
257.522
256.037
266.719
257.069
237.157
254.369
271.378
254.225
256.622
255.771
260.85
254.733
258.535
271.588
257.972
255.428
253.442
270.278
254.793
256.741
249.112
261.78
254.529
256.728
256.523
261.704
254.949
254.389
270.85
254.798
255.873
256.824
259.978
250.609
250.371
252.835
270.475
251.57
245.219
256.13
254.543
256.607
256.438
274.132
254.245
256.619
256.183
269.783
251.117
254.513
266.575
257.086
252.327
255.95
274.949
254.728
255.939
256.956
267.792
254.152
253.683
264.398
254.609
250.347
257.939
272.188
258.983
251.565
254.952
257.554
251.625
251.742
255.785
261.614
253.638
253.781
266.708
257.271
257.175
256.303
258.747
254.516
256.16
256.581
260.363
254.309
251.886
263.896
258.111
259.415
255.774
281.454
229.437
235.602
226.633
263.926
238.008
237.319
235.836
250.318
237.44
237.82
235.571
250.251
236.769
237.063
236.46
249.286
232.346
238.044
235.325
249.473
235.902
235.38
234.864
253.494
237.421
232.995
224.281
251.241
223.646
232.589
224.134
240.324
235.592
235.524
233.911
249.932
232.688
233.624
234.441
247.855
225.918
227.703
229.796
273.938
252.949
251.265
195.324
201.427
183.358
183.675
182.736
182.24
197.397
184.026
182.593
181.65
181.993
196.159
183.508
181.964
183.689
181.416
195
183.069
182.123
181.357
182.583
201.253
182.673
182.639
182.991
182.82
195.744
183.475
182.248
181.727
183.331
191.3
184.089
184.33
181.981
182.639
192.597
182.412
183.758
183.511
182.442
194.913
181.479
185.69
182.18
182.114
196.23
182.378
185.345
182.379
182.979
197.319
184.116
183.168
182.812
182.86
197.112
183.632
184.667
183.163
183.695
193.987
184.165
184.179
183.238
184.333
193.117
183.231
184.477
181.873
185.389
199.277
185.867
184.952
182.215
183.725
192.852
184.197
184.794
183.821
182.877
186.456
185.178
183.464
182.786
182.612
194.409
184.998
184.254
181.77
182.082
197.991
185.093
184.005
182.128
182.511
183.328
185.421
182.98
181.891
184.126
182.606
187.936
183.856
184.059
181.628
182.783
198.143
182.715
182.946
182.823
182.452
196.574
183.671
181.761
182.262
181.512
198.207
182.844
182.927
184.571
183.123
196.15
196.146
185.041
183.718
183.183
198.742
184.015
183.761
182.375
182.002
195.566
184.169
183.834
181.965
182.38
196.096
184.159
183.977
182.841
182.282
196.23
182.362
183.963
183.083
183.412
195.581
183.334
183.815
182.299
182.405
202.468
182.643
183.454
182.117
183.052
194.672
183.803
183.247
182.529
182.576
192.192
183.014
183.377
183.565
182.048
193.054
183.133
183.792
183.078
181.984
192.504
189.44
184.811
182.579
183.619
197.109
184.036
182.529
182.727
183.385
196.971
183.989
182.215
182.883
182.633
196.778
182.202
183.963
181.127
183.394
195.842
183.151
182.065
182.495
182.199
187.041
184.331
183.503
180.975
181.637
197.585
187.524
182.405
182.727
181.917
194.375
183.795
183.277
183.552
181.803
194.636
184.511
181.942
183.211
182.602
195.989
184.697
183.187
182.011
182.556
181.281
188.678
183.018
183.461
181.208
180.944
199.048
184.072
182.64
183.437
181.707
195.184
182.597
182.123
181.045
183.186
196.327
182.456
182.044
182.618
182.298
195.498
183.206
182.044
182.586
182.058
193.974
182.122
184.023
182.312
182.405
196.501
182.082
184.143
180.246
181.755
187.854
182.195
182.41
182.763
183.733
196.956
182.983
181.717
182.146
181.454
196.624
183.029
182.234
182.164
181.338
194.729
183.56
183.108
181.974
183.021
194.098
182.993
179.617
179.926
180.072
195.415
184.344
181.868
191.17
196.163
195.905
194.964
180.834
180.843
180.459
192.965
183.734
183.575
182.41
181.27
193.503
184.236
183.862
181.764
182.146
187.239
186.101
181.115
181.752
181.934
198.746
185.734
181.758
182.165
181.713
197.126
184.463
2250.51
384.49
352.249
342.748
261.75
264.156
252.597
239.13
255.217
269.915
255.281
257.987
271.351
256.841
256.715
250.399
267.854
257.525
252.544
256.985
266.075
257.456
257.53
270.65
257.924
256.087
250.228
270.893
255.067
255.54
259.154
266.112
254.819
256.943
270.82
255.555
256
260.909
269.746
254.429
256.496
254.068
260.631
261.239
258.111
268.276
256.735
251.304
240.28
308.049
258.963
264.136
258.534
261.483
262.38
260.652
270.015
254.274
263.145
274.755
260.433
257.443
275.801
248.199
233.834
199.029
202.725
188.281
186.394
187.071
187.773
204.74
188.128
187.195
187.514
188.508
204.551
187.607
186.972
187.929
187.51
202.066
186.565
187.002
186.12
189.718
205.592
186.525
188.596
187.015
189.519
192.229
186.147
233.864
192.313
204.32
184.39
184.122
184.288
182.964
200.196
183.692
183.751
183.102
184.965
199.35
183.431
180.838
182.526
181.756
200.18
184.832
183.247
182.94
182.148
193.991
183.902
182.538
183.338
182.832
199.254
186.579
183.137
182.207
184.335
211.124
197.925
187.744
186.891
186.71
238.743
223.274
224.934
224.564
202.693
189.508
186.753
186.353
185.185
197.222
190.084
187.612
186.922
185.019
197.239
189.719
186.369
187.237
184.068
186.269
218.949
191.839
227.591
225.232
324.745
260.613
258.449
278.204
265.499
304.339
285.049
292.305
304.245
292.799
260.602
304.546
266.558
248.932
261.011
250.391
310.647
304.017
303.777
258.81
303.452
304.736
309.244
303.294
311.334
281.921
303.307
311.571
306.103
306.7
303.497
310.159
302.28
236.653
326.101
303.053
319.563
303.381
303.251
302.465
303.605
304.288
279.843
304.357
304.918
276.721
303.535
303.196
264.354
260.726
307.933
306.225
303.006
304.705
310.953
303.606
305.807
280.036
304.117
305.394
288.634
306.96
308.026
288.216
274.923
307.73
287.557
303.436
307.575
291.788
260.7
291.007
268.372
251.857
251.196
251.154
296.03
300.493
265.058
316.68
303.412
311.796
303.64
266.93
228.584
231.25
307.261
303.564
282.592
304.341
304.112
250.706
305.097
261.253
280.848
302.533
307.02
279.903
304.799
304.002
285.187
304.885
232.883
306.958
305.045
304.165
311.008
293.473
260.47
311.026
305.281
303.285
275.455
305.894
303.166
274.61
274.669
303.208
260.355
251.712
250.724
246.719
278.272
290.402
304.281
287.479
304.507
303.322
304.882
266.747
233.15
288.343
304.797
303.274
288.812
308.084
304.125
303.445
306.895
235.781
228.643
306.979
306.292
305.303
303.385
304.744
275.749
233.879
309.246
305.172
306.325
301.018
304.113
303.382
301.139
275.014
303.79
234.614
220.361
211.324
225.791
226.826
227.397
210.253
189.356
186.154
226.285
228.407
229.35
223.595
225.665
238.555
235.304
239.09
235.274
280.267
240.14
237.242
239.443
238.152
235.866
201.793
264.911
230.483
225.202
260.916
277.096
257.733
255.953
271.845
251.433
247.631
259.407
274.107
267.961
245.054
264.797
246.919
246.218
247.939
253.388
246.109
247.761
264.122
257.621
268.848
271.72
276.173
268.26
269.202
270.931
269.102
267.372
264.215
270.252
269.01
285.878
276.985
267.659
286.445
269.473
256.956
258.924
274.387
258.684
258.058
272.588
262.503
265.192
260.461
277.756
260.187
259.893
257.7
274.641
261.944
260.407
273.898
259.585
260.71
267.311
261.11
256.971
246.333
236.443
255.158
248.439
260.59
264.902
257.157
258.701
257.931
277.152
260.019
260.266
259.579
271.311
261.454
260.651
257.861
257.613
259.122
257.48
277.845
259.516
260.729
260.875
270.933
258.003
260.505
260.748
263.475
257.898
258.305
279.249
259.516
238.1
266.185
297.201
290.224
306.67
245.462
211.187
181.682
180.405
182.332
196.787
179.523
178.976
178.04
177.481
225.371
182.943
179.505
178.992
179.496
195.748
181.494
179.442
178.31
178.594
195.677
180.067
178.206
179.416
178.861
189.524
181.464
178.324
177.662
177.357
191.329
181.412
179.584
178.197
178.26
178.173
195.098
179.609
178.373
177.942
177.986
179.505
178.065
178.871
178.183
178.071
192.776
179.544
178.751
178.789
179.79
189.13
178.688
178.017
179.018
178.687
191.644
181.616
177.909
179.001
178.864
179.028
193.865
178.363
179.211
178.099
179.302
192.752
179.893
178.477
180.582
180.809
190.13
178.059
179.028
178.149
181.147
189.575
179.679
178.381
179.033
179.834
194.243
181.972
180.246
178.457
179.031
178.124
194.804
177.706
179.063
179.824
178.703
192.446
178.373
179.31
179.907
179.24
191.449
178.736
179.871
179.824
179.293
193.193
179.192
177.99
180.104
178.86
200.304
181.308
178.918
179.987
178.157
188.802
182.735
177.628
179.102
178.089
177.831
194.166
178.762
178.901
176.864
178.074
191.767
180.516
179.773
178.67
178.865
193.177
179.724
178.587
177.996
177.925
189.01
180.618
179.757
178.631
177.589
189.999
182.497
179.863
178.995
177.662
178.023
193.048
179.472
178.955
177.41
178.035
178.801
178.644
179.629
177.418
178.575
192.248
180.625
178.769
177.731
178.008
183.169
180.291
179.208
179.731
178.488
177.387
186.581
180.661
178.7
179.503
179.456
193.541
179.728
177.629
178.252
178.376
192.907
179.153
178.51
178.277
179.47
194.19
179.496
177.171
177.908
179.376
189.467
179.546
178.249
177.488
178.447
191.52
181.585
177.481
179.042
180.028
178.515
194.189
178.233
178.016
179.273
179.904
193.712
179.346
178.143
178.531
179.279
190.818
178.128
177.905
178.784
178.043
188.693
179.704
179.308
178.293
178.02
189.695
182.329
180.453
178.366
177.855
177.933
194.722
178.877
177.891
177.24
177.909
193.196
179.346
179.074
178.537
178.928
190.467
179.863
177.117
178.216
178.373
180.18
178.693
178.54
177.879
178.047
178.892
186.41
179.794
177.726
177.882
178.13
193.917
179.881
178.735
178.303
176.796
190.2
178.733
179.58
177.941
178.934
193.226
178.905
177.769
179.556
178.852
201.492
180.472
178.528
180.459
178.143
187.915
182.835
178.497
178.089
178.624
177.438
192.074
178.515
180.026
178.995
177.725
190.469
181.018
179.248
178.695
179.085
189.818
179.309
179.268
178.113
179.175
189.87
179.68
178.411
178.17
179.61
190.711
181.448
177.972
177.049
179.322
178.882
191.46
176.973
177.099
181.455
179.509
209.595
222.162
214.109
210.687
236.002
214.522
216.169
214.008
217.803
211.111
188.222
184.891
186.198
222.1
193.134
192.262
192.408
190.036
202.507
190.158
190.236
190.917
188.612
204.998
188.462
187.773
204.663
195.951
212.215
226.006
222.431
222.843
237.326
221.739
222.662
220.045
245.357
222.07
220.055
224.791
239.827
230.279
222.421
222.458
238.735
225.79
225.076
223.061
224.84
235.518
222.99
227.108
222.388
236.608
222.706
222.842
223.324
226.108
223.846
225.201
222.019
240.088
224.845
221.215
224.62
238.355
224.406
223.343
215.463
236.192
230.236
227.784
225.167
226.461
225.923
226.335
237.201
239.026
246.013
236.833
237.703
250.367
238.138
232.192
225.616
250.175
226.666
222.371
223.665
226.283
243.15
225.254
227.335
226.357
238.933
225.833
225.206
226.535
242.825
225.525
225.393
236.726
239.529
238.996
226.257
221.516
242.524
225.399
222.601
225.381
238.679
225.423
224.467
225.062
223.598
226.939
225.512
226.569
227.988
229.057
225.245
226.46
233.796
238.893
226.96
222.3
224.526
239.092
224.454
226.073
222.603
252.804
223.921
225.128
224.271
238.318
224.864
229.451
226.355
240.47
224.43
225.749
226.288
240.789
224.64
226.157
222.301
228.216
223.747
226.733
226.075
226.505
240.336
225.992
225.565
225.468
240.647
225.378
227.715
226.581
240.178
225.899
224.976
226.174
240.893
226.09
225.372
226.245
239.006
223.312
225.856
226.462
237.308
228.627
225.63
226.651
227.136
229.102
222.771
236.807
237.837
234.74
248.939
220.213
192.299
207.749
251.839
279.121
282.649
273.563
275.458
274.641
254.693
249.196
237.653
236.468
253.878
241.009
237.268
246.029
238.155
239.871
239.308
257.199
240.516
236.964
238.812
239.518
236.24
238.883
240.488
237.44
235.014
236.276
240.928
248.129
239.74
226.799
240.291
249.375
238.291
236.754
237.202
252.371
257.687
257.871
236.36
254.751
238.549
236.08
237.352
240.022
238.786
238.057
237.944
253.536
236.516
236.384
235.043
256.341
239.043
238.75
237.888
254.543
237.777
240.002
250.135
241.422
236.057
258.365
251.35
239.439
236.45
237.206
271.013
259.478
240.516
237.269
247.047
243.464
277.931
274.763
261.884
276.868
279.705
286.69
332.493
318.549
289.2
275.492
247.248
270.021
262.493
249.229
260.093
271.317
259.147
260.394
259.738
271.851
261.355
249.884
262.814
240.186
238.378
236.648
237.155
241.286
236.472
237.463
245.152
237.873
253.704
276.375
283.104
249.502
297.767
274.38
251.398
275.214
275.769
247.084
241.835
234.853
237.169
275.812
248.712
261.792
259.04
237.004
240.206
259.141
272.433
236.45
260.311
252.324
254.695
237.504
233.572
238.233
240.637
236.641
236.928
236.218
247.581
274.315
271.966
274.465
310.149
276.636
277.073
250.649
239.83
236.009
250.341
248.805
260.514
237.479
254.118
239.321
235.901
236.751
249.73
236.797
235.59
236.507
249.596
236.227
236.772
234.312
256.032
227.244
230.667
210.349
221.757
231.451
203.462
220.433
242.575
228.557
236.759
193.042
188.963
200.176
191.962
191.094
189.823
190.071
199.183
191.95
187.467
188.604
188.874
203.496
190.79
188.678
189.406
190.341
202.087
189.385
186.339
188.279
188.164
203.444
189.336
188.005
188.718
189.911
216.076
246.214
266.939
285.472
303.175
306.251
285.944
291.872
296.609
279.214
306.6
252.598
290.846
306.559
303.673
304.068
303.819
260.537
221.117
218.783
214.981
212.998
215.712
226.212
214.092
216.331
214.307
211.737
223.422
222.928
214.678
229.342
252.885
260.78
271.954
249.124
267.919
214.642
246.287
229.619
224.236
222.123
244.424
214.344
212.929
213.552
227.888
211.297
213.288
214.13
228.272
241.624
238.316
208.53
280.9
277.288
272.614
296.144
276.586
274.278
291.548
276.864
276.768
274.178
308.127
311.689
221.318
259.639
273.377
276.487
288.821
271.06
277.881
286.353
273.81
276.399
293.731
262.518
254.864
248.498
268.913
250.626
249.278
251.032
249.797
292.745
289.287
319.2
305.25
303.833
306.9
261.953
260.807
307.679
291.223
311.528
264.659
304.264
308.467
305.173
302.562
304.646
322.309
259.725
251.734
294.367
302.694
302.817
273.564
250.963
303.393
289.834
310.459
249.781
266.466
249.007
290.264
312.068
302.847
302.522
302.639
293.854
304.482
305.787
303.659
301.878
247.547
302.548
259.67
293.265
253.269
302.004
302.451
317.641
301.488
234.652
288.219
261.92
302.282
278.614
251.61
247.98
262.75
247.403
251.875
249.027
277.263
302.375
306.576
306.563
303.422
302.008
270.711
293.432
307.194
305.266
266.032
256.65
228.359
215.374
225.655
222.858
239.528
235.548
224.194
224.123
242.021
224.806
223.339
233.279
235.471
242.859
236.119
224.982
253.09
228.002
234.179
224.705
222.88
225.877
222.83
221.435
225.25
235.364
224.91
225.123
223.991
241.127
225.373
224.897
224.02
236.08
225.539
224.249
222.161
222.526
235.303
232.457
222.974
241.006
225.272
221.662
223.34
221.637
231.933
225.482
234.78
221.79
234.613
220.2
225.048
223.605
237.834
222.565
235.567
236.47
248.427
236.409
233.782
252.782
253.859
242.196
242.303
236.195
233.452
237.918
236.157
248.579
250.724
255.817
253.007
267.01
252.21
252.857
265.548
245.721
242.697
241.45
238.206
234.071
233.359
233.906
245.325
234.235
248.391
267.696
257.461
252.108
250.721
266.243
251.89
252.37
266.249
252.832
251.849
242.88
259.696
235.582
234.913
246.365
236.519
252.609
251.751
267.279
237.712
251.915
266.631
255.762
250.205
251.84
252.787
242.859
237.105
221.085
235.288
227.479
225.094
220.688
247.48
223.413
232.491
232.98
249.508
235.122
222.439
225.778
238.121
225.321
225.292
220.13
225.758
225.241
224.148
223.008
238.16
240.734
233.893
232.951
249.977
257.066
235.912
241.666
255.322
242.311
239.99
226.48
241.095
223.117
225.329
224.611
235.091
223.958
222.331
222.923
234.174
222.474
224.16
224.933
241.081
236.539
233.468
234.586
246.962
234.295
238.268
237.009
265.607
252.379
253.228
252.874
254.228
252.611
252.961
266.256
256.219
254.111
252.73
234.743
235.035
234.217
236.301
235.523
234.44
235.023
236.652
235.198
248.363
246.125
246.296
233.874
234.197
238.786
246.338
252.133
252.745
266.618
252.407
252.092
251.608
252.902
234.473
253.508
270.067
251.897
252.437
251.891
265.552
251.706
251.889
270.114
257.027
252.23
252.014
256.072
252.238
252.563
274.46
252.044
253.43
253.203
242.781
241.287
241.028
247.673
234.158
234.225
232.926
247.131
234.198
234.109
234.434
249.941
232.895
221.687
220.436
238.416
221.696
222.342
220.116
234.014
222.272
226.384
223.086
242.082
234.274
224.934
234.048
240.879
232.769
238.027
236.139
241.916
255.88
250.538
252.486
262.331
255.781
251.63
265.908
242.43
238.328
250.874
236.799
223.641
221.84
222.693
233.861
224.553
223.986
222.018
234.616
238.702
231.794
230.614
233.465
232.603
230.446
218.886
243.654
238.866
221.806
234.225
245.837
220.501
225.138
224.213
249.264
235.192
230.728
303.104
273.524
259.792
251.06
237.195
252.998
234.474
224.624
225.389
237.942
222.684
220.631
221.837
234.606
233.908
232.853
233.794
249.271
236.51
231.042
233.69
242.762
233.653
232.865
232.814
236.38
237.169
233.3
232.688
235.776
231.709
234.565
235.47
235.347
232.233
233.845
232.371
251.442
234.58
230.85
233.079
245.6
237.209
242.729
232.778
238.332
234.242
231.695
233.186
246.769
234.663
231.922
232.003
245.12
233.256
235.735
233.487
248.186
235.157
233.034
238.249
247.428
235.487
236.009
236.16
240.49
246.57
234.089
224.724
233.045
224.998
223.855
220.828
223.659
230.94
222.495
233.21
233.347
246.038
232.972
234.839
234.418
246.776
233.587
232.856
232.868
250.459
234.131
234.737
235.084
248.398
231.38
233.246
233.743
249.753
230.699
233.244
272.781
246.315
252.212
196.858
185.557
197.376
184.645
184.204
183.752
184.988
195.896
184.464
182.546
183.95
183.992
195.926
184.868
184.883
183.605
184.333
199.259
182.986
183.307
183.093
183.461
198.345
184.163
185.031
183.274
184.82
218.73
200.42
198.402
227.061
247.971
236.054
235.253
231.872
240.846
235.833
234.582
232.516
247.635
234.589
232.814
232.164
249.175
234.228
233.038
239.87
241.316
222.125
223.428
236.176
220.02
198.155
198.044
198.505
199.077
212.333
198.772
197.957
197.493
213.126
200.107
199.307
196.196
196.832
209.106
198.94
196.311
197.415
196.297
211.425
198.456
199.745
198.566
197.798
213.737
197.241
198.984
197.156
214.255
200.613
197.688
197.308
196.417
212.269
198.048
197.903
197.848
194.796
200.176
193.379
194.799
193.466
191.941
216.002
198.417
197.34
196.631
213.541
198.191
195.139
195.588
197.313
211.629
196.096
195.109
197.079
197.466
213.86
196.336
197.165
194.248
196.54
212.865
195.938
195.421
196.323
209.256
201.661
197.09
195.504
195.521
211.434
218.485
231.517
221.557
235.822
222.367
223.757
218.848
236.705
223.271
221.241
223.699
221.138
247.067
235.997
258.709
272.828
277.149
263.768
254.273
270.324
260.027
253.917
267.96
256.969
227.233
222.566
234.435
225.935
223.099
219.915
223.159
226.477
218.876
223.478
223.537
250.979
233.9
232.378
233.056
248.871
229.65
221.989
219.28
238.225
218.6
221.878
219.885
227.211
223.29
232.242
223.278
244.542
286.241
300.744
305.651
307.603
263.557
284.849
267.065
268.158
283.026
273.868
269.992
263.849
288.601
270.997
263.117
281.475
267.3
279.065
306.432
267.469
267.217
258.575
244.666
248.69
290.107
316.666
301.665
318.226
303.697
306.216
312.861
295.854
269.811
267.562
296.602
266.119
306.993
270.464
267.117
310.816
319.602
307.899
285.413
305.808
300.371
315.891
307.522
304.431
304.854
306.77
299.477
298.497
270.162
264.118
269.398
271.615
270.161
268.444
279.448
293.794
277.906
288.331
278.195
304.068
319.346
303.539
276.728
276.48
281.525
263.458
285.022
285.488
278.281
317.054
307.573
304.347
280.619
303.691
300.107
311.415
267.479
265.461
281.112
266.117
268.965
313.64
302.931
304.206
312.946
306.432
299.43
291.702
288.846
280.456
279.101
271.485
263.336
266.962
273.756
264.919
270.024
249.664
279.389
280.299
305.002
269.335
291.497
278.969
300.684
299.055
321.124
265.698
267.784
279.575
267.342
269.851
268.875
283.457
320.928
271.563
263.652
249.286
261.235
220.756
206.839
203.075
202.765
215.688
207.127
204.215
203.412
201.519
217.896
203.845
213.044
202.094
213.027
204.837
203.667
201.988
219.609
204.288
202.912
203.518
218.136
204.59
204.209
202.494
201.348
205.138
205.334
196.977
192.987
205.372
191.321
202.621
201.862
202.279
209.963
205.439
219.601
201.802
219.748
203.991
202.978
202.548
214.49
203.18
202.265
202.378
229.398
202.533
202.591
203.119
217.81
202.464
203.791
202.828
220.437
224.729
203.687
202.624
203.607
203.683
203.213
205.612
202.042
222.107
205.679
206.058
202.243
216.994
202.58
202.624
204.851
232.199
203.928
202.169
203.156
227.584
211.523
203.203
202.253
203.373
207.487
202.559
201.535
201.744
278.9
203.437
185.739
181.549
266.458
180.995
175.989
177.285
175.645
191.14
177.56
177.834
174.281
174.731
193.956
178.776
177.513
174.929
174.472
175.287
191.998
177.188
176.512
174.488
175.194
176.352
176.316
174.406
174.773
175.631
188.55
176.672
175.146
175.233
175.368
186.169
178.177
175.679
175.227
174.452
174.083
186.765
176.253
174.103
175.423
174.966
189.057
177.465
174.287
174.974
174.755
189.405
177.351
175.039
175.339
174.988
178.06
189.375
175.717
174.23
175.395
176.446
186.646
176.861
206.207
201.188
193.769
208.615
192.015
201.232
201.577
209.468
203.444
200.982
201.662
201.512
206.381
199.655
201.505
201.47
209.787
203.823
202.244
201.27
211.808
198.421
207.51
202.545
201.265
208.579
194.944
191.529
191.302
189.806
208.338
190.615
193.335
190.705
189.22
199.818
201.964
202.576
205.067
210.912
202.876
200.828
202.562
201.416
204.896
202.649
201.448
208.793
224.091
202.635
201.579
200.228
211.778
230.963
216.49
215.504
226.42
215.085
247.647
244.996
279.155
245.556
248.018
261.14
246.028
246.673
246.202
247.589
245.635
247.446
244.598
250.84
247.098
247.854
260.284
248.239
246.116
247.262
267.388
245.403
248.21
259.247
246.623
247.101
235.506
252.108
250.067
245.673
272.676
266.458
256.61
245.103
258.649
247.594
246.067
294.615
260.072
256.543
256.429
261.094
257.47
257.827
270.868
255.768
247.403
263.39
247.428
248.337
246.985
263.27
249.841
247.7
255.419
259.52
257.929
256.132
261.4
249.105
246.765
272.362
258.802
259.942
256.854
275.575
246.354
247.022
261.003
245.63
246.05
255.067
274.962
258.007
257.003
247.106
248.162
259.861
268.991
258.725
266.526
252.112
224.379
257.076
246.015
269.777
255.408
255.045
245.917
273.403
246.026
257.366
259.692
245.31
246.191
247.621
257.81
244.457
246.871
258.767
247.438
246.045
246.837
245.352
247.78
247.134
245.682
249.27
247.422
242.984
259.04
248.404
245.397
245.063
234.93
215.777
244.807
244.547
248.862
246.58
245.425
262.489
260.495
247.384
247.454
264.768
245.415
247.312
274.105
255.659
245.744
246.266
250.236
248.328
245.562
262.281
245.754
247.542
245.384
298.31
277.284
306.718
307.524
269.726
301.926
289.022
232.626
215.754
217.534
243.092
216.803
212.42
211.667
229.094
217.747
191.233
183.857
185.853
196.569
187.466
184.92
185.479
183.611
202.031
216.906
215.186
213.607
236.43
221.918
233.559
230.203
234.144
223.307
233.367
230.502
220.947
234.629
217.944
221.835
218.105
224.923
232.151
219.303
232.309
236.951
275.848
298.091
277.479
276.261
255.19
275.497
289.455
291.493
299.184
240.37
233.392
231.481
229.717
224.737
221.528
230.749
219.285
251.573
235.08
242.002
220.692
233.883
222.19
223.705
228.066
234.23
237.958
220.407
219.911
218.104
237.348
222.203
221.291
218.428
236.334
308.666
306.101
253.979
337.258
344.721
354.059
262.159
236.977
255.674
246.585
244.61
248.18
271.596
259.407
256.47
257.099
270.809
255.951
244.168
257.369
260.652
255.545
259.19
256.52
258.181
256.584
256.158
270.276
254.843
256.331
257.188
261.818
255.141
242.906
246.281
255.441
255.496
255.337
270.922
254.231
255.649
252.457
271.458
234.242
232.818
233.938
250.215
254.787
256.748
256.584
266.719
254.63
254.76
255.057
262.492
224.4
210.925
218.455
208.537
205.593
204.894
203.821
204.302
205.141
204.454
207.054
223.785
205.219
205.422
203.865
229.675
214.767
195.723
201.129
245.202
217.672
226.588
214.373
227.337
271.673
204.082
201.193
241.911
227.201
219.744
220.691
232.36
220.868
220.939
216.824
217.891
244.564
229.64
217.584
227.435
238.558
217.477
220.269
220.43
245.566
229.34
220.003
220.976
233.262
218.023
219.93
219.671
218.333
231.752
231.014
231.928
233.613
259.341
238.954
228.006
232.995
269.556
231.382
229.126
229.801
234.489
230.152
229.92
231.341
243.247
231.752
231.806
230.489
243.197
231.619
215.222
219.605
231.328
221.389
219.349
219.024
234.111
227.744
230.923
227.818
239.133
230.863
216.254
228.648
241.13
221.028
218.065
218.519
218.315
229.586
220.109
217.235
214.408
233.289
217.69
218.886
219.681
233.466
221.937
216.44
222.118
217.944
234.974
218.412
229.346
228.24
237.376
228.444
228.147
228.792
233.553
220.331
231.503
230.87
247.46
235.719
230.546
215.981
242.619
218.916
231.428
232.577
234.861
230.037
230.712
220.153
218.793
223.541
227.151
221.74
219.795
246.195
231.108
233.145
230.899
246.823
232.591
232.958
231.355
236.189
217.897
231.819
229.954
222.532
215.554
234.75
230.506
244.17
231.618
227.004
228.315
242.158
229.253
227.307
229.367
246.844
231.184
227.966
229.055
241.726
229.397
227.437
232.293
232.19
236.64
229.295
232.944
232.447
271.409
239.545
236.567
248.293
228.973
226.724
237.185
234.994
238.679
235.003
232.727
234.751
252.834
245.59
236.946
244.012
235.09
235.641
233.567
254.023
236.427
223.123
235.749
244.848
237.265
225.717
236.578
233.282
241.584
237.326
233.221
247.173
224.548
226.113
226.057
222.528
238.896
223.135
224.131
222.335
225.09
225.813
223.357
222.472
240.742
227.074
223.039
233.788
251.665
238.582
225.582
233.867
252.8
244.323
222.67
224.224
248.089
237.511
223.966
224.992
238.853
226.989
224.893
223.184
222.745
228.835
228.831
221.463
226.329
240.678
222.605
221.61
221.858
240.452
223.421
223.452
225.897
238.532
227.21
223.019
224.393
233.882
224.237
225.929
235.244
237.745
229.158
223.93
221.737
227.071
238.203
234.874
223.348
224.744
239.611
223.16
233.75
225.977
241.099
234.604
222.805
223.223
240.147
227.21
225.725
224.491
238.358
226.335
235.09
233.112
250.472
237.229
237.052
234.793
246.732
238.625
236.914
233.268
249.19
237.22
237.015
237.094
255.779
235.364
235.467
222.61
234.339
237.672
233.84
237.292
246.239
235.9
232.481
237.827
244.648
236.23
222.877
234.702
231.344
237.497
232.09
219.521
231.755
227.17
234.312
