246.126
146.066
152.076
129.333
124.442
122.373
122.974
122.051
120.56
132.965
146.349
125.086
121.925
120.532
120.09
120.226
120.003
135.622
125.396
122.055
120.136
120.49
120.672
120.271
134.797
125.835
121.882
121.635
120.911
120.645
121.166
119.82
130.881
126.937
122.382
121.156
121.906
120.762
121.855
120.638
144.027
126.698
121.444
120.518
121.258
120.935
120.875
132.27
129.413
125.14
126.041
124.451
124.4
125.307
124.562
139.688
124.749
128.662
146.273
147.401
144.329
151.66
152.398
144.521
146.944
150.703
143.916
142.749
153.758
146.115
149.982
144.739
144.09
142.92
162.346
151.976
148.214
148.568
211.61
228.722
209.534
206.823
203.378
203.685
243.352
202.764
193.648
157.964
231.112
206.879
215.266
205.299
200.198
217.778
270.468
317.551
202.698
311.301
209.039
238.827
231.091
241.045
236.889
191.822
192.565
241.01
232.673
280.272
252.688
192.22
182.236
181.856
179.711
152.755
147.711
145.666
145.169
144.846
161.035
154.325
151.741
149.216
149.08
148.368
165.612
157.026
150.722
150.139
150.22
149.081
157.603
155.45
148.547
149.302
150.885
148.139
160.789
175.671
152.346
153.005
154.477
151.773
167.357
166.161
158.044
158.142
159.18
157.87
177.857
161.995
158.973
159.176
159.806
158.769
174.277
161.342
160.146
157.977
160.69
159.238
185.295
161.66
155.638
170.291
159.598
195.32
192.284
220.347
203.207
202.569
227.815
212.903
208.815
204.374
234.734
202.337
201.868
197.962
196.769
236.318
199.041
203.552
186.94
210.769
181.521
169.286
182.476
176.849
169.387
167.865
168.995
159.425
164.511
165.821
179.465
171.253
189.89
173.851
171.164
188.966
172.903
170.977
163.571
175.33
181.898
159.513
168.173
203.282
279.556
189.596
314.785
295.786
280.157
292.193
293.676
305.883
251.457
238.423
245.976
295.913
264.957
272.827
265.137
189.98
194.644
194.739
186.788
185.339
202.371
194.869
194.422
226.027
192.333
190.662
195.207
190.308
206.01
150.467
142.434
150.793
148.762
149.618
150.507
216.875
186.039
190.819
175.828
150.531
141.63
143.955
143.714
139.518
139.203
145.808
144.479
145.101
140.229
153.362
145.095
166.761
142.018
141.672
140.96
142.587
150.854
171.136
146.42
143.111
146.644
145.633
143.272
170.749
141.606
167.666
170.051
168.625
166.639
192.587
167.57
167.693
167.128
166.436
188.995
178.828
176.133
172.228
176.489
174.706
179.292
175.125
179.125
174.803
179.211
180.39
166.547
167.119
166.021
169.952
191.655
175.65
176.981
174.636
177.251
185.58
178.505
175.168
175.095
175.224
186.823
176.37
175.151
213.617
168.26
157.462
176.283
171.736
158.518
157.938
156.516
184.804
163.484
156.212
150.146
151.307
150.401
179.569
153.753
151.016
149.846
150.368
155.247
163.123
152.191
186.973
168.516
146.205
142.703
157.718
145.191
142.125
140.701
140.931
141.051
158.212
151.489
151.013
151.936
159.893
205.659
198.939
175.279
180.262
172.764
176.078
214.996
215.494
202.106
203.906
203.628
223.637
207.547
202.549
219.075
183.932
181.025
154.278
153.816
151.432
148.092
176.39
154.218
152.333
150.061
152.269
149.533
170.648
158.462
155.435
153.791
154.317
150.891
178.512
154.793
154.471
155.407
155.31
151.327
173.415
156.152
154.568
153.553
167.879
143.053
171.815
147.935
141.814
140.827
136.04
151.791
198.516
159.668
157.968
153.737
151.217
148.347
180.85
171.464
174.561
156.143
158.066
179.061
157.789
158.411
151.888
146.137
146.614
175.969
145.929
149.884
151.43
153.021
154.417
177.448
155.53
145.097
143.874
154.524
158.855
172.165
157.646
151.695
151.248
147.838
153.797
166.507
157.749
149.123
157.254
164.535
152.263
174.456
153.577
154.251
153.717
150.592
151.018
204.665
171.186
141.741
132.537
132.892
128.565
137.037
125.047
122.133
120.528
120.558
120.035
120.195
145.477
129.364
126.197
148.11
127.074
125.437
125.445
138.104
129.172
125.475
125.962
126.192
125.16
126.079
124.949
148.179
127.487
125.403
126.146
125.525
125.846
126.527
146.665
156.609
130.366
127.039
130.733
130.447
125.503
137.146
126.467
125.872
125.501
126.086
142.737
126.416
136.161
126.811
126.097
125.794
125.157
126.16
125.638
126.419
144.773
126.429
125.804
125.388
124.913
125.838
124.602
140.448
125.578
125.288
128.372
126.08
124.865
126.109
139.887
126.751
125.617
124.413
144.167
138.227
125.792
137.466
127.95
125.778
124.456
125.43
124.206
125.682
124.543
142.664
126.814
125.774
125.274
124.886
124.924
125.948
140.715
127.425
125.819
125.384
125.003
124.723
124.788
141.913
131.553
126.53
125.615
125.401
134.058
128.612
136.086
129.157
126.594
126.638
130.252
128.128
124.867
124.802
128.238
125.758
130.27
135.854
127.225
125.307
124.826
139.792
158.583
155.399
679.489
214.626
186.411
182.004
168.27
195.391
186.844
192.952
188.062
170.228
175.448
156.838
157.026
156.485
157.452
154.91
213.292
157.668
156.856
157.596
155.307
179.637
152.451
149.337
146.778
223.669
158.648
174.504
147.783
147.951
144.609
145.475
146.901
172.7
149.564
148.248
146.615
145.739
145.026
173.818
170.487
165.64
165.803
158.921
160.413
196.119
163.985
164.378
163.466
160.991
190.284
160.749
283.924
224.345
242.247
213.645
246.52
248.357
237.539
175.078
202.867
202.255
199.617
229.139
201.726
252.721
215.839
209.762
163.956
193.482
195.368
196.586
206.381
202.065
200.982
198.914
239.557
162.395
146.586
149.53
150.88
150.476
166.221
151.35
150.562
149.633
149.298
148.711
170.462
149.881
152.173
147.437
191.584
171.677
176.089
163.25
160.341
164.2
161.627
182.639
166.763
150.778
146.625
149.319
146.362
171.569
151.512
148.755
147.421
191.936
148.762
171.403
149.509
148.39
147.611
147.611
146.726
174.635
149.208
149.251
151.153
149.839
147.972
165.951
149.845
148.471
149.087
149.813
146.137
170.606
153.319
147.538
148.741
148.453
148.895
162.239
150.411
146.228
152.423
165.052
151.328
203.265
158.077
155.111
153.316
155.243
154.485
166.332
151.662
154.09
153.386
154.729
153.251
168.037
170.02
192.588
190.974
172.308
199.561
171.301
168.375
173.539
168.297
191.528
176.266
169.552
170.084
168.324
166.883
185.74
171.21
170.268
170.729
168.317
154.726
155.219
161.887
164.664
148.188
145.303
161.325
149.644
145.887
144.005
144.192
145.026
144.181
162.502
142.582
143.865
163.352
157.081
154.492
177.323
156.781
157.631
155.476
153.195
157.572
172.894
158.435
159.445
167.535
153.896
162.387
157.764
150.544
150.011
150.374
146.131
148.424
172.789
304.98
145.87
143.641
147.206
159.62
148.288
148.513
147.849
147.868
144.296
165.818
138.047
123.454
131.673
125.392
125.568
124.573
141.824
124.466
124.741
124.206
125.275
125.157
125.376
137.292
123.668
123.717
122.566
122.943
138.631
126.822
139.499
124.344
122.483
161.343
137.945
118.864
116.898
131.282
119.462
115.574
114.144
113.984
120.772
122.706
115.604
131.716
115.247
113.009
120.724
160.691
144.666
159.752
175.498
146.559
150.909
148.56
146.84
144.847
152.504
144.879
145.683
146.969
145.749
144.146
192.702
151.998
136.26
132.738
133.118
130.803
131.217
146.014
133.072
133.168
131.932
129.998
129.757
130.066
145.724
132.912
130.004
130.09
137.643
138.307
136.197
143.415
136.901
134.616
132.323
133.52
132.982
145.605
138.679
134.422
132.616
132.163
152.113
133.365
147.659
135.882
134.432
133.332
134.363
132.249
133.268
151.733
134.813
133.737
132.371
133.755
133.206
133.145
145.026
133.68
133.198
132.892
132.924
134.856
133.268
152.176
134.522
133.782
133.393
133.46
133.409
144.543
136.873
133.995
132.834
132.94
133.079
172.684
164.57
159.939
148.458
145.094
143.546
189.109
211.105
197.736
200.301
138.74
144.027
132.835
129.598
128.406
130.075
139.95
131.925
139.905
132.551
129.825
130.553
144.926
134.43
130.977
139.087
130.493
130.849
128.063
127.848
129.096
141.101
133.826
140.211
143.761
160.872
132.507
129.901
130.365
143.853
150.567
165.612
155.183
151.288
149.699
165.299
151.058
150.1
150.574
150.136
149.098
163.901
153.323
151.086
152.349
153.215
150.742
174.752
153.56
149.566
151.399
150.32
166.974
172.999
154.437
150.725
149.612
173.987
151.54
160.659
153.525
154.701
153.538
153.696
152.001
165.618
152.379
149.636
152.186
177.225
149.826
157.48
154.398
147.841
146.962
148.09
183.523
150.337
146.331
147.336
147.884
157.934
150.771
147.943
141.131
132.637
134.083
179.481
151.91
147.192
145.849
139.266
147.239
167.529
148.968
147.127
147.847
145.74
173.588
160.946
153.278
200.607
146.434
176.362
145.816
144.593
144.158
143.645
153.212
156.314
144.337
145.172
142.779
144.232
159.823
143.458
143.073
144.042
142.478
179.453
146.185
143.48
144.355
143.862
142.855
148.495
144.84
144.148
145.209
143.303
165.275
148.379
146.981
145.669
146.596
158.881
162.701
166.701
147.135
147.868
147.609
149.448
146.348
163.724
171.032
145.726
156.157
143.524
143.893
143.999
143.544
160.479
143.531
142.959
143.583
144.099
221.589
187.117
173.404
171.131
170.961
182.605
172.373
169.826
171.884
169.946
151.913
158.842
134.036
128.135
126.839
125.808
126.748
131.878
149.122
130.137
128.388
127.624
127.022
125.91
126.297
143.982
131.612
127.621
126.492
127.619
126.421
126.963
142.659
133.691
127.757
128.502
134.445
153.148
126.538
141.112
131.939
127.359
124.933
126.404
125.631
125.629
136.306
130.474
126.594
125.815
124.977
126.147
125.148
125.859
145.438
130.641
127.523
126.635
124.575
127.066
128.104
139.699
129.845
126.535
126.455
125.964
125.498
124.877
144.846
132.518
126.364
126.822
126.1
126.625
126.166
125.844
130.983
130.187
127.001
126.588
128.03
127.705
126.228
139.858
131.553
128.93
128.629
126.533
127.18
127.772
143.962
128.665
128.409
127.401
126.436
130.448
126.151
136.436
127.052
124.545
125.693
125.422
125.692
124.61
125.533
152.401
128.957
125.859
126.698
125.828
125.676
125.278
149.85
166.332
145.323
122.055
119.709
118.94
117.201
135.492
117.176
116.337
114.539
115.488
115.218
116.361
131.452
120.098
118.349
117.886
115.949
116.965
116.611
115.769
131.654
120.076
118.363
116.888
117.176
116.839
118.126
117.897
140.054
119.191
119.113
117.394
116.791
117.483
118.469
128.341
120.411
116.084
118.312
117.083
116.418
133.367
127.395
141.103
127.646
125.865
125.273
125.23
123.766
124.906
142.917
127.787
125.152
125.059
123.778
124.568
124.38
135.954
128.475
126.456
125.016
124.196
124.023
124.126
135.712
129.53
125.59
125.192
125.955
124.488
124.467
124.566
142.963
125.925
125.434
125.212
124.347
125.306
123.896
142.499
128.622
126.583
125.407
126.643
126.033
124.398
140.749
126.178
123.732
124.851
123.94
124.472
123.928
127.841
128.554
125.603
124.274
124.049
146.081
124.618
123.575
133.176
122.965
123.672
123.361
122.96
122.445
123.531
144.739
124.705
124.411
126.184
125.073
124.926
125.2
135.549
127.028
139.872
172.016
143.331
133.977
130.026
148.434
129.386
129.461
129.487
129.238
128.851
127.137
144.556
128.432
129.281
128.579
129.49
129.105
129.352
144.3
128.734
127.485
126.817
127.682
130.395
129.115
135.713
131.011
127.966
128.78
127.367
130.602
128.186
146.956
129.744
129.085
127.806
128.97
136.42
131.47
144.955
130.505
130.02
128.661
129.24
128.862
128.64
147.999
131.982
129.426
129.649
129.834
127.375
128.045
145.445
130.23
129.386
127.885
128.2
151.341
144.724
145.721
141.519
138.987
139.045
139.611
140.212
147.713
142.943
140.213
138.354
139.755
139.614
140.491
157.724
140.253
138.14
137.951
138.356
140.399
138.218
157.95
140.379
139.207
138.417
138.315
139.618
150.228
141.962
140.727
140.019
139.067
146.371
140.468
158.986
141.497
140.454
139.58
138.991
137.963
155.682
146.071
141.063
140.332
140.845
141.439
141.329
155.698
142.539
141.132
156.961
157.713
144.925
159.894
143.454
175.538
173.61
175.515
181.234
178.225
174.318
175.47
147.896
142.658
186.724
173.229
171.658
142.278
160.059
157.424
158.24
142.834
143.542
143.097
143.511
142.785
186.796
173.302
138.786
129.885
134.034
131.011
130.239
146.568
129.322
133.075
130.228
130.498
129.271
129.419
145.794
131.962
131.511
129.358
130.001
129.667
130.03
143.786
130.459
129.582
129.616
129.599
129.199
129.187
148.577
130.699
129.716
130.053
129.582
129.604
132.45
145.048
129.656
129.59
129.786
130.173
129.194
129.459
146.765
132.699
130.01
130.243
131.019
130.529
129.984
144.799
131.291
129.763
129.687
130.802
130.404
128.456
140.708
132.203
138.564
130.412
129.894
135.074
130.786
143.06
131.911
129.967
130.118
130.285
130.137
130.733
147.16
132.868
130.134
129.704
131.477
129.349
130.058
144.978
132.176
127.438
127.349
128.2
128.277
269.37
143.355
133.984
132.597
132.513
164.363
201.776
215.482
204.769
205.34
256.44
273.565
207.612
201.769
203.375
213.497
204.926
205.502
206.109
203.897
208.122
217.316
220.595
216.357
208.491
202.607
206.258
216.507
234.602
203.943
205.537
207.816
216.086
206.92
200.254
203.394
204.28
221.805
201.079
206.47
203.209
203.128
218.094
209.107
207.35
143.435
190.524
205.102
203.125
202.389
202.975
220.461
204.699
201.66
210.626
198.014
205.431
201.904
206.342
208.676
207.351
201.351
206.248
203.682
206.84
221.935
202.6
204.93
207.525
203.465
212.999
200.292
178.042
141.22
131.627
155.058
176.376
203.365
138.839
131.685
129.284
142.051
130.649
129.506
129.046
129.303
129.26
129.098
133.45
165.721
159.634
155.751
169.939
158.468
175.745
154.018
152.412
150.41
151.251
168.591
154.352
152.002
154.289
133.401
128.844
121.766
115.035
126.981
116.573
115.149
114.795
116.142
114.538
114.625
115.299
131.654
115.347
114.922
115.392
115.216
117.399
115.38
115.005
119.487
116.172
114.205
114.728
115.576
115.344
114.521
131.705
132.196
116.707
114.902
114.935
115.691
115.213
114.187
130.223
116.41
114.653
114.538
114.361
114.634
114.291
114.19
128.066
116.466
114.164
113.729
114.085
117.887
115.067
115.41
154.719
138.602
133.877
132.403
132.887
133.267
132.199
145.375
134.514
132.432
133.231
130.768
137.666
133.753
149.935
133.131
133.648
132.028
132.833
131.66
133.205
135.697
132.46
131.78
132.657
133.066
132.899
133.853
144.683
134.007
132.936
132.503
131.916
130.899
142.62
135.121
131.768
132.262
130.829
131.306
132.659
145.167
135.38
131.992
132.304
132.292
132.066
131.431
145.626
135.447
132.384
132.232
133.183
131.644
131.618
144.99
135.724
132.169
133.281
130.773
132.406
130.734
144.138
134.434
134.087
131.527
165.519
156.037
130.174
145.145
128.079
126.508
123.964
125.151
123.576
124.721
138.084
127.037
126.334
127.374
125.666
126.24
126.16
130.762
131.551
127.6
126.057
126.147
126.584
125.699
164.754
124.268
131.627
121.098
116.78
116.722
116.229
115.529
132.517
118.412
116.105
116.152
116.259
115.997
115.989
115.543
129.325
117.528
116.075
115.793
115.751
116.093
116.328
116.091
123.681
116.632
116.68
116.715
116.846
117.633
116.96
131.648
124.146
117.796
115.691
115.352
118.938
121.847
117.546
132.914
118.126
116.955
117.104
115.277
117.008
117.242
116.442
132.843
117.878
115.871
116.89
116.476
116.575
116.71
128.583
119.239
116.884
116.301
116.665
116.045
116.436
116.343
126.595
121.281
117.943
118.588
118.153
117.885
118.07
118.835
132.647
119.715
117.119
117.612
118.649
118.52
117.799
118.421
140.178
119.949
118.11
118.722
119.129
117.839
118.156
127.684
122.039
118.535
118.09
118.288
118.147
117.528
118.324
133.432
118.804
117.835
116.632
117.396
151.234
146.769
145.232
130.248
128.564
128.002
126.603
126.699
124.958
141.193
127.434
126.562
126.756
128.125
127.611
127.578
133.196
130.419
127.488
126.252
125.857
126.248
128.345
142.342
131.041
128.3
127.192
127.271
126.231
125.132
125.557
130.364
127.528
128.143
127.467
127.207
127.291
126.515
146.077
129.151
128.173
125.074
127.736
126.11
127.427
141.183
128.138
126.335
126.031
125.598
125.487
126.411
160.155
139.043
135.722
134.834
139.11
136.217
144.007
138.225
135.136
133.804
135.367
132.734
136.224
139.19
138.682
136.582
136.149
135.178
132.447
134.031
152.534
136.904
134.873
136.122
135.962
135.421
134.282
140.764
137.483
133.857
134.379
135.43
135.21
134.011
150.385
136.7
134.429
133.98
134.324
135.506
147.532
137.92
133.761
134.67
133.803
138.115
137.273
148.293
139.485
135.567
134.071
135.296
136.173
134.097
149.574
134.997
133.154
132.374
146.709
136.159
179.928
152.637
121.289
116.938
117.341
117.425
118.22
118.266
138.123
130.607
128.914
130.575
129.263
127.901
128.286
143.714
127.423
126.297
124.49
125.414
125.446
126.497
141.815
128.569
125.507
125.558
125.336
125.469
125.678
136.418
127.437
125.071
125.916
135.892
126.31
127.784
147.798
132.048
127.967
126.768
127.362
126.084
125.131
137.742
130.346
126.277
126.751
127.357
126.174
126.424
125.438
144.463
160.31
151.607
155.537
165.589
156.333
163.524
155.425
158.849
152.641
151.992
164.305
160.055
159.553
157.114
157.653
140.577
129.509
125.131
118.096
116.55
116.47
126.872
115.751
115.915
130.958
119.023
115.6
114.494
114.634
114.457
113.682
114.151
130.016
116.135
115.251
115.026
115.414
114.217
113.874
114.356
129.086
115.417
114.201
114.858
115.015
118.337
114.854
115.224
132.526
115.305
113.943
115.549
114.277
114.163
113.956
124.733
118.069
115.318
115.019
116.255
114.736
125.375
130.043
174.779
132.362
130.82
134.417
129.368
127.611
127.554
155.737
149.545
136.515
133.961
132.214
132.073
142.86
139.097
161.103
161.113
146.867
146.707
165.049
167.792
155.912
149.383
143.088
145.319
144.624
150.585
143.267
143.649
142.786
142.864
144.233
188.6
173.811
175.714
175.481
175.809
168.754
176.787
174.897
175.722
175.761
185.467
178.278
173.891
175.505
175.348
171.521
190.645
173.696
174.89
175.457
175.494
168.107
173.785
175.725
174.603
150.449
147.16
162.602
161.066
142.822
143.752
145.328
144.73
163.013
143.778
142.986
143.653
142.582
144.164
156.159
175.507
174.943
171.06
183.641
176.1
183.391
174.924
174.88
174.875
176.339
184.29
172.648
172.236
176.269
175.25
189.352
176.846
173.729
173.194
190.212
177.305
179.952
260.835
204.989
192.319
156.583
130.143
128.02
128.797
129.894
128.513
128.487
147.34
128.651
128.703
125.909
127.286
125.432
126.414
142.402
128.771
127.427
126.091
126.783
126.191
127.138
141.569
127.625
127.256
126.818
127.445
126.603
129.694
139.957
129.088
125.605
125.033
126.91
130.438
129.105
144.601
132.834
130.125
129.645
130.386
129.984
128.173
140.796
131.187
129.091
129.74
130.595
132.516
129.329
141.878
130.088
130.559
129.797
129.616
129.388
127.799
141.585
131.577
130.575
130.081
129.764
129.275
129.737
144.771
131.334
128.597
128.732
130.088
129.577
129.55
144.43
130.936
129.389
127.996
130.538
128.717
129.683
142.685
129.689
129.84
128.633
129.103
130.094
129.067
145.243
130.199
130.244
129.194
136.125
129.332
126.449
145.593
129.756
129.899
129.897
130.068
128.943
128.007
145.056
130.639
129.171
129.205
128.189
130.495
129.686
144.363
127.454
126.181
126.69
161.378
160.847
153.974
140.172
136.25
135.652
135.53
133.797
132.886
144.026
137.697
134.308
136.658
135.902
135.394
134.472
151.562
136.271
133.388
132.092
131.506
131.634
133.242
146.673
134.294
132.895
133.415
135.106
133.797
134.964
138.197
135.087
134.645
132.256
137.782
136.256
143.681
140.636
136.023
135.789
136.08
135.415
134.886
151.361
135.963
138.837
136.64
163.869
139.389
148.748
139.397
135.44
134.919
135.346
135.364
135.488
145.508
138.612
136.161
134.469
134.729
135.43
135.881
150.909
137.403
135.19
134.743
134.786
135.427
135.668
149.394
136.42
135.92
134.542
134.5
135.08
134.984
138.576
135.385
135.634
133.938
134.823
135.555
137.713
136.105
135.827
134.277
134.028
138.685
137.012
150.372
137.764
135.794
135.788
136.191
135.198
134.997
139.464
138.022
134.688
136.025
140.155
137.888
135.407
141.279
135.321
135.475
134.145
135.25
166.167
185.509
177.563
172.742
171.736
174.105
190.787
176.461
174.85
174.101
172.011
137.941
140.815
129.872
127.364
127.605
129.385
128.221
129.305
143.253
129.039
129.61
127.992
127.578
128.113
129.143
140.433
131.939
128.673
128.313
129.059
128.067
128.137
137.92
131.985
128.937
127.774
128.597
128.212
127.915
146.185
134.342
130.278
128.251
128.725
141.397
130.91
146.85
133.971
172.423
172.106
174.329
172.318
175.623
141.352
149.928
137.025
136.697
147.195
150.627
133.595
130.726
128.65
128.804
128.765
127.872
142.503
132.883
130.588
129.124
128.824
128.062
128.387
140.341
131.238
129.006
128.277
129.301
128.918
131.641
147.06
131.625
128.221
128.159
126.993
129.861
129.911
128.934
147.571
130.736
130.585
129.127
128.417
128.155
128.332
148.2
129.205
128.697
129.246
129.691
131.046
129.439
146.305
127.466
127.052
127.947
128.037
127.652
142.639
167.412
136.942
131.313
129.589
125.007
125.462
151.06
130.807
128.035
126.793
127.563
125.116
124.791
125.796
143.293
129.399
128.135
126.762
129.307
127.157
129.723
133.253
128.955
129.911
128.758
129.939
126.899
129.685
130.997
127.174
129.682
129.155
124.296
124.033
127.207
143.198
129.647
129.709
128.092
126.616
130.428
129.956
143.769
130.079
129.466
129.288
136.326
129.357
130.583
133.901
129.601
127.779
129.298
128.186
127.566
128.484
145.109
125.781
127.006
129.359
126.672
129.475
129.479
144.778
129.641
130.098
129.273
128.661
128.203
128.089
145.114
128.705
130.182
130.081
129.222
127.849
129.145
148.744
127.051
128.471
129.275
129.319
124.534
123.069
145.59
130.041
129.31
128.603
128.008
128.673
129.344
143.74
129.439
129.027
129.155
127.991
129.572
127.655
141.629
124.949
129.688
129.311
132.814
129.108
129.349
143.871
129.412
127.404
124.302
128.561
128.405
127.611
151.033
205.396
147.891
136.477
133.496
134.148
138.14
135.608
132.697
132.679
133.677
135.296
133.075
148.368
133.971
132.64
133.138
132.45
133.353
133.031
141.884
144.366
189.337
175.687
177.057
197.71
181.292
178.308
178.997
160.621
146.41
160.397
144.072
144.167
142.272
142.269
142.522
153.401
135.545
133.105
132.064
131.385
154.93
131.776
144.762
132.153
131.33
131.225
131.611
131.473
130.736
147.707
134.068
131.728
131.066
131.281
130.81
130.9
146.384
132.366
130.723
132.339
130.799
130.095
130.943
145.914
133.199
131.889
131.282
131.755
131.845
131.074
144.712
133.587
131.003
130.381
131.424
131.472
130.078
140.982
131.944
131.084
129.086
128.775
132.069
132.787
149.734
134.653
132.122
130.592
130.635
132.176
130.873
145.055
134.374
131.008
131.17
131.264
148.437
130.848
142.388
133.663
131.213
130.365
130.856
130.345
131.204
145.743
133.219
132.856
160.133
155.719
125.367
120.834
135.234
119.267
117.906
119.096
117.999
118.398
119.064
117.355
133.935
119.183
117.9
128.279
118.863
117.484
118.164
127.839
119.231
115.92
115.968
116.567
116.691
116.086
116.601
130.334
118.852
117.506
117.424
117.412
122.238
117.665
116.916
151.963
136.52
127.474
127.427
156.167
131.755
115.499
135.802
127.661
125.235
146.211
155.532
126.997
141.921
126.702
125.075
124.808
124.306
123.749
123.587
140.862
131.596
126.311
125.963
125.314
126.02
124.15
123.969
129.043
123.003
121.003
121.794
120.528
120.266
121.439
139.625
125.866
125.102
123.407
123.108
122.501
123.094
136.023
126.777
124.182
123.828
124.089
122.715
122.288
122.87
148.862
124.049
124.958
124.868
122.894
123.367
122.492
133.119
120.951
119.313
119.989
119.074
117.996
118.198
129.175
130.939
124.715
124.725
123.911
133.424
125.617
122.949
150.47
128.375
124.702
125.115
124.678
126.588
125
145.105
127.975
124.645
124.173
124.189
174.267
155.244
142.201
132.798
165.58
175.311
138.732
132.968
179.004
179.238
176.76
178.879
179.166
183.211
182.561
179.223
177.296
175.766
191.013
179.284
176.45
175.196
182.288
194.262
182.312
176.184
177.925
180.529
178.773
193.44
180.063
177.357
179.916
179.41
183.731
178.815
178.84
178.031
176.213
192.534
177.22
178.297
176.684
179.382
191.539
144.808
131.875
131.608
132.237
132.005
131.474
150.509
139.689
131.154
131.812
131.716
131.398
131.556
137.636
134.863
131.605
131.85
130.065
132.032
130.672
146.03
136.822
134.859
132.293
131.104
130.262
130.359
144.042
134.889
132.901
131.55
131.344
131.213
131.046
146.629
138.229
129.271
129.544
131.802
143.405
133.873
143.611
134.067
132.79
131.812
130.251
131.209
131.856
142.676
133.608
132.059
131.16
131.515
144.778
141.242
183.779
145.428
132.81
131.414
131.06
129.436
128.65
146.952
129.082
128.687
128.217
129.368
128.911
127.919
142.722
130.233
128.862
128.477
130.101
128.345
128.721
150.206
132.573
129.972
129.686
129.309
129.224
128.107
142.966
130.742
130.183
129.559
128.852
129.039
129.312
144.953
130.522
129.575
128.119
129.56
128.557
128.777
143.03
129.981
128.588
128.774
128.483
129.088
128.439
143.945
129.256
127.785
128.215
128.597
129.945
129.366
140.2
130.993
128.601
127.999
128.583
127.662
128.197
147.839
135.034
129.843
128.486
138.763
130.781
128.941
139.595
131.353
128.335
128.781
131.208
129.238
128.137
148.357
133.385
130.031
129.115
129.273
129.218
128.578
142.003
132.654
128.754
128.336
129.409
128.654
128.266
141.89
133.093
129.349
128.534
128.676
131.386
130.883
141.966
133.085
129.121
128.835
128.967
128.492
128.917
140.16
131.271
129.727
129.099
128.678
128.952
129.409
128.498
146.008
168.404
142.017
134.342
141.165
133.74
146.435
134.628
132.848
130.071
131.126
131.674
131.19
148.437
135.875
133.112
132.35
132.555
131.692
131.743
144.461
134.272
131.982
133.474
132.053
131.909
132.545
144.54
133.162
133.055
132.924
133.238
131.47
131.505
144.49
133.664
131.885
132.267
134.155
135.641
130.201
137.115
133.002
131.698
132.892
133.387
133.282
142.696
136.106
132.53
132.51
130.988
133.21
131.342
142.276
136.529
133.801
130.468
131.641
132.131
131.571
149.246
137.926
133.73
131.721
131.859
132.209
131.976
145.282
133.593
132.157
132.49
131.769
131.759
132.705
145.824
132.66
132.005
132.457
133.138
131.32
132.547
145.75
133.376
132.373
132.404
132.667
133.138
132.303
143.327
134.816
132.633
131.899
133.249
144.407
133.882
146.539
141.876
133.118
132.551
131.394
132.019
131.641
150.221
132.46
131.294
130.903
131.855
132.119
144.123
134.949
130.844
167.298
144.615
129.352
127.388
140.414
128.865
126.259
127.729
127.725
125.873
126.696
140.999
128.614
124.924
126.081
125.78
126.422
123.208
139.956
131.33
126.395
123.926
126.212
130.003
130.545
138.383
131.622
129.506
129.229
126.921
123.896
127.046
139.153
131.296
129.009
129.542
128.875
126.356
127.702
129.955
129.554
129.48
125.717
127.718
128.768
128.507
129.737
131.458
129.214
129.818
130.604
129.108
127.317
129.159
138.566
129.699
127.646
127.845
129.944
128.904
128.682
132.209
130.265
124.992
126.747
127.478
127.945
130.031
145.834
130.237
131.174
130.508
130.004
128.807
126.861
132.681
130.381
128.864
129.68
129.75
129.496
129.265
132.069
129.774
126.877
127.464
129.92
129.064
128.837
131.156
129.733
125.637
129.644
128.948
129.075
128.414
160.915
167.806
138.166
131.237
128.522
126.946
140.661
130.526
127.749
128.855
127.689
127.855
127.375
136.82
129.896
128.387
128.266
603.592
175.933
154.631
152.945
184.173
164.513
165.967
154.769
148.55
149.977
152.379
160.641
168.217
154.171
151.864
151.019
151.243
148.733
159.066
155.481
152.353
152.711
151.758
155.485
177.126
158.9
153.269
152.369
166.892
157.59
167.424
157.818
152.937
153.713
153.905
157.951
177.186
150.94
146.875
144.022
146.378
143.602
159.619
147.237
146.248
144.895
145.8
144.888
154.579
139.388
134.362
187.969
205.941
207.869
215.105
209.809
208.301
232.93
265.145
238.795
208.979
237.764
277.666
238.863
208.115
206.143
260.339
237.827
228.735
226.894
233.419
237.469
237.723
255.662
228.872
208.106
206.296
210.881
207.483
207.125
206.188
212.972
181.085
218.61
204.843
202.573
215.603
201.273
200.695
202.006
203.95
211.174
198.827
202.987
208.729
210.475
202.574
202.279
208.489
202.46
208.749
203.924
202.324
207.479
204.327
205.333
201.573
203.636
202.539
220.936
202.643
202.164
205.016
202.857
216.374
201.523
200.441
201.895
211.137
185.178
180.314
175.505
173.097
185.984
174.69
172.083
172.721
174.564
173.773
187.999
171.501
169.428
173.629
181.002
190.94
174.588
173.587
173.141
173.252
186.706
175.676
172.651
172.458
211.809
186.612
176.026
172.417
173.544
172.772
172.754
181.559
174.536
172.374
172.179
172.387
185.094
174.149
172.122
172.733
172.006
185.463
177.353
171.909
171.983
172.849
173.059
189.77
175.295
171.839
144.877
141.316
139.421
185.202
171.347
142.923
140.721
139.918
158.865
166.739
148.344
144.681
148.925
148.372
145.614
157.933
150.079
149.674
146.519
164.383
146.924
171.589
148.189
145.954
146.717
149.542
146.73
160.237
147.461
152.667
147.626
145.596
145.569
184.991
143.172
135.863
137.645
136.307
134.916
154.439
124.243
116.569
115.487
117.465
116.005
116.324
114.76
133.492
116.891
115.153
115.754
114.891
115.236
116.338
130.45
121.332
116.345
115.209
115.345
114.949
115.293
114.785
134.157
122.02
116.485
114.112
114.259
114.604
116.322
115.841
140.563
118.079
115.492
115.784
114.291
134.802
115.841
125.913
122.769
115.591
113.865
114.922
129.797
115.33
114.413
131.7
118.493
115.256
114.705
114.521
114.077
114.577
116.884
137.966
118.926
115.332
115.732
115.524
114.23
115.149
116.523
131.312
115.948
115.146
115.34
114.986
115.377
114.334
115.417
134.772
115.22
114.558
114.728
115.136
114.507
114.076
126.036
120.83
115.657
147.466
148.55
137.642
152.277
157.799
136.219
130.331
168.784
170.782
170.799
186.743
178.05
170.453
174.405
170.528
186
171.695
171.083
168.159
168.23
173.409
185.076
170.107
168.447
168.068
169.413
170.867
175.12
168.077
172.056
168.347
168.961
191.86
169.71
167.838
168.108
168.722
186.041
141.896
131.281
129.782
130.653
170.836
168.152
172.865
137.957
129.751
132.5
168.655
181.786
175.281
168.317
168.745
169.215
167.839
185.152
170.669
168.548
191.567
169.834
181.562
170.86
171.415
171.619
169.156
181.465
172.829
171.244
172.952
172.434
171.725
217.325
178.335
175.755
176.735
174.274
189.903
174.402
173.217
141.843
134.829
134.172
148.176
171.746
169.108
172.33
172.673
154.69
180.396
173.746
173.725
171.596
173.607
188.311
174.411
176.357
174.841
176.564
188.899
177.794
175.316
194.174
175.31
153.232
174.723
171.43
176.728
170.987
138.813
191.988
176.687
175.487
174.582
174.826
187.18
173.289
175.595
171.643
172.598
184.583
174.766
176.053
175.906
174.745
171.114
185.637
175.263
171.779
144.051
172.035
183.779
175.445
171.872
142.122
133.987
134.251
146.559
136.303
134.023
172.228
171.872
174.017
189.573
178.264
175.287
193.048
179.658
185.992
178
175.845
172.106
172.828
193.052
172.993
174.262
172.086
174.498
142.522
153.871
135.295
134.264
134.774
135.638
133.456
134.071
150.294
135.046
174.546
170.612
173.646
142.76
137.262
172.524
145.707
136.908
168.67
145.015
168.072
146.438
149.055
133.165
127.564
126.536
127.798
164.694
131.598
129.386
139.626
130.284
129.448
140.75
128.47
127.81
127.462
128.072
132.903
128.374
134.248
128.444
127.398
126.739
127.05
127.475
126.789
141.753
130.117
126.345
127.003
125.579
126.879
126.955
137.036
130.021
127.478
127.044
126.869
127.02
127.352
141.562
132.203
127.494
128.046
128.787
126.889
126.383
140.844
131.178
128.547
127.521
128.209
126.983
127.554
126.964
137.96
129.51
126.843
126.819
128.2
127.401
127.136
134.694
128.443
127.828
126.531
127.589
127.539
127.658
144.169
127.819
127.565
126.765
130.173
132.581
128.814
142.335
128.249
127.614
130.846
127.888
127.334
126.446
141.966
127.989
127.617
127.32
126.856
127.229
128.59
132.537
142.332
131.28
128.784
126.996
127.334
127.971
145.024
129.222
128.193
128.723
127.027
126.429
126.778
140.651
128.675
127.006
128.35
127.554
126.965
127.527
144.109
128.955
127.277
126.986
129.31
127.047
126.609
138.796
129.56
127.912
127.394
127.18
128.736
127.197
140.974
129.633
128.296
127.4
127.752
127.053
128.578
141.547
130.943
128.284
126.837
127.638
126.943
127.517
142.372
131.505
127.764
127.821
127.599
127.681
127.213
138.558
130.613
127.67
127.057
126.525
125.897
126.432
139.758
130.591
128.433
125.944
125.974
126.297
126.725
134.966
129.033
127.873
129.175
127.923
126.846
125.299
126.484
130.984
127.905
128.327
128.405
127.923
127.64
126.679
139.538
127.65
126.606
126.619
128.474
127.177
125.877
141.346
128.211
126.359
127.552
126.905
127.979
127.494
145.155
129.559
128.013
128.6
127.271
126.913
128.393
142.004
129.106
127.387
127.812
128.146
127.334
127.575
139.846
128.243
127.315
126.995
127.067
126.87
128.04
139.739
130.032
128.774
127.421
126.342
126.829
127.695
139.56
129.94
129.218
127.114
126.192
126.593
126.548
142.392
129.843
127.474
128.667
127.033
126.949
127.555
137.224
129.957
127.433
128.344
127.249
127.538
127.496
140.107
134.929
128.233
127.257
127.288
128.585
127.31
137.978
129.439
127.598
127.825
128.678
126.388
128.456
137.653
128.482
127.555
127.098
128.013
127.673
126.873
128.236
129.656
127.902
127.046
127.361
128.167
126.655
127.294
145.514
128.275
127.752
126.862
127.816
127.987
126.642
144.675
128.483
127.304
126.78
127.157
128.399
127.117
142.957
128.61
127.999
128.25
127.163
128.808
127.581
140.891
129.433
128.613
129.172
127.522
127.632
127.794
139.948
128.528
191.464
135.661
121.171
120.621
119.41
130.495
120.551
120.841
119.53
120.666
120.019
119.167
132.605
120.72
119.151
119.914
119.755
118.954
119.4
119.327
129.797
120.921
121.174
120.14
120.462
119.782
120.299
135.371
120.38
118.906
120.019
123.58
120.005
120.206
130.76
122.588
120.521
120.336
120.059
119.071
127.055
120.524
135.474
120.871
119.563
119.522
121.094
118.816
117.836
129.685
122.378
120.935
119.247
118.867
117.966
119.274
119.304
139.92
132.079
130.17
128.619
128.691
129.593
128.636
142.324
129.556
129.837
127.755
128.537
127.541
128.341
136.387
127.304
127.644
126.973
126.091
126.733
126.073
141.7
128.135
126.239
126.418
128.51
128.198
127.661
142.595
130.077
127.484
127.348
127.076
128.195
128.294
142.285
129.573
127.768
128.076
128.011
127.428
129.39
141.238
130.375
127.872
128.115
127.577
128.106
127.281
142.248
130.79
127.662
126.783
128.618
126.119
126.074
137.68
131.391
126.161
127.515
126.178
125.689
126.053
140.904
131.905
127.963
127.761
125.219
125.691
125.409
135.674
129.759
126.536
126.128
126.11
125.523
125.086
125.075
138.425
121.957
122.291
122.549
121.276
122.495
120.892
159.998
150.964
136.734
133.918
143.411
132.052
131.67
147.264
131.894
129.582
130.123
128.969
130.678
130.639
142.759
130.698
129.854
129.881
129.945
131.654
131.054
143.25
130.928
129.148
129.665
130.181
129.759
129.154
144.627
132.152
128.614
130.204
129.653
127.992
129.921
141.758
132.657
130.358
130.482
128.434
130.473
129.439
155.632
132.964
130.251
128.941
128.766
129.563
128.753
147.878
133.295
131.052
131.022
130.378
129.536
129.844
146.872
132.502
130.712
131.06
130.382
129.259
129.815
148.968
131.626
131.351
129.689
130.517
130.027
130.489
138.011
132.245
130.68
131.106
130.468
130.207
140.357
133.397
129.536
145.533
136.917
130.829
130.636
150.321
134.868
131.953
130.695
129.248
130.48
130.09
141.058
162.786
171.136
172.434
172.382
168.22
189.693
170.807
174.005
172.483
171.505
193.718
170.849
174.696
172.159
172.363
186.296
173.786
171.427
172.712
171.835
186.543
172.431
172.484
172.39
172.154
172.303
174.808
171.975
172.735
173.054
172.113
189.431
174.88
259.314
185.876
183.24
195.797
257.727
258.871
236.841
176.921
192.879
235.302
271.027
219.719
184.469
209.672
275.16
219.581
178.433
174.858
183.226
176.834
172.045
172.546
173.152
174.144
189.201
175.657
171.463
173.639
174.277
194.431
175.158
172.487
172.278
173.323
186.969
176.971
172.306
172.68
175.266
158.16
143.657
135.381
175.891
171.64
172.753
156.858
147.254
177.649
172.042
173.266
141.961
147.654
133.374
128.603
127.263
127.233
126.913
127.426
145.481
131.648
128.151
128.703
126.27
126.618
127.877
143.814
130.307
127.647
126.915
127.339
126.063
126.497
134.337
132.176
127.56
127.022
127.992
127.556
126.433
139.161
136.626
129.346
127.925
126.337
127.122
126.827
126.2
149.573
143.431
133.819
129.175
127.092
126.041
128.128
134.07
128.357
127.901
127.634
126.828
126.778
126.605
137.609
129.905
127.892
126.959
129.348
127.501
126.915
143.705
131.949
127.735
127.458
127.988
127.964
126.719
141.409
131.167
128.172
126.328
126.381
127.841
128.543
139.387
132.052
128.469
127.339
128.156
127.44
127.5
138.954
131.302
127.717
128.232
127.473
127.119
127.924
127.658
142.514
129.115
127.383
126.671
127.604
126.614
127.029
139.21
130.127
126.951
126.975
127.513
127.396
127.34
141.636
128.78
128.406
126.745
127.186
127.492
127.934
131.798
130.087
127.256
126.36
127.473
128.051
127.585
127.395
130.629
126.774
127.7
126.778
126.963
127.835
127.209
138.288
128.85
127.226
127.927
128.466
126.885
127.453
142.024
128.666
126.291
127.07
126.518
126.945
126.638
139.477
128.592
127.972
126.351
126.795
127.201
127.874
140.529
131.219
128.89
127.371
127.48
126.646
127.47
127.446
143.352
128.452
128
127.009
126.592
126.124
127.282
142.977
130.473
126.926
128.478
128.392
127.575
126.341
140.24
128.496
126.969
128.034
127.253
126.795
126.11
137.03
128.948
127.643
127.403
126.649
127.022
127.918
138.16
130.855
127.002
127.594
127.916
126.571
127.164
128.051
139.741
128.225
127.446
126.896
127.319
126.394
127.545
144.324
136.117
126.293
127.374
127.523
126.735
126.133
142.381
128.548
125.997
126.307
127.089
125.561
126.124
139.976
132.761
129.254
126.07
126.996
127.107
127.17
136.603
129.835
126.635
127.958
127.888
128.41
127.402
127.526
139.018
128.151
128.476
127.133
126.969
126.561
127.552
139.474
127.795
127.304
127.113
127.476
136.893
127.705
142.833
123.347
120.92
120.672
120.55
121.214
121.023
120.454
165.519
148.382
130.184
127.019
127.179
126.884
138.896
131.858
126.054
125.498
124.301
125.158
126.255
127.246
141.814
128.159
125.943
126.093
125.498
125.016
126.472
137.779
128.743
126.832
126.864
126.394
126.467
125.137
145.957
136.162
132.406
130.187
129.906
129.097
128.922
143.675
132.34
130.014
129.988
129.008
128.257
129.396
142.164
132.133
129.376
129.232
128.915
129.48
128.553
142.396
131.22
129.998
128.942
129.221
129.83
129.683
143.06
131.123
130.008
129.647
129.243
128.586
128.66
142.225
132.24
129.322
128.162
128.026
129.041
128.255
145.009
133.133
130.332
129.5
128.57
129.225
129.59
143.367
132.142
130.522
130.507
129.281
128.903
129.121
159.462
147.882
138.462
141.162
139.554
138.9
138.118
161.743
140.594
140.754
140.715
139.768
139.622
152.848
138.849
137.15
137.998
137.754
136.296
137.039
156.673
138.703
136.697
137.078
140.832
138.708
148.146
137.689
136.199
140.483
151.467
132.6
146.349
132.528
128.892
129.325
129.476
129.84
128.742
142.639
132.62
129.156
128.913
129.692
130.05
130.221
144.369
130.709
129.662
129.286
129.051
129.265
130.061
144.874
130.398
129.719
128.648
129.027
128.353
129.405
144.236
130.964
130.274
129.599
129.599
128.308
129.433
142.94
131.35
128.477
129.19
129.569
129.553
128.888
143.421
130.786
129.566
129.977
128.738
129.436
130.104
144.882
130.137
128.468
129.699
130.053
129.538
130.566
143.06
131.714
128.757
129.216
129.5
130.285
128.471
142.489
132.531
129.416
128.459
129.669
130.344
130.158
141.386
131.888
129.8
129.743
129.335
127.95
129.049
142.596
132.048
131.818
129.359
129.786
128.403
128.425
142.462
131.884
129.229
128.898
129.773
128.985
128.838
142.261
132.089
129.957
128.814
128.457
130.097
129.635
141.905
131.311
130.606
130.011
127.956
128.357
129.428
138.031
132.034
128.621
130.913
129.532
129.288
129.253
154.655
149.875
141.667
142.862
140.717
139.795
138.879
157.373
139.93
138.475
141.653
139.554
140.179
157.418
140.621
139.511
140.156
141.303
140.49
141.62
150.319
141.463
140.688
140.675
140.372
140.39
154.568
141.272
140.184
139.791
140.163
140.763
140.046
145.324
140.624
139.621
140.07
140.871
139.952
152.246
143.014
140.876
140.781
138.471
142.629
139.408
170.465
142.312
142.17
139.788
139.661
138.949
152.453
139.623
140.107
138.389
139.015
138.897
138.492
158.559
140.474
139.728
139.051
139.169
139.244
152.748
139.916
139.708
139.595
139.167
138.703
139.527
155.41
140.639
140.185
138.168
138.949
138.241
162.314
146.212
142.622
139.957
141.031
139.304
141.419
159.012
142.005
140.768
141.208
139.022
138.893
141.816
142.267
139.598
137.132
136.991
137.847
137.275
151.424
140.775
139.731
138.372
138.549
137.781
137.643
146.732
140.516
139.19
139.06
139.371
139.445
151.294
138.612
143.063
157.069
163.098
138.683
142.448
132.299
128.66
129.65
128.997
128.741
128.718
128.051
133.482
129.352
127.839
129.433
129.012
128.353
128.389
145.063
129.788
127.405
129.809
128.711
130.361
128.266
143.545
129.817
128.912
128.239
128.353
127.622
128.996
141.504
129.726
129.963
129.175
128.149
128.03
128.738
147.951
174.5
173.099
170.847
210.468
240.254
221.877
226.828
224.506
231.74
222.838
224.789
224.589
227.366
223.233
223.551
193.473
216.845
238.116
224.921
224.768
221.311
234.796
228.398
223.918
225.259
236.494
222.55
185.81
177.65
196.748
147.22
170.503
169.429
134.137
125.423
125.064
144.096
130.378
128.74
128.577
127.98
128.377
129.482
145.188
129.65
128.687
129.387
127.274
128.242
128.232
142.97
130.294
128.092
128.143
128.844
128.312
127.835
139.795
130.344
128.504
129.352
129.874
128.965
128.864
141.337
132.009
129.914
128.333
127.535
127.984
128.513
131.53
132.069
129.791
128.898
128.577
128.877
127.902
141.413
131.941
138.66
129.663
129.198
128.699
128.304
138.169
131.375
128.706
128.203
127.174
127.515
128.711
127.932
136.071
130.976
129.078
128.167
128.227
128.002
127.708
145.529
130.055
127.809
128.485
127.018
126.182
128.074
143.41
128.383
127.584
128.54
128.564
127.632
128.059
133.395
128.822
128.683
127.398
128.996
127.952
137.479
140.39
129.751
129.626
128.697
128.764
128.958
128.274
145.141
129.887
128.902
127.888
129.783
128.597
128.202
141.867
131.106
128.002
128.591
128.736
128.281
128.851
137.279
131.989
128.324
127.899
128.157
128.343
158.979
150.251
130.78
129.783
132.567
130.173
128.263
129.379
144.992
129.673
129.89
128.269
128.423
127.725
129.178
144.119
130.044
129.081
128.94
128.438
127.649
127.722
143.063
130.623
128.41
128.374
127.95
128.247
127.313
136.831
131.836
128.942
128.139
128.848
128.558
128.35
144.32
130.783
128.351
127.902
127.638
128.106
128.009
140.023
131.142
128.553
127.567
127.822
126.937
127.995
127.424
145.998
128.757
128.079
128.968
127.41
128.711
127.577
143.918
129.968
128.498
127.497
129.286
128.023
128.553
140.797
130.576
129.214
127.725
127.679
127.828
128.577
141.753
135.706
131.581
129.963
127.662
127.821
128.095
143.982
129.452
128.209
128.167
128.277
127.301
127.553
163.953
150.248
141.996
139.689
141.025
141.419
153.4
144.683
144.069
139.972
140.543
139.408
141.469
157.384
142.886
140.847
141.861
140.453
139.649
152.281
145.367
141.566
139.66
140.085
141.012
139.442
154.344
141.312
141.202
140.564
140.276
139.717
151.494
145.891
142.351
141.761
140.852
140.576
139.578
153.059
142.284
140.968
138.85
139.619
142.883
150.875
144.941
140.6
141.592
139.474
140.203
139.962
156.98
142.495
141.669
138.997
140.138
139.592
148.977
141.74
142.26
140.249
140.162
139.978
140.192
157.506
140.787
140.283
140.102
140.868
140.009
139.972
149.49
141.298
141.135
139.779
140.58
139.651
154.085
139.878
140.406
140.38
139.478
141.007
139.019
148.052
139.806
138.462
141.117
138.937
139.791
151.554
141.974
142.555
140.166
138.312
139.728
138.876
158.508
140.187
140.396
141.001
139.398
140.009
156.591
142.536
140.941
139.481
140.269
140.001
138.946
157.138
142.995
140.404
138.489
139.434
140.045
149.295
141.649
141.836
140.861
140.904
139.851
138.695
154.3
140.712
140.072
138.559
139.836
139.1
154.252
144.61
141.941
141.07
139.294
139.283
140.757
158.332
143.304
140.323
138.927
138.709
137.596
148.383
143.307
139.076
137.939
139.015
138.662
138.295
152.51
138.864
139.803
137.394
137.457
138.569
140.206
156.694
139.699
137.817
137.584
160.333
157.887
163.196
147.261
144.537
144.127
143.744
144.616
150.953
138.986
133.736
134.973
133.6
134.017
134.131
149.267
135.06
133.905
132.651
133.132
133.165
133.503
148.774
135.873
133.208
132.483
132.985
132.865
133.457
148.1
133.746
132.206
133.884
133.566
133.472
134.805
141.174
134.299
134.793
133.021
132.91
133.358
133.382
147.83
135.689
134.053
133.174
135.264
134.08
132.513
149.166
134.022
133.777
133.485
132.098
133.876
133.704
152.347
133.765
135.281
133.526
133.376
133.199
141.877
138.235
134.107
133.512
134.071
134.696
132.547
144.637
138.927
133.833
133.292
134.199
133.198
133.222
143.388
135.364
133.156
133.894
134.314
133.341
134.341
145.647
134.93
133.596
133.706
133.256
133.767
132.725
146.498
135.073
133.907
133.045
134.207
132.491
133.65
151.19
135.668
132.928
134.195
133.355
133.661
134.05
148.916
135.262
133.991
134.275
133.071
134.509
133.208
145.946
134.261
133.818
133.349
134.004
133.869
133.376
149.635
134.699
132.988
133.604
132.918
134.025
133.577
172.182
203.086
205.024
202.095
207.499
213.085
209.259
206.291
205.921
222.273
209.085
208.21
205.5
216.102
208.769
205.599
205.609
214.27
221.243
204.485
210.291
208.188
219.422
207.699
208.159
205.74
208.136
223.676
204.163
210.709
208.12
218.06
208.146
208.2
205.99
208.176
223.258
208.621
205.677
206.272
208.528
179.564
205.145
208.728
206.345
214.925
207.313
205.734
209.807
208.383
211.41
213.28
205.704
205.145
208.064
211.439
204.547
205.901
205.821
219.191
206.345
207.815
206.562
218.162
207.449
210.97
205.527
205.172
226.361
209.115
205.389
214.014
221.009
207.141
210.372
208.281
205.704
225.393
208.73
212.881
208.38
218.057
207.788
208.32
203.173
208.41
222.892
208.553
214.437
208.431
217.848
209.475
205.46
210.025
206.348
224.895
208.348
206.215
212.35
205.009
211.148
205.933
205.665
207.99
224.949
208.788
206.609
206.09
205.938
225.777
209.054
212.433
210.459
222.382
209.711
208.832
205.764
208.488
210.823
205.485
205.637
207.06
220.829
208.4
206.438
208.826
202.573
222.062
204.982
205.596
205.701
216.599
262.134
238.279
241.741
249.617
236.838
236.989
250.175
264.379
238.213
237.289
226.205
204.687
210.033
208.206
213.257
209.273
210.29
208.123
205.585
217.898
207.523
205.658
208.028
208.767
212.866
205.632
205.699
206.268
218.684
208.18
206.412
208.089
218.368
207.049
208.642
206.292
205.555
222.913
256.705
235.966
206.952
234.07
176.143
161.542
138.032
132.934
131.84
144.192
131.424
131.286
131.791
129.664
129.96
131.601
136.875
130.688
130.786
131.455
130.612
131.05
130.468
143.304
132.188
130.903
131.848
131.204
130.498
129.623
147.304
131.353
130.612
130.757
130.435
131.759
129.586
145.824
130.94
130.988
130.563
130.622
129.642
130.351
145.998
132.4
129.623
130.387
133.64
132.025
130.087
144.137
130.943
143.346
146.028
150.862
137.088
132.483
149.661
133.998
148.486
135.917
133.626
167.377
152.571
133.472
134.696
134.245
135.38
135.815
134.134
148.6
134.503
135.081
132.54
133.519
132.065
132.821
139.345
133.007
132.44
133.189
134.856
132.997
137.011
145.596
132.611
133.189
131.488
131.809
133.021
136.781
147.742
132.771
132.577
131.409
133.55
131.788
131.791
147.792
135.906
131.946
133.455
132.173
131.992
131.828
143.364
132.411
135.714
132.648
131.154
133.7
145.419
138.227
132.553
133.74
132.317
132.437
133.602
143.643
131.812
128.676
128.234
130.266
127.985
128.654
141.975
138.017
133.52
134.627
132.564
131.732
132.519
145.59
135.384
133.202
131.695
134.789
132.904
132.143
143.244
135.472
131.692
133.012
132.973
131.859
134.292
148.414
133.585
131.297
132.326
134.722
140.11
133.981
160.243
150.368
136.928
134.234
132.991
134.428
132.073
147.226
132.076
145.489
139.682
139.259
135.752
149.436
171.107
204.54
209.353
211.013
220.022
261.597
235.996
238.126
217.013
206.867
208.096
209.988
213.278
211.123
208.093
207.935
241.948
245.827
220.72
209.841
249.568
250.209
236.652
221.547
219.936
238.739
237.931
238.889
219.769
206.867
233.723
238.054
237.122
240.721
237.123
229.335
237.34
241.105
236.968
223.439
209.249
237.075
252.236
265.794
219.365
210.721
243.795
242.808
237.546
237.837
271.906
223.829
206.063
234.513
244.306
237.346
221.474
205.147
236.472
244.732
238.737
276.51
220.521
209.314
232.808
225.996
167.379
207.437
205.897
193.1
146.739
135.524
135.614
135.127
132.632
148.503
166.837
136.555
163.494
199.849
196.967
141.762
156.817
186.682
193.394
185.83
160.246
157.234
135.973
129.442
130.835
129.536
130.267
154.988
140.85
134.11
135.508
133.473
138.222
135.295
184.912
209.319
210.429
206.868
219.769
243.334
220.946
213.745
245.843
264.193
237.246
191.853
208.411
211.682
210.647
207.994
205.128
217.387
208.113
208.951
209.895
212.692
205.396
210.373
207.438
212.074
207.569
206.944
203.285
206.68
232.702
207.609
213.789
208.986
210.078
210.37
209.17
207.585
209.808
220.347
220.649
205.73
209.961
213.296
209.838
209.534
211.865
208.959
212.194
211
208.873
207.378
221.212
208.193
210.009
209.673
208.99
215.932
207.09
208.819
213.897
232.115
223.412
223.414
210.503
222.144
220.244
208.749
209.857
238.216
207.916
207.144
219.789
207.068
208.101
204.125
222.207
206.293
163.285
190.483
205.015
201.9
143.782
168.528
184.731
208.684
201.367
200.785
184.555
141.911
133.704
133.517
134.535
132.54
130.488
146.013
132.549
131.224
131.267
132.083
132.545
132.594
146.499
132.624
132.217
131.38
131.233
133.9
131.484
136.662
133.151
132.085
132.824
132.823
132.804
131.629
135.341
132.366
132.242
131.996
131.12
131.981
139.465
133.866
131.797
133.196
131.046
131.796
132.974
139.141
134.345
132.645
131.706
131.977
132.26
132.848
132.159
135.956
132.156
132.173
131.121
131.368
131.119
133.208
134.197
142.074
133.719
131.3
131.758
132.887
144.417
136.309
180.841
179.755
138.585
131.812
131.896
146.907
133.903
132.597
131.214
133.37
131.127
131.284
147.313
133.395
131.5
132.678
131.85
132.243
132.1
137.694
133.566
133.253
132.928
133.069
131.932
139.217
132.718
133.716
132.189
132.634
133.417
132.414
139.06
142.459
129.078
128.135
128.537
127.915
128.2
128.02
154.468
132.052
133.162
131.18
131.304
131.905
131.989
133.249
131.996
131.75
131.508
131.947
131.375
131.22
140.102
132.392
131.055
132.968
130.924
130.369
137.974
133.445
130.997
131.457
132.176
132.119
130.76
131.112
133.59
132.287
130.936
130.908
132.711
132.016
131.394
147.868
131.598
131.136
131.808
132.071
131.683
131.301
152.955
148.35
150.866
149.944
148.658
151.06
170.783
144.158
141.458
140.922
141.148
140.868
162.312
147.31
145.279
144.627
148.344
150.788
152.945
154.3
153.373
152.008
152.363
151.211
160.591
153.51
150.633
149.729
151.334
151.765
154.913
157.76
154.368
151.37
152.597
153.221
161.399
155.577
151.635
153.266
151.575
149.947
159.743
154.273
149.788
148.357
144.864
148.942
145.235
160.724
150.408
148.444
147.799
149.211
148.844
167.512
149.559
147.891
147.164
148.287
147.475
156.293
149.718
147.508
147.318
146.793
147.451
159.734
149.372
147.424
146.72
148.741
146.622
149.65
149.379
148.327
148.203
147.545
147.088
162.18
152.681
148.211
147.384
147.136
146.545
147.415
162.353
147.421
147.421
148.42
146.829
147.003
163.899
149.403
148.92
148.948
147.16
148.708
161.442
148.921
148.531
149.39
147.701
146.775
165.629
151.737
146.489
149.143
147.74
147.441
159.735
150.462
147.761
148.284
148.239
145.873
157.683
150.268
147.502
148.194
147.624
148.98
148.127
177.392
175.73
167.198
170.158
166.002
180.398
169.373
168.194
177.153
186.293
196.276
193.183
192.665
203.981
192.938
206.432
195.225
188.045
185.81
188.528
204.972
184.124
189.55
184.791
185.995
195.628
187.036
189.61
186.643
196.072
237.791
226.819
194.84
160.306
169.472
165.011
150.449
150.511
149.364
147.766
161.226
151.003
148.357
147.559
148.224
148.029
163.845
149.483
156.263
150.281
148.814
147.578
167.831
149.006
148.511
146.916
149.47
147.719
166.288
149.421
148.04
146.282
147.193
146.606
166.197
149.518
146.652
147.391
147.514
146.429
167.19
173.479
160.572
156.086
155.372
153.987
171.169
155.969
153.151
155.19
153.92
153.856
171.793
155.141
153.148
152.326
151.695
154.272
169.099
153.513
150.742
149.52
148.648
148.788
162.345
156.38
154.527
153.088
153.938
153.989
163.587
157.463
152.838
155.054
154.172
152.715
168.368
159.557
154.372
155.359
184.792
178.218
209.391
226.019
195.182
156.304
159.351
166.196
151.061
148.108
149.023
146.819
146.837
161.053
150.115
148.742
148.502
146.642
148.619
166.455
163.198
156.507
153.823
154.263
151.198
193.454
165.906
154.202
153.692
151.774
153.7
167.108
154.411
151.32
151.067
149.626
149.848
187.766
162.571
154.094
153.42
154.486
152.949
171.512
150.539
155.232
153.436
153.517
154.465
172.233
156.173
153.81
153.115
153.19
154.82
168.36
152.108
149.322
149.156
149.045
149.953
163.307
155.864
152.518
152.314
151.598
151.033
163.806
194.545
172.455
153.216
156.383
159.003
168.71
153.95
147.581
147.658
147.647
148.061
159.43
154.935
146.309
146.458
144.802
143.166
144.753
150.585
148.095
145.042
146.451
147.053
143.711
194.717
180.674
146.897
141.358
141.459
141.443
164.825
155.953
143.389
143.858
141.857
140.928
162.131
143.408
139.922
139.25
139.099
136.529
140.735
145.483
145.727
146.401
145.612
145.801
146.168
157.604
137.759
139.163
140.591
138.08
140.393
160.805
151.057
147.735
147.051
147.238
147.574
163.848
150.925
147.926
147.217
147.193
146.014
144.143
147.885
146.278
147.033
148.302
148.106
146.57
163.361
147.702
145.821
146.859
146.973
145.444
159.933
145.423
144.119
145.203
144.378
143.692
158.473
149.83
146.62
147.441
147.266
147.478
160.952
171.021
154.675
153.219
151.16
151.843
165.801
153.972
152.216
152.347
151.761
151.494
161.992
153.454
152.1
151.34
149.743
151.85
162.11
152.877
150.104
150.958
149.827
149.183
165.806
156.919
153.223
153.127
153.656
154.272
181.136
156.297
154.178
152.855
152.149
151.401
163.063
154.149
152.191
150.709
150.786
150.211
161.571
153.733
150.96
150.468
149.787
147.983
166.255
157.65
151.984
151.84
151.671
152.657
165.523
155.063
152.444
153.056
151.956
152.352
163.652
153.181
154.017
152.123
150.772
151.869
155.391
152.401
152.362
150.426
162.994
148.775
166.443
152.029
151.35
149.757
147.689
148.61
161.969
151.514
151.231
153.518
208.276
216.492
189.964
184.126
166.559
241.58
203.075
176.07
187.584
191.064
161.472
146.058
129.333
126.552
124.936
125.356
125.123
124.744
134.699
126.511
123.344
122.354
122.796
123.552
123.46
121.781
141.509
127.556
124.745
123.351
124.513
124.612
124.955
241.263
129.289
124.949
124.413
124.616
125.198
124.575
132.299
123.554
122.852
122.411
121.111
123.451
122.733
135.512
123.728
121.782
120.567
121.274
121.115
121.806
138.315
129.431
125.146
123.209
123.051
122.936
123.244
121.918
127.833
123.184
123.765
123.087
122.862
122.419
122.796
136.907
124.143
123.063
122.894
122.324
120.561
139.611
164.61
141.824
135.343
137.944
140.359
144.381
136.23
169.741
148.735
147.941
146.221
151.682
152.309
159.812
148.613
152.912
148.925
148.725
170.221
153.999
144.924
142.375
142.264
144.135
142.675
155.661
143.732
142.976
142.598
141.944
143.165
158.593
143.06
144.518
143.343
142.708
142.916
156.116
145.312
143.418
144.832
143.314
143.478
142.949
155.592
144.493
143.505
144.293
142.973
142.178
155.718
145.285
142.916
144.153
142.694
143.837
142.883
147.476
144.757
142.862
144.095
142.185
142.345
191.478
175.171
175.929
171.501
175.54
189.457
175.287
175.761
176.66
175.541
189.034
174.151
176.241
176.226
175.198
174.552
193.932
175.258
175.391
175.71
171.649
192.299
174.218
175.491
172.153
175.472
173.8
157.593
160.309
171.085
169.878
171.133
192.944
172.992
170.152
167.042
155.927
169.223
172.613
167.201
168.624
167.025
169.676
207.575
170.504
156.437
171.872
171.514
198.363
171.064
167.635
170.732
167.589
187.833
160.089
173.713
170.182
168.701
171.43
191.608
170.238
175.391
213.164
154.523
172.789
155.15
149.864
154.346
152.313
147.297
159.883
151.024
152.872
148.953
151.177
150.135
169.995
153.697
150.759
146.55
145.597
150.249
161.463
155.299
153.528
150.393
151.384
148.945
171.94
156.421
151.087
148.124
149.016
149.871
157.901
155.509
149.681
150.232
151.155
149.107
148.611
153.166
148.093
150.01
148.036
150.111
147.305
167.663
148.334
152.147
149.678
146.596
149.914
153.467
150.61
149.259
148.875
148.437
151.555
165.75
153.712
153.971
149.502
150.253
148
163.465
153.521
149.228
149.778
152.884
150.553
164.842
152.193
150.014
167.722
163.193
159.537
185.432
166.364
159.286
179.832
154.85
165.75
155.42
155.387
153.856
154.598
153.27
169.047
156.39
154.584
154.812
154.264
154.046
162.671
145.932
145.907
152.524
157.328
156.545
176.651
157.078
154.371
153.319
149.782
153.996
165.213
156.624
155.505
158.071
156.874
157.577
178.352
158.932
152.333
149.853
148.887
147.158
158.237
150.62
148.229
148.019
148.695
146.154
148.163
156.479
151.688
152.273
151.029
151.807
149.299
166.427
146.645
132.665
134.377
132.916
129.593
144.148
131.813
129.672
132.78
132.265
130.806
129.826
142.675
133.426
129.602
129.147
128.722
130.096
129.495
129.124
131.375
130.187
128.995
128.894
129.769
128.834
129.616
144.647
130.706
130.107
129.529
129.429
129.666
129.997
141.994
129.491
130.06
130.094
130.369
128.46
129.257
147.477
130.15
128.667
128.746
129.158
129.456
128.553
146.709
130.2
128.279
129.566
129.408
128.593
128.267
141.371
132.117
129.495
128.884
129.687
129.877
129.272
145.469
133.088
130.251
129.212
130.081
129.819
129.178
136.653
133.234
130.611
129.78
129.289
128.792
128.971
129.128
143.053
131.086
129.181
129.212
128.578
128.68
128.277
141.299
129.03
129.065
161.453
139.21
131.166
128.732
154.891
131.971
129.149
127.231
126.554
125.459
125.589
129.72
129.12
125.723
127.11
126.429
125.856
125.568
141.402
129.091
127.384
127.053
127.581
125.503
125.179
137.291
131.249
127.908
127.61
126.836
126.211
125.586
125.378
148.038
130.364
125.936
126.047
126.613
125.874
198.491
160.918
151.703
166.482
154.164
166.715
149.588
149.285
135.56
133.741
132.789
134.027
132.733
182.633
202.468
203.792
201.052
191.348
204.522
204.614
190.843
173.39
130.567
148.631
140.51
157.807
132.969
120.781
119.173
119.514
135.591
120.898
118.348
118.254
118.792
118.576
118.269
119.334
133.786
118.023
118.079
116.897
118.652
128.504
118.195
141.33
122.359
118.104
117.256
130.495
120.781
117.277
116.952
130.63
118.386
118.78
116.904
124.844
175.614
160.648
174.115
162
160.119
161.161
159.755
175.428
166.594
164.724
156.323
156.14
156.453
201.082
153.386
144.032
145.042
143.685
144.567
156.624
147.796
145.069
146.435
144.634
145.189
154.76
172.206
160.579
148.731
145.152
144.419
154.926
147.601
144.802
144.778
146.251
146.209
145.172
160.525
144.727
144.988
145.971
143.337
145.545
161.038
146.699
144.545
143.692
145.066
143.75
160.3
148.591
145.178
143.592
143.298
144.775
145.238
160.591
145.145
145.462
146.496
145.472
144.279
157.196
146.702
146.158
144.357
146.125
146.051
156.787
146.924
145.315
144.661
144.808
162.255
158.11
146.953
145.252
144.038
144.741
144.995
144.765
156.723
144.843
144.918
144.751
144.003
143.319
161.864
146.161
144.26
145.235
145.132
145.755
157.252
147.279
144.331
143.632
144.032
144.122
145.715
147.503
144.578
145.49
145.129
144.687
144.891
157.887
146.432
144.651
143.334
144.413
145.382
164.146
170.161
156.943
154.416
152.224
151.743
174.142
157.033
155.698
152.463
152.703
153.483
169.138
157.135
155
155.631
174.15
155
167.981
153.061
156.242
154.211
153.736
153.175
166.733
155.494
157.598
157.303
156.465
176.202
160.865
155.282
159.677
178.753
153.479
159.942
144.186
140.738
141.091
185.931
172.804
213.69
180.293
175.779
182.031
177.729
187.744
178.75
176.374
177.122
177.289
216.417
182.323
177.779
176
177.123
190.318
179.999
178.341
178.95
176.975
205.015
180.66
177.589
177.907
176.351
194.101
195.668
180.919
177.479
178.067
193.265
191.284
177.52
176.417
178.88
176.181
192.206
176.767
176.604
175.905
176.213
191.571
179.033
178.946
177.854
177.786
210.242
181.31
180.119
176.568
178.702
190.873
185.599
176.504
180.849
177.358
206.128
179.364
178.205
193.103
179.909
178.844
192.303
176.236
177.571
194.779
178.89
191.683
177.482
176.867
176.209
179.714
188.728
174.017
177.646
177.563
212.306
175.972
150.402
148.457
144.976
145.341
144.373
170.83
176.407
179.174
179.722
175.762
193.21
177.078
177.47
164.443
152.189
146.134
169.878
177.553
178.795
179.959
176.039
185.195
200.68
198.258
180.764
176.357
188.07
177.577
179.587
176.427
176.357
189.463
181.93
178.402
176.258
179.733
178.976
180.013
171.617
191.491
189.216
133.701
146.843
129.096
139.399
128.207
125.192
125.109
124.614
136.266
147.651
157.701
147.946
143.505
143.491
142.254
159.096
138.153
149.664
190.15
168.077
141.659
170.266
177.376
177.18
175.323
178.191
160.523
181.71
177.499
177.794
175.584
218.404
143.991
133.487
186.184
172.157
138.392
146.015
129.108
140.926
137.217
133.654
133.464
132.648
181.103
182.429
148.988
153.674
204.692
210.575
141.986
130.689
145.168
164.554
136.523
134.424
141.964
127.517
123.8
122.512
144.643
126.972
125.332
139.8
124.019
122.823
123.54
123.447
172.751
144.973
147.459
132.314
131.912
131.864
132.65
130.785
132.275
145.275
130.455
129.568
129.902
129.923
146.388
133.623
145.699
129.799
130.111
130.049
131.183
142.143
186.668
155.821
124.693
121.124
119.247
121.552
120.075
119.978
127.149
120.108
118.096
117.592
118.244
119.022
120.918
134.695
121.696
120.349
119.831
118.552
118.818
121.308
118.472
135.606
120.4
119.163
119.966
119.51
119.931
119.055
121.492
122.364
118.923
119.082
119.597
117.104
118.939
116.998
133.519
121.408
118.954
119.219
119.423
118.859
118.842
120.316
135.359
120.198
119.007
119.841
118.493
118.92
118.858
130.475
122.839
119.533
119.395
119.772
118.972
119.132
119.357
140.493
131.367
129.091
128.812
128.906
129.321
128.189
149.332
130.394
128.49
127.847
129.33
128.362
127.901
141.503
126.352
125.144
124.482
125.756
124.37
125.771
139.751
128.59
127.395
126.921
127.48
127.029
125.522
138.274
128.854
126.097
127.666
125.939
140.479
127.79
134.467
129.297
126.31
126.778
126.16
126.22
125.592
126.103
128.5
126.243
127.391
127.66
126.089
125.575
125.582
145.201
128.04
127.434
127.456
125.008
124.731
126.223
143.805
158.849
149.813
124.093
120.088
118.681
117.738
130.433
118.601
117.873
117.582
118.542
118.502
118.076
132.024
127.09
130.18
117.817
117.745
118.975
117.895
117.235
133.03
119.703
118.294
117.853
117.759
116.449
118.544
116.001
138.785
119.305
119.254
117.612
119.453
117.75
117.693
137.618
121.08
117.318
119.277
117.446
116.258
117.352
118.885
136.53
122.665
119.157
118.394
118.225
117.666
118.381
119.052
122.853
118.046
117.696
117.543
117.358
117.562
117.732
128.767
128.83
118.778
118.191
117.956
117.308
118.099
118.298
134.779
119.083
118.16
117.348
118.502
117.622
117.699
118.875
124.702
116.796
117.232
117.107
117.142
116.31
117.332
120.404
119.512
116.303
116.5
117.029
116.523
116.865
115.895
127.895
118.544
116.602
116.927
116.626
116.819
116.186
116.102
130.345
118.772
116.532
115.927
116.797
116.77
115.835
116.632
131.758
117.482
116.55
117.278
116.259
116.85
116.472
126.769
119.3
117.101
117.882
118.073
118.02
118.244
117.278
128.93
118.236
116.162
138.993
160.216
130.421
120.243
129.221
121.882
119.149
118.998
118.725
117.786
118.406
118.019
132.292
119.176
118.397
119.844
118.627
118.889
118.187
117.947
125.807
117.56
117.335
116.854
115.838
115.61
116.352
126.329
121.104
118.959
117.936
119.047
118.264
117.735
118.34
132.59
119.564
117.234
118.704
117.03
118.8
118.049
118.484
132.196
117.838
118.394
118.054
117.408
117.357
117.603
130.301
122.468
118.572
117.693
118.664
119.139
118.608
118.228
129.386
120.042
117.816
118.641
118.929
118.283
118.136
118.277
129.385
119.206
117.41
118.491
118.118
119.352
118.511
121.962
119.026
116.964
117.446
118.353
117.606
131.418
151.98
164.417
137.546
137.078
140.778
144.189
135.632
147.492
137.909
139.624
141.376
136.871
137.929
136.316
155.983
144.461
136.253
136.092
138.021
143.418
137.608
138.663
136.669
139.047
139.024
135.193
136.284
152.847
145.166
128.74
127.264
127.12
127.535
128.38
140.939
128.664
124.645
124.24
125.105
158.205
155.942
157.045
137.018
133.575
166.483
177.843
145.689
151.559
134.932
133.548
132.499
132.26
131.683
140.404
134.88
133.563
132.311
132.507
131.622
130.768
146.708
139.364
134.579
132.63
132.488
132.636
130.9
142.495
135.731
133.282
131.853
131.685
132.341
130.923
142.642
135.012
132.994
133.533
131.616
131.748
131.273
143.19
130.938
128.092
129.136
128.282
126.525
125.863
148.225
134.907
131.884
132.33
132.865
131.442
130.558
146.242
136.32
131.84
130.756
131.258
130.586
130.901
135.929
134.121
130.185
130.257
130.199
128.687
128.632
147.826
131.073
129.762
128.373
128.711
127.277
127.268
147.214
131.169
129.401
129.091
130.639
128.35
125.792
154.459
137.398
133.139
132.48
132.444
132.137
280.112
179.288
154.419
149.122
146.71
149.467
169.499
152.298
153.417
146.388
137.545
138.126
164.858
138.316
133.092
168.484
166.253
136.915
159.02
165.456
176.902
173.714
174.15
179.712
175.953
173.717
175.054
173.792
173.844
193.881
141.317
138.998
139.829
139.251
138.316
149.323
170.506
170.196
170.362
173.404
139.439
193.528
172.921
173.288
172.972
171.834
168.143
176.041
173.286
174.83
175.441
178.458
175.375
173.488
174.102
171.864
142.717
155.994
171.751
169.037
171.642
167.839
140.228
180.768
174.005
172.129
175.534
174.105
193.764
172.126
174.075
174.001
175.567
162.442
176.345
171.606
174.367
176.343
141.402
157.37
171.506
170.616
170.105
171.177
163.558
174.395
169.907
170.254
170.728
169.504
181.338
174.733
175.138
173.929
175.85
186.643
173.233
174.274
174.319
174.463
176.595
174.219
175.501
171.732
174.298
175.582
187.174
178.533
151.899
179.855
183.138
194.108
209.83
215.65
217.067
218.946
215.929
186.279
180.627
180.714
214.696
201.591
193.908
167.071
163.98
135.03
142.553
134.262
133.003
132.991
134.181
132.243
143.428
134.596
131.448
130.816
130.737
130.466
131.924
140.842
133.624
131.213
131.511
131.843
134.205
130.987
131.095
134.864
132.348
131.24
132.283
131.643
130.819
130.812
157.631
132.255
131.26
131.91
130.978
131.875
131.518
131.483
129.136
128.635
129.955
128.625
126.276
127.465
155.304
134.953
134.732
133.976
186.86
204.942
217.249
203.524
215.933
202.629
240.769
220.293
232.491
216.629
267.264
242.549
235.119
262.66
261.587
237.334
259.018
235.883
231.994
237.349
261.071
167.902
180.856
174.194
137.036
134.664
116.544
115.836
116.034
114.891
115.145
115.599
115.24
134.463
116.205
116.492
115.951
115.201
115.175
116.415
116.652
129.969
118.326
114.901
115.356
114.784
116.1
115.052
127.923
118.764
115.436
114.936
115.372
114.922
115.61
114.914
136.978
119.289
115.098
115.36
115.767
115.415
115.346
115.824
130.362
116.765
115.151
115.33
114.401
115.232
114.924
116.555
130.093
117.07
115.947
115.92
115.575
117.063
115.028
115.566
129.347
117.653
116.57
116.733
116.675
116.736
116.709
116.624
120.38
116.139
115.92
116.411
116.068
116.093
120.675
146.519
120.191
115.504
131.676
117.538
114.558
115.235
115.911
135.674
127.445
126.149
124.839
145.2
145.568
159.383
132.747
126.79
125.017
124.829
123.232
124.282
134.51
126.54
123.954
124.728
123.514
123.824
123.857
123.036
138.967
124.413
124.571
124.533
123.133
123.908
123.386
139.4
125.023
123.425
123.33
123.491
123.75
123.129
145.307
129.511
124.1
123.723
124.499
123.156
141.14
190.548
143.548
136.06
133.146
188.343
204.773
212.547
260.685
220.841
235.212
206.638
205.089
208.12
256.153
277.031
264.839
207.074
203.032
212.273
239.734
224.483
233.771
173.292
226.333
202.18
181.189
201.645
167.434
154.191
153.435
165.575
157.668
175.518
158.021
156.73
158.807
158.324
162.032
155.966
155.471
174.465
173.998
173.15
193.807
177.3
176.561
176.096
176.961
178.404
179.341
176.157
176.704
181.753
188.627
181.759
178.715
175.707
179.524
177.337
191.632
174.672
179.782
176.396
177.801
192.444
175.009
175.626
175.788
175.812
185.015
178.208
178.75
146.733
143.701
176.768
187.114
175.145
147.638
144.467
151.774
166.765
182.693
177.259
175.44
176.161
176.139
191.958
174.779
175.774
175.665
175.705
163.498
174.248
174.224
171.942
146.5
144.167
164.991
146.188
144.792
142.185
142.609
142.847
159.5
176.32
174.131
175.173
176.143
188.417
180.281
176.122
175.5
175.685
175.762
194.744
178.88
175.532
175.765
175.581
207.207
176.817
178.932
175.455
176.684
193.049
176.03
175.746
175.277
175.592
173.61
176.035
175.861
175.35
174.782
175.978
179.41
176.814
179.485
175.11
175.835
188.675
176.83
176.251
174.943
175.738
194.191
176.762
176.606
175.32
175.698
177.403
179.455
177.523
176.35
175.545
188.567
177.981
173.981
177.475
175.144
147.21
158.178
176.651
172.849
176.257
176.29
160.245
163.281
176.382
173.126
172.526
175.749
192.006
174.215
173.145
175.177
175.856
185.032
177.072
171.592
175.996
174.555
188.025
177.917
174.989
173.172
171.815
175.207
188.289
174.14
175.063
171.98
171.003
190.111
176.844
175.451
173.354
175.061
176.347
174.553
175.747
175.8
176.11
174.553
194.262
173.812
175.829
172.864
176.469
192.638
174.237
175.424
175.253
172.879
185.109
177.644
171.852
175.394
175.932
186.489
175.746
175.837
175.512
175.424
171.342
188.219
174.592
171.348
175.157
173.316
185.034
177.683
174.061
175.117
172.305
181.68
173.412
175.538
175.762
174.97
173.584
187.638
174.97
174.565
175.631
171.719
189.662
177.33
176.67
176.04
175.197
173.932
178.171
177.302
148.176
143.454
143.992
158.085
144.73
173.493
175.622
174.956
176.018
192.858
174.806
176.081
179.855
175.719
193.824
178.709
175.699
176.3
176.032
190.805
177.563
175.806
175.561
175.846
183.684
179.999
175.761
176.009
176.501
176.51
180.925
177.055
176.428
175.953
179.469
192.979
175.749
176.059
175.938
176.38
196.026
180.274
176.026
176.494
176.09
188.698
175.638
175.372
176.04
175.799
190.599
177.145
174.873
176.212
176.246
175.151
193.046
175.782
176.522
175.277
176.131
189.001
182.97
174.516
176.608
175.619
189.403
178.63
177.699
175.728
175.809
178.254
176.961
176.949
176.263
175.996
175.163
189.063
147.404
143.257
175.109
175.832
176.206
176.317
148.577
161.131
175.619
175.135
188.214
175.228
173.276
175.356
175.62
189.19
173.599
184.065
176.955
175.223
173.472
175.397
175.679
176.069
175.545
175.392
215.04
174.711
175.099
176.27
175.53
188.283
174.432
174.835
173.637
175.527
184.748
173.644
175.348
171.939
176.369
186.375
176.176
176.032
175.5
177.469
176.828
180.857
174.598
175.872
173.136
175.214
192.673
173.821
175.755
175.545
176.11
200.399
177.658
175.385
171.955
174.029
200.869
175.807
172.192
171.763
173.053
169.757
191.468
142.86
134.664
133.44
174.265
185.768
178.21
175.349
173.059
171.575
170.68
194.186
175.3
172.027
171.786
173.477
183.766
178.879
170.853
173.11
172.692
188.181
175.627
171.038
168.033
176.727
151.542
162.715
145.273
143.818
174.985
175.803
175.99
191.434
174.955
176.212
175.444
176.338
190.341
179.652
175.144
175.325
176.763
189.004
178.616
176.347
175.292
176.066
190.131
177.584
175.77
175.875
175.574
175.722
192.033
177.981
177.223
175.725
175.581
210.711
175.705
176.702
147.751
177.995
189.121
181.663
175.514
176.771
175.965
186.622
177.398
176.931
176.257
176.24
176.013
184.15
176.952
176.011
176.035
175.441
180.604
174.893
177.944
175.929
175.397
189.424
177.879
176.664
176.069
175.894
182.765
176.31
176.634
176.053
176.733
175.608
192.293
178.906
178.048
176.065
176.463
211.237
174.55
146.548
144.364
138.269
134.684
188.638
140.956
133.943
173.477
140.953
153.399
205.596
168.039
164.68
176.213
175.842
187.829
143.547
138.847
153.672
145.694
143.852
158.666
143.196
143.528
143.238
142.558
141.022
155.404
146.027
141.9
142.124
142.693
142.085
141.908
156.947
143.274
143.046
141.069
141.406
141.936
147.508
143.922
141.764
143.398
141.034
141.557
142.319
149.292
143.293
141.617
142.501
142.131
142
154.604
142.062
139.792
138.395
138.365
138.258
138.952
161.333
179.949
173.205
177.966
175.632
183.052
177.625
177.055
177.175
177.674
177.698
177.292
176.99
225.908
230.826
235.22
224.974
226.381
200.741
196.192
181.1
175.484
176.184
176.494
180.286
177.452
150.065
139.842
137.95
135.296
134.943
142.85
136.669
135.163
135.223
134.028
135.827
145.987
137.007
163.644
176.113
175.529
147.601
152.461
158.447
186.609
157.691
147.507
145.984
160.567
145.944
145.256
144.982
143.923
144.621
153.981
148.14
145.036
144.436
144.052
144.256
144.714
161.609
145.55
144.069
142.512
143.113
147.027
157.623
146.829
144.186
142.786
142.164
143.692
158.879
146.515
144.594
144.819
144.091
142.973
142.889
158.023
144.043
174.74
131.453
117.628
115.491
130.355
119.798
115.951
116.748
115.137
116.116
114.899
113.962
140.067
134.447
128.985
129.837
161.102
198.014
153.072
198.926
202.609
195.35
193.169
144.439
195.652
194.922
194.652
168.62
136.035
178.964
191.668
199.451
191.646
136.501
146.142
198.06
192.944
193.226
193.61
184.814
199.695
199.491
198.459
198.399
201.692
198.967
197.416
197.323
211.334
202.889
196.594
193.076
193.446
187.825
200.004
142.037
200.471
191.406
160.643
138.151
129.372
180.1
180.678
180.591
158.678
137.222
134.886
134.997
134.502
134.121
135.457
147.608
132.763
129.824
128.822
128.737
128.488
129.001
153.049
138.846
132.958
132.763
132.137
132.102
133.971
160.563
134.438
133.226
133.607
133.018
132.521
141.105
136.823
133.359
133.121
132.184
163.749
173.9
191.614
171.999
172.879
173.172
173.698
191.491
173.857
173.43
173.906
172.998
183.993
176.785
173.903
173.057
174.266
189.539
173.1
176.45
176.347
173.449
173.542
181.256
175.35
173.142
173.689
172.818
187.56
172.279
173.091
177.115
172.979
162.513
140.958
135.13
134.381
134.94
133.015
131.571
144.494
134.17
132.857
132.979
133.289
132.341
140.501
149.76
134.871
133.626
133.165
133.173
160.38
184.045
175.821
173.286
147.284
214.959
195.002
179.167
145.232
128.23
124.333
123.715
128.717
143.945
129.69
128.687
127.818
128.129
127.587
127.196
140.339
128.443
129.616
128.306
128.419
123.725
128.611
140.621
129.031
128.667
128.116
127.135
128.278
127.804
138.748
129.455
128.732
128.718
128.239
122.937
129.566
131.224
127.551
128.741
127.293
128.67
127.434
127.765
127.846
144.585
128.125
127.381
127.19
128.03
127.404
127.866
140.762
131.432
127.614
128.524
128.08
128.279
127.665
138.715
130.356
129.322
127.15
134.582
124.404
129.962
139.361
129.082
122.976
127.631
127.473
129.102
127.348
137.527
133.359
128.217
128.113
127.06
127.749
127.307
127.758
133.122
129.018
127.906
126.299
126.855
127.649
127.518
138.864
131.382
127.691
128.17
124.843
128.143
128.083
140.697
130.11
129.39
128.034
127.19
127.875
128.601
141.893
144.976
124.393
128.336
128.574
129.179
128.534
141.873
124.281
123.632
128.314
127.013
127.951
126.919
186.729
132.882
118.985
117.499
116.39
117.537
116.236
135.893
120.458
116.748
115.448
116.223
115.334
115.836
117.59
131.079
118.675
116.807
115.16
117.401
115.235
116.053
114.685
127.551
117.416
116.38
115.06
117.643
116.019
116.791
115.521
120.343
117.512
115.557
118.017
117.015
116.796
115.691
132.009
120.812
116.462
115.645
115.689
116.227
116.149
116.417
130.424
118.257
118.391
117.7
117.656
117.493
117.101
116.97
132.733
117.339
118.167
116.681
117.155
117.764
116.901
128.636
121.417
117.815
117.599
116.605
117.406
117.185
118.134
128.531
117.945
117.172
117.286
115.935
115.936
116.016
116.032
127.163
116.231
115.364
115.978
115.367
115.274
115.52
116.185
128.155
115.959
115.318
115.511
115.1
114.326
114.726
128.615
119.578
115.614
116.624
115.431
116.102
115.044
115.628
129.623
118.185
115.283
115.342
115.385
115.301
115.584
115.641
131.969
117.249
115.898
115.793
115.762
116.07
115.347
115.413
132.57
118.639
117.175
117.67
117.433
117.322
115.641
128.326
129.196
161.259
128.08
117.586
117.045
118.027
116.888
124.958
117.449
115.939
116.711
117.372
116.552
117.336
125.433
120.781
118.564
116.861
116.678
115.89
116.977
115.58
129.987
116.948
116.641
116.275
115.968
115.524
115.572
115.31
128.038
117.897
117.74
115.554
116.222
116.784
116.524
115.846
118.852
116.786
116.269
115.834
115.208
115.888
115.968
128.283
121.093
116.517
116.263
117.33
115.706
116.922
116.858
129.306
118.247
117.175
116.377
116.911
117.485
117.181
116.753
127.712
117.492
117.289
118.178
118.086
115.561
116.891
117.466
122.007
116.826
116.687
117.8
117.49
116.778
114.738
126.244
118.906
116.096
115.892
115.815
115.511
115.983
115.16
130.307
116.216
116.146
114.792
115.593
115.554
115.198
114.413
126.231
115.862
114.87
115.409
115.842
116.246
115.173
114.325
130.807
115.38
115.228
115.307
115.325
114.729
116.282
125.673
117.749
115.358
115.537
115.188
115.668
115.545
116.256
118.891
118.545
115.417
114.696
116.734
116.19
117.511
116.461
128.195
116.056
113.743
145.397
153.98
143.554
143.755
162.128
143.635
142.389
143.512
143.978
142.609
162.264
144.311
143.5
142.101
144.907
141.777
155.598
148.997
146.327
142.476
152.607
178.396
168.722
157.833
148.938
146.689
144.504
143.494
162.432
150.609
144.219
144.218
144.618
151.263
147.716
163.873
146.137
145.363
144.862
144.636
147.178
163.444
148.173
147.277
146.359
147.13
145.756
159.154
151.855
158.569
137.857
133.289
131.728
130.549
148.873
131.324
130.236
131.186
130.459
130.59
131.545
147.867
131.713
130.752
130.307
130.719
130.348
130.495
145.884
131.427
130.199
129.767
129.987
130.966
129.743
147.103
131.295
130.973
130.981
130.034
130.18
131.079
143.815
132.611
130.847
130.599
130.357
130.548
130.682
151.53
135.222
131.331
130.381
131.163
130.846
130.063
142.853
134
131.343
132.186
130.586
130.248
130.47
134.775
133.786
131.325
130.862
130.576
131.138
131.13
145.983
134.167
130.327
131.373
131.084
130.873
130.532
144.477
134.461
130.426
130.723
130.813
130.599
131.461
140.901
133.178
132.068
130.428
129.867
131.22
131.411
130.104
141.303
131.495
130.997
131.386
130.596
130.694
131.28
136.206
131.647
132.136
130.575
130.893
130.693
131.196
144.217
127.695
127.929
127.225
127.891
126.84
126.387
151.759
131.174
130.632
130.84
129.964
129.887
129.723
138.831
130.26
129.831
130.692
129.901
130.444
129.669
144.931
129.608
148.161
154.762
148.412
144.437
208.774
204.435
199.007
173.034
138.986
131.348
145.78
131.198
130.754
130.94
130.723
129.908
131.114
144.64
131.354
129.59
131.905
131.033
131.228
130.687
151.07
131.464
131.44
130.431
131.197
131.587
130.173
143.337
132.119
131.357
128.945
129.694
131.5
131.993
143.664
130.973
131.785
131.491
130.48
130.608
130.739
142.372
130.618
131.355
130.17
130.629
130.202
130.633
143.582
132.79
129.13
129.656
130.034
130.456
129.544
141.295
132.831
130.047
130.254
130.573
130.446
130.399
145.453
133.985
131.41
131.921
130.612
130.786
129.529
135.211
134.613
130.853
130.907
131.544
130.131
130.068
143.391
135.131
130.369
130.867
130.954
129.413
131.123
139.31
136.48
128.974
127.451
127.525
127.695
126.787
126.905
149.997
132.236
129.9
129.941
128.874
129.589
129.276
140.858
129.751
131.334
129.277
129.9
129.518
129.608
140.412
129.897
129.292
130.107
129.108
128.714
129.238
144.387
130.848
128.906
130.137
129.439
129.593
128.898
140.674
130.528
129.402
128.795
129.198
129.473
129.416
143.522
133.422
129.849
129.286
130.636
129.259
130.601
137.406
133.796
128.197
129.547
129.4
129.463
128.591
129.502
144.651
131.174
128.504
129.981
129.917
128.701
128.658
141.725
129.397
129.271
130.021
129.727
129.542
129.064
140.428
129.898
130.921
128.671
129.536
129.379
129.64
145.219
131.682
129.803
134.636
165.383
150.104
131.649
143.421
128.962
127.016
127.668
125.431
126.707
126.873
142.756
126.339
125.587
124.083
124.791
125.914
125.634
137.569
131.014
126.628
125.286
125.265
125.733
125.583
125.083
140.029
126.107
126.75
124.799
125.275
125.505
126.055
139.998
126.478
125.65
125.359
126.221
125.613
125.265
136.903
130.344
126.264
126.365
126.071
124.988
125.924
124.804
138.375
127.472
125.382
126.202
125.72
126.347
125.461
140.85
126.228
125.874
125.731
125.413
125.018
125.333
140.041
130.495
126.492
126.796
126.548
124.822
124.991
124.852
140.404
126.675
126.248
126.174
127.009
125.751
125.488
141.55
126.549
126.779
126.157
126.047
125.328
124.446
136.707
127.532
126.419
126.255
125.426
125.502
126.702
125.599
148.234
128.727
126.658
125.52
124.827
126.064
126.047
140.718
128.878
127.016
126.415
125.213
125.563
125.74
137.399
126.816
126.178
125.58
125.487
125.064
125.747
138.425
129.637
126.446
125.966
125.028
125.329
125.727
125.488
142.435
129.905
125.45
125.544
126.093
125.006
125.436
137.797
126.555
125.506
126.294
124.955
126.381
125.084
135.902
129.556
125.971
125.824
125.85
125.179
125.894
125.622
139.241
127.969
125.569
124.259
124.802
124.671
125.056
136.143
127.211
126.06
124.998
125.694
123.879
125.776
125.75
135.488
126.838
125.245
125.419
124.361
125.159
125.175
138.883
126.161
125.31
125.993
125.409
125.69
124.657
135.124
