445.712
369.627
302.917
197.112
213.596
198.558
232.214
205.001
145.813
138.399
135.277
136.207
135.807
140.423
136.176
134.663
133.918
135.057
135.224
148.18
136.441
134.395
134.762
134.115
134.168
135.063
142.421
171.926
172.045
163.448
133.193
128.444
146.462
130.478
127.258
127.38
127.033
127.178
127.22
137.884
130.174
127.106
127.274
127.533
127.006
127.482
143.56
130.351
128.29
127.773
127
127.01
128.011
161.47
152.406
140.047
138.702
150.237
191.769
158.352
145.96
139.1
137.842
146.329
181.797
175.484
166.411
162.057
166.883
166.104
174.492
224.992
200.176
194.961
194.655
187.46
257.607
170.101
192.183
188.167
208.249
186.182
187.484
191.112
188.341
202.234
188.359
188.817
185.208
188.023
213.398
183.154
187.562
188.537
185.283
221.322
190.603
183.939
183.59
434.879
253.74
212.627
205.835
231.097
210.152
209.579
204.378
230.545
175.143
156.216
157.556
154.174
155.579
190.288
158.208
161.791
156.698
161.232
176.138
162.573
159.203
156.891
158.492
156.738
173.837
162.844
159.892
159.571
156.243
160.316
183.929
162.014
156.348
158.867
158.826
158.252
159.935
157.172
155.575
155.551
154.632
170.835
162.141
171.073
170.114
161.691
161.543
173.106
164.273
159.069
159.331
160.958
159.64
176.958
159.729
159.286
158.85
158.326
158.101
164.327
159.818
158.207
160.811
161.649
177.313
166.59
160.176
162.772
166.588
164.183
176.913
166.605
166.539
165.129
165.66
167.491
166.889
169.091
192.037
186.164
186.456
214.685
184.297
179.404
181.85
180.747
319.151
217.915
181.876
168.717
223.399
180.602
176.258
175.797
174.85
186.617
155.451
154.047
162.762
158.809
159.626
183.725
166.321
159.695
160.938
154.026
173.777
168.736
160.985
160.287
149.349
158.068
180.119
166.651
166.127
164.3
166.088
154.026
175.069
162.639
163.681
161.463
162.572
177.132
165.87
159.966
160.248
163.508
160.644
180.652
159.668
159.929
163.505
156.934
163.397
185.426
167.37
166.468
166.053
163.505
180.464
165.995
143.562
126.214
133.569
124.4
123.458
142.716
123.698
123.888
122.759
122.831
125.048
122.476
138.619
124.661
123.141
124.131
124.068
123.959
124.537
137.192
129.133
123.491
123.846
123.08
123.102
124.798
124.38
135.372
124.832
123.692
124.627
122.928
123.129
124.048
135.071
124.624
123.003
122.569
122.536
122.97
123.941
137.027
126.634
123.435
122.423
158.231
170.78
159.828
161.446
153.272
151.665
151.063
152.236
153.593
207.99
203.61
186.999
187.373
186.564
200.574
186.375
186.962
186.546
189.009
205.202
187.358
188.469
188.454
193.927
206.766
183.163
187.25
186.843
201.68
196.455
185.331
164.463
186.047
200.342
206.679
183.223
187.205
187.351
198
188.116
186.299
186.669
186.856
201.019
190.469
189.97
186.111
186.244
200.129
190.116
186.898
186.471
192.224
225.633
206.363
147.445
136.868
135.229
134.814
155.986
136.225
135.093
135.504
135.505
134.263
146.823
148.096
144.738
128.844
127.409
127.211
126.197
141.322
129.443
127.923
151.06
143.377
138.638
138.364
153.44
137.399
136.45
136.594
136.802
168.958
169.239
208.026
207.197
177.65
184.697
197.807
204.368
174.562
143.911
137.302
135.789
140.684
136.711
136.373
136.767
136.426
139.386
147.18
136.059
135.936
136.464
136.531
136.162
137.693
149.734
137.018
136.772
136.157
135.407
137.312
149.753
138.657
135.328
135.301
134.895
134.576
135.127
149.793
137.604
134.973
135.932
135.244
134.028
134.765
149.574
136.38
134.452
135.791
135.391
135.374
148.284
137.687
135.939
134.45
133.62
134.479
134.164
149.634
135.431
134.937
133.616
134.88
133.846
135.297
149.028
135.641
154.031
146.258
133.479
164.982
187.043
154.017
155.053
151.627
162.324
160.152
171.162
154.867
162.295
164.946
152.097
161.662
163.378
164.58
156.521
151.117
170.176
181.593
162.531
152.887
153.782
158.374
164.982
167.485
150.476
152.35
151.264
128.711
125.022
149.195
131.126
126.055
125.52
126.742
125.557
124.045
138.997
157.532
159.264
133.295
133.815
132.14
131.584
151.485
132.594
132.585
132.888
133.764
131.211
140.492
134.552
132.488
132.768
132.79
134.242
131.427
147.372
136.233
131.956
132.372
166.702
144.366
131.775
158.121
133.202
133.085
132.037
131.027
132.043
142.495
139.23
134.032
133.416
133.457
132.086
131.856
145.77
133.971
131.749
133.255
132.824
130.756
131.241
151.796
132.28
141.736
171.819
144.721
140.748
155.5
145.693
181.608
179.855
178.649
182.652
203.385
181.944
182.084
180.639
200.126
203.103
181.857
180.871
183.264
181.262
174.57
186.633
184.561
182.348
180.624
187.277
184.948
180.974
184.667
182.264
203.001
183.56
180.056
165.49
182.73
197.863
185.339
184.323
181.041
182.684
185.373
188.998
181.475
181.062
186.188
200.732
187.377
182.943
186.361
176.273
145.55
163.241
135.889
132.176
133.43
132.18
132.236
136.811
136.209
132.581
132.44
133.803
133.064
129.929
154.652
134.853
133.861
133.422
133.216
130.301
131.668
167.932
151.066
143.682
171.779
151.519
144.01
189.036
177.806
178.495
178.777
152.009
190.907
181.389
179.177
178.676
152.179
232.835
224.511
223.25
230.078
237.843
228.607
224.815
189.46
151.09
211.204
215.654
186.582
178.883
161.559
183.793
178.86
178.886
179.445
151.948
196.487
179.137
178.435
178.818
149.917
193.666
186.332
182.318
182.826
182.94
196.417
183.889
183.946
184.045
154.549
170.145
172.442
176.851
174.401
178.272
170.204
185.911
184.066
183.208
182.639
182.644
208.535
183.459
180.315
208.297
212.188
182.965
181.407
184.638
184.869
201.975
186.088
182.487
181.994
184.85
197.865
181.387
180.798
182.259
180.577
198.283
186.243
182.757
182.322
180.932
193.267
187.756
180.598
180.839
182.389
195.504
184.99
182.867
184.388
182.791
181.455
187.486
180.709
181.191
183.342
193.564
185.474
182.653
180.912
184.933
192.003
182.567
184.675
181.23
180.915
182.897
198.045
180.325
186.323
182.563
185.095
201.597
185.58
186.647
182.821
187.336
198.981
182.148
182.249
182.599
182.654
196.737
183.071
184.13
183.603
184.097
198.927
181.36
183.865
180.758
183.927
194.481
183.922
184.505
180.09
184.138
219.224
181.887
179.117
179.164
178.538
209.496
202.716
202.31
177.317
145.941
150.616
135.925
134.966
134.846
135.017
134.389
133.838
149.901
135.419
135.609
135.458
134.535
134.357
147.026
136.8
135.588
134.175
134.126
133.822
135.359
143.643
136.267
135.314
134.589
134.679
133.414
135.077
149.735
134.418
135.733
134.275
132.791
132.715
133.854
151.482
133.692
135.519
134.466
133.919
143.986
136.391
142.259
133.937
134.931
134.68
134.58
132.147
147.336
136.367
134.778
133.237
134.613
135.083
133.695
148.519
134.426
132.972
135.953
134.098
135.194
134.093
149.608
135.829
134.637
134.603
133.771
134.034
133.203
149.458
134.253
132.31
134.028
133.735
132.412
134.794
148.845
135.083
134.033
132.418
134.085
132.476
142.051
140.024
133.317
133.05
131.745
132.694
133.196
145.277
136.057
133.517
134.068
132.033
132.318
133.878
146.422
133.597
133.705
134.064
135.011
133.354
133.556
145.004
131.949
161.961
160.003
159.712
148.451
197.339
152.926
151.125
146.918
149.697
148.755
168.354
151.792
151.296
152.24
150.545
150.659
162.048
153.233
151.956
150.128
151.077
149.447
166.841
152.123
150.974
152.347
148.554
148.975
168.304
150.749
151.957
151.387
149.646
150.199
169.463
163.452
159.897
159.445
156.668
152.861
169.76
152.485
149.82
157.673
160.487
160.104
163.499
157.971
159.783
155.495
163.202
180.391
155.156
128.374
124.734
126.306
124.978
125.005
140.284
126.376
125.306
125.135
124.628
125.043
124.06
137.468
131.405
125.482
125.895
125.056
124.961
125.192
124.688
130.126
124.592
125.928
124.495
125.263
124.429
125.29
136.16
124.942
124.644
125.49
125.251
124.16
125.159
138.93
126.454
124.578
125.227
124.371
124.198
124.622
139.074
131.014
123.506
122.747
123.578
123.462
123.291
123.05
138.449
125.137
123.998
122.963
121.898
123.9
124.12
136.153
124.112
123.023
121.88
123.519
124.457
124.993
134.268
127.435
124.993
123.916
124.59
124.514
124.635
124.163
135.646
126.563
125.717
125.273
125.32
124.945
125.767
139.174
125.882
124.842
124.427
124.891
124.772
124.382
139.079
126.577
125.459
124.649
124.928
125.116
122.346
134.269
127.498
125.444
125.32
122.938
122.823
123.151
123.672
134.808
125.363
125.273
125.097
123.796
125.017
124.732
136.744
126.223
124.177
125.202
124.909
124.462
124.654
138.858
126.732
124.632
125.39
124.556
123.699
124.542
126.669
128.05
124.581
124.014
124.304
123.305
124.982
124.221
135.297
124.533
123.377
123.257
122.061
148.572
176.153
141.907
137.69
134.448
134.707
132.671
132.442
144.038
133.66
134.653
135.08
133.898
133.857
133.768
149.584
135.489
134.262
134.539
133.874
133.955
134.579
149.413
135.342
134.315
134.469
134.818
133.242
133.58
146.846
134.519
133.523
134.599
134.325
133.316
132.774
138.121
132.535
134.96
133.958
134.91
133.864
148.918
137.891
134.409
133.58
133.721
133.766
134.77
148.097
135.805
133.591
134.004
133.811
134.303
133.733
148.749
135.324
133.955
134.442
134.807
135.264
133.901
150.52
135.011
134.77
134.662
133.708
135.886
134.262
135.723
135.304
133.637
139.359
135.268
135.315
145.674
135.97
134.649
133.936
133.768
135.405
135.137
149.503
135.642
135.83
133.497
133.513
133.45
151.245
160.136
142.008
149.102
158.548
149.715
148.77
174.729
135.644
128.748
128.002
128.313
129.746
129.131
135.844
178.732
158.748
138.923
136.202
136.123
172.364
140.773
137.381
137.579
135.142
134.979
145.293
138.763
134.243
134.19
134.206
134.559
134.622
149.997
136.372
134.405
133.91
133.345
133.877
133.148
147.931
135.847
134.566
134.635
134.129
134.961
134.808
140.749
135.955
134.837
134.522
135.155
134.138
145.454
135.844
134.806
133.613
134.077
134.153
134.905
145.799
135.51
134.093
135.576
133.522
133.023
133.362
148.022
136.406
138.19
135.48
134.764
134.926
133.679
141.766
134.658
135.907
134.685
134.231
134.43
151.499
137.835
134.069
134.939
134.54
134.012
133.953
149.62
135.336
134.394
133.389
135.154
133.703
133.979
145.876
135.089
133.877
133.239
134.228
134.505
132.904
147.571
134.485
133.847
132.987
134.468
134.013
148.069
136.88
133.74
133.946
134.319
133.525
133.212
146.358
136.954
134.274
133.592
133.367
134.79
134.836
148.119
136.003
134.966
133.844
133.396
133.336
133.955
147.48
134.921
134.168
134.537
133.245
134.103
133.459
152.139
134.312
133.314
133.847
133.148
133.777
153.769
139.226
134.285
133.134
133.177
133.284
134.121
147.013
135.885
133.799
133.18
133.546
134.307
134.153
148.295
134.953
133.504
133.958
133.333
134.217
133.23
153.031
135.239
134.521
133.832
134.438
133.989
145.997
138.375
133.616
135.009
134.558
134.057
133.615
144.265
137.318
135.065
134.589
134.661
133.362
133.375
149.69
136.048
134.992
134.25
132.908
134.595
133.685
142.034
135.848
134.776
134.554
133.327
134.058
133.903
150.437
134.44
134.106
134.533
133.543
132.593
146.424
136.991
134.722
134.584
134.361
134.612
133.302
148.181
135.922
133.676
135.186
135.112
133.66
134.277
149.115
135.63
134.551
136.112
133.377
133.636
132.978
151.724
134.282
134.313
133.973
133.455
133.492
132.816
137.487
134.016
133.269
135.354
134.323
133.997
150.881
137.762
135.216
134.445
134.52
133.748
133.73
145.935
134.679
134.28
133.033
133.696
134.983
133.795
145.122
135.236
133.973
134.399
134.186
135.172
133.476
151.968
134.508
133.645
133.421
134.823
134.097
134.44
137.72
132.36
132.448
133.312
132.208
134.137
147.092
137.294
132.392
133.12
133.278
133.311
133.952
147.673
134.301
132.414
132.754
132.376
132.246
134.061
148.297
134.958
134.411
133.609
133.444
133.262
131.934
146.201
149.372
137.445
135.399
136.229
134.407
150.38
139.023
135.156
134.37
134.752
134
135.383
150.22
137.164
133.832
135.607
133.665
134.342
133.852
146.926
135.835
134.832
134.141
135.44
134.98
134.094
148.102
136.533
134.424
133.913
134.608
134.461
152.569
137.759
137.147
135.013
134.611
134.093
134.234
150.08
137.525
136.97
134.725
135.064
134.437
134.719
148.492
135.591
135.139
134.764
134.064
134.263
135.089
140.325
135.219
136.376
134.711
134.295
133.987
152.289
137.557
136.201
135.931
135.034
134.32
135.462
150.16
136.401
134.187
135.035
135.29
134.941
135.303
147.824
135.092
134.539
135.314
134.932
133.699
134.256
138.584
134.512
133.251
133.989
134.409
133.188
136.316
136.79
132.902
133.452
133.411
134.529
133.371
147.219
135.974
136.633
134.998
134.779
134.301
132.661
145.074
135.919
134.611
134.444
135.222
136.617
134.328
151.583
135.792
134.746
135.199
135.203
135.985
147.453
137.756
135.019
134.19
134.851
134.377
134.299
148.661
136.638
134.725
135.903
134.686
135.04
135.099
148.669
135.949
134.662
134.468
134.996
134.281
135.854
148.406
135.216
134.241
135.059
134.421
134.237
146.478
137.669
134.899
134.802
133.348
133.87
134.909
150.866
137.11
134.502
135.3
134.353
134.932
134.108
144.985
135.85
134.286
134.25
134.003
135.296
134.175
151.133
135.637
134.966
133.922
133.732
134.451
146.933
137.994
135.858
134.806
134.655
135.116
134.746
143.744
137.505
135.464
135.384
134.587
134.223
134.351
148.718
136.938
135.922
134.59
134.687
134.292
135.243
149.381
134.673
135.071
135.102
135.57
134.315
146.324
137.853
135.182
135.51
134.184
134.689
134.239
145.371
137.215
135.059
134.574
135.54
134.067
135.81
149.946
136.002
134.978
135.23
135.72
135.313
133.946
151.747
135.514
134.612
134.905
135.33
134.647
146.929
139.063
135.143
134.211
134.478
135.817
134.944
150.16
137.142
135.521
133.846
134.434
135.152
133.856
139.263
136.46
134.168
134.641
134.592
134.858
134.902
149.131
135.434
133.531
134.374
134.297
135.492
134.808
138.039
134.893
135.611
134.972
135.176
134.715
152.897
138.482
135.407
134.231
134.711
134.012
135.677
151.14
136.439
135.39
133.833
134.755
134.11
135.453
146.499
134.467
134.961
134.247
134.337
133.95
134.344
149.021
135.357
134.193
134.691
133.895
134.484
152.051
138.961
135.016
134.684
134.902
135.437
134.756
150.391
135.949
134.872
134.739
135.401
134.193
134.19
137.786
132.696
130.011
131.224
130.312
129.567
130.411
169.522
134.734
133.6
133.532
133.634
133.281
132.7
135.965
134.785
133.739
133.354
132.133
132.238
148.183
136.973
133.615
133.364
132.701
133.601
133.536
148.587
133.937
132.933
133.96
133.628
132.072
131.885
145.809
133.439
131.977
132.755
131.795
131.774
131.65
138.826
133.552
131.907
132.726
132.735
131.951
131.63
145.044
132.069
132.09
132.623
132.496
131.414
130.902
147.1
132.921
132.481
132.737
132.936
131.674
156.518
150.492
136.037
132.819
135.053
135.369
133.528
148.569
135.059
132.716
134.258
132.947
133.829
132.631
146.19
162.828
165.913
189.93
179.676
173.781
150.133
180.47
179.75
179.475
149.573
196.671
183.413
178.921
180.656
148.425
200.738
182.358
180.613
180.147
181.754
180.962
182.181
377.931
197.199
171.123
141.489
134.598
134.027
134.725
134.583
133.977
152.349
138.413
135.129
133.739
134.647
133.552
133.622
150.711
134.049
130.304
131.146
128.547
129.341
137.99
163.621
150.751
143.196
142.016
140.55
139.45
154.28
150.019
144.698
142.244
141.017
141.94
141.489
154.322
145.411
141.365
141.603
141.816
142.084
155.41
140.9
141.318
139.804
140.563
140.149
139.877
157.374
144.794
141.549
139.399
140.359
140.009
152.069
151.847
146.231
145.402
144.232
141.885
142.671
271.513
184.831
184.175
180.815
180.669
185.6
184.45
184.923
184.963
183.294
183.326
181.313
185.133
184.421
194.442
181.979
185.851
180.689
180.806
184.615
201.369
186.964
182.356
184.567
184.286
197.227
181.306
179.705
225.853
206.412
209.981
146.923
136.404
133.603
133.567
133.227
140.685
134.413
132.156
135.12
133.702
133.407
143.898
135.362
134.028
132.591
134.542
133.359
133.795
148.097
137.819
133.751
132.464
133.643
133.964
133.327
157.417
135.515
133.38
133.69
134.709
133.735
131.35
155.749
139.384
137.233
137.461
137.621
136.671
137.473
139.622
138.516
136.003
135.05
134.833
137.129
148.568
138.573
133.828
134.326
133.393
133.837
133.621
155.678
139.206
135.789
136.815
136.986
137.393
137.635
149.453
138.153
136.081
136.109
136.133
135.406
136.875
141.136
137.05
137.259
135.541
137.183
135.619
143.728
140.204
136.375
137.85
138.266
135.723
137.287
151.243
137.913
134.93
135.917
137.808
135.582
137.774
153.278
137.501
137.247
136.231
136.447
136.685
148.711
142.395
135.825
136.019
137.514
137.289
136.929
150.581
139.366
136.763
136.097
137.497
135.947
135.383
154.025
138.255
138.53
134.833
136.439
137.333
135.766
141.975
138.96
138.572
137.66
137.083
137.206
145.6
138.402
137.808
136.391
136.605
137.113
138.174
151.951
135.119
137.203
136.855
136.359
136.096
136.412
151.628
137.096
137.4
137.6
134.803
137.293
151.288
140.521
137.139
137.994
136.034
136.468
135.96
150.638
137.958
135.231
137.62
137.97
136.231
137.43
164.671
147.324
144.998
143.62
143.856
143.425
159.201
144.324
141.377
141.359
142.596
141.925
140.809
157.116
143.579
142.977
141.764
141.928
142.012
154.669
143.261
142.289
140.89
143.06
141.997
141.203
157.176
141.305
142.539
141.036
141.561
142.021
182.961
180.935
176.619
180.524
181.48
190.359
181.128
179.418
181.469
181.833
182.703
180.176
180.589
181.66
181.511
183.137
181.309
180.092
179.885
181.554
195.984
183.07
179.882
180.485
181.193
195.351
183.331
180.943
181.713
181.407
195.963
183.646
180.821
180.009
180.447
193.84
182.311
182.78
180.963
180.36
195.836
182.847
181.029
183.304
181.188
194.841
182.735
182.853
180.269
180.13
194.218
181.292
180.095
180.537
180.429
193.301
181.88
184.3
181.373
180.08
193.046
183.418
179.726
180.095
180.222
194.563
184.477
182.399
180.908
181.268
192.342
183.578
181.282
180.64
180.41
192.062
181.028
181.957
180.67
180.601
192.588
160.23
149.055
143.413
144.193
142.416
141.779
155.557
144.26
141.085
141.541
142.148
140.979
153.59
144.012
143.114
142.883
142.134
142.478
142.164
152.841
143.49
141.881
142.182
140.447
142.356
152.393
142.82
142.335
141.629
140.829
141.878
141.442
153.393
143.518
140.841
141.416
141.268
141.437
145.861
192.981
186.386
186.401
157.72
144.978
158.486
143.247
143.233
183.935
186.853
197.313
186.774
186.318
183.852
187
199.023
187.578
185.112
186.789
149.948
142.156
159.144
143.301
143.214
142.991
143.895
141.292
156.711
142.714
141.635
142.677
142.545
142.182
158.315
146.639
143.15
142.87
142.396
143.163
141.716
159.725
141.493
141.229
137.811
139.464
139.326
153.707
162.552
244.898
157.275
154.194
153.62
167.665
152.814
151.721
151.98
152.534
153.376
236.797
160.602
154.131
154.739
182.397
173.199
154.946
154.038
152.287
152.082
152.928
165.672
154.594
151.866
153.403
152.895
153.109
165.145
153.359
151.628
151.146
150.825
152.971
169.191
153.615
152.518
152.466
151.939
151.592
163.806
152.999
151.614
150.077
152.414
152.858
159.234
143.647
140.369
140.428
140.209
139.433
139.338
158.772
141.189
140.321
139.785
140.748
139.093
150.048
141.393
139.801
139.331
138.221
141.196
140.594
153.596
144.657
139.12
139.789
139.28
139.442
139.282
152.928
140.606
139.728
138.278
139.538
140.052
156.275
151.311
162.512
181.099
179.34
158.45
169.717
152.257
147.567
147.903
146.775
178.747
188.471
183.231
184.123
183.558
180.371
213.356
189.263
181.339
178.239
182.928
204.01
181.873
173.146
183.949
180.322
218.7
191.736
182.064
182.685
179.903
216.931
192.203
217.023
222.614
249.142
218.949
222.416
208.341
266.011
216.627
221.284
220.664
216.048
189.247
186.562
200.258
184.016
201.988
191.314
187.529
203.247
185.662
198.345
191.756
185.476
185.365
187.775
202.321
188.477
190.218
207.054
183.62
200.429
187.717
184.002
214.056
168.069
171.993
156.693
153.164
154.023
188.039
196.266
187.084
186.356
183.649
178.87
238.774
215.038
212.864
149.189
136.104
133.448
149.117
135.329
136.387
135.469
135.346
133.841
148.335
136.939
134.63
133.508
132.995
134.577
134.621
167.146
159.871
156.995
138.498
138.14
138.533
153.069
142.829
138.796
137.079
137.698
136.784
137.397
152.969
136.998
137.363
134.822
136.45
136.383
135.959
141.475
135.412
136.856
136.38
135.701
135.462
146.071
137.904
136.233
134.536
135.143
136.504
134.988
140.561
136.808
135.468
134.82
135.497
136.523
134.444
149.788
136.743
134.141
134.799
134.811
135.85
149.111
142.251
135.033
132.646
132.919
129.616
131.307
157.794
140.944
137.965
136.132
136.176
136.883
135.652
149.74
135.902
138.165
136.005
135.807
135.873
140.386
137.948
136.116
137.953
135.799
136.488
135.882
150.202
136.573
135.578
137.403
136.386
136.507
135.484
147.882
135.863
135.676
137.56
136.138
136.51
148.931
139.484
136.078
135.828
137.237
135.443
136.804
149.881
138.294
137.105
136.795
137.295
136.64
135.987
149.081
137.289
135.887
137.61
138.392
136.48
148.589
138.456
138.355
137.253
135.651
138.017
136.757
149.731
136.312
136.857
135.507
135.671
136.738
135.833
143.022
137.536
136.33
136.059
135.538
137.211
146.471
137.823
134.997
136.239
136.76
135.674
137.006
150.985
136.023
136.694
136.403
135.492
135.198
136.433
138.923
136.242
136.159
137.259
136.75
135.432
151.12
137.018
137.058
136.496
135.772
135.665
135.231
154.152
155.398
141.789
140.602
142.48
139.927
158.69
143.81
140.317
139.746
139.559
140.014
139.069
158.841
141.767
140.94
141.494
140.815
140.272
155.254
142.196
140.95
140.663
140.395
140.933
141.31
156.377
142.151
140.359
140.983
140.434
142.285
154.437
143.372
141.365
141.888
140.777
139.797
140.622
157.063
143.343
140.683
140.354
141.654
141.091
156.392
140.826
141.704
140.314
140.978
139.966
141.25
162.119
142.135
142.094
140.438
139.928
138.787
157.421
141.578
141.041
141.077
140.444
140.342
139.673
143.184
139.647
141.534
140.534
140.205
138.801
154.744
142.426
141.046
141.296
139.914
141.948
139.571
157.765
141.033
140.618
139.861
140.174
140.422
155.767
140.371
140.892
139.907
141.264
140.227
139.556
157.114
141.228
139.941
139.819
139.899
138.968
154.127
142.13
141.587
140.492
139.783
140.089
140.285
157.473
140.981
140.001
139.73
140.371
140.191
155.521
143.085
140.305
140.555
140.508
139.773
139.653
155.981
142.386
140.618
139.673
139.613
139.65
155.33
141.796
141.007
141.616
140.395
141.174
140.645
155.299
140.693
141.611
140.625
139.329
140.335
155.574
141.708
140.518
140.369
140.712
140.053
139.7
157.274
142.348
140.618
139.329
141.952
141.634
155.947
142.447
140.803
140.989
141.123
140.125
138.889
157.498
140.775
141.374
139.786
141.094
140.125
154.143
141.852
141.133
140.716
139.931
140.619
139.469
158.016
143
139.754
141.101
139.807
141.343
153.238
141.982
141.291
140.679
140.809
138.754
140.91
154.861
142.617
140.419
139.98
139.664
139.523
154.256
140.729
142.163
140.678
141.144
139.857
141.547
155.906
142.504
140.612
139.96
141.358
140.2
155.366
141.791
138.733
140.411
138.868
139.684
138.677
153.31
142.213
140.94
139.962
138.934
138.649
156.395
144.308
141.316
139.951
140.653
140.056
140.412
153.208
142.534
140.435
140.285
139.581
139.65
141.271
144.01
141.458
140.071
139.631
140.783
139.603
155.37
141.372
140.603
139.301
141.01
140.837
139.373
144.216
139.514
140.886
141.055
140.594
140.94
155.365
142.162
139.751
139.112
140.577
140.468
140.592
158.45
141.394
140.11
139.472
140.92
140.632
154.41
141.745
140.502
140.218
139.683
139.7
140.06
156.078
141.741
140.566
138.882
140.739
139.817
151.533
141.572
139.716
138.895
138.81
139.872
139.873
159.316
143.018
140.146
139.47
139.944
138.988
152.267
144.329
141.334
139.787
140.408
140.861
140.245
154.938
142.6
139.686
139.797
140.096
140.392
149.785
144.832
140.278
139.944
140.091
139.846
139.383
154.697
140.956
140.107
140.152
139.574
139.998
139.345
151.813
141.644
139.303
139.007
138.944
140.565
151.523
140.218
140.456
139.369
138.862
139.135
138.994
156.504
140.058
141.019
139.787
139.062
139.18
149.159
141.22
139.662
139.523
139.692
138.901
139.37
152.699
141.353
139.921
141.181
140.26
138.584
153.878
144.672
140.709
140.503
141.178
140.001
139.998
154.329
142.166
139.74
139.355
140.038
138.816
148.91
143.178
139.933
138.319
138.396
140.238
139.249
153.277
140.432
139.022
139.505
139.814
140.675
139.199
158.245
140.748
139.466
139.034
139.033
140.655
154.435
142.428
139.599
139.607
139.066
140.612
139.626
154.603
140.893
140.203
140.559
140.071
139.686
151.121
142.3
140.188
139.539
140.218
139.445
139.846
155.938
143.198
140.588
139.338
139.837
139.422
150.82
142.507
140.378
140.041
140.356
138.919
138.582
152.658
141.775
140.832
141.25
139.256
139.219
150.304
145.024
141.334
140.215
139.283
139.995
139.276
152.323
141.769
140.575
139.77
138.104
141.789
149.819
144.883
141.195
140.691
139.45
139.138
139.094
155.611
141.223
139.895
139.699
138.882
139.314
139.871
159.484
140.215
139.386
139.413
140.451
139.583
153.555
140.531
139.462
139.255
140.497
139.73
138.466
154.551
140.479
140.859
139.8
140.233
139.154
144.997
142.738
139.33
140.098
138.77
139.469
187.007
169.478
146.767
139.235
134.542
131.541
131.92
150.309
133.782
133.041
131.205
132.685
131.626
131.482
149.18
133.066
132.843
132.312
132.992
133.992
132.134
150.099
134.645
132.997
133.815
133.668
132.446
133.598
145.88
169.118
143.83
138.667
149.433
141.263
153.822
143.57
140.268
139.754
141.003
141.855
140.995
145.602
142.41
141.872
140.967
140.716
139.993
142.887
145.664
142.618
140.325
140.552
140.242
140.503
158.88
143.965
140.325
140.841
140.546
141.99
152.973
146.149
142.266
141.641
140.114
141.511
140.322
157.792
143.815
140.785
142.008
140.428
140.239
138.393
144.807
141.677
138.661
138.36
138.464
139.572
154.315
142.21
139.388
140.275
139.398
139.079
138.863
156.396
140.766
139.86
141.247
141.408
140.077
145.986
142.487
143.285
174.23
164.862
162.901
184.68
169.541
164.168
159.025
145.22
134.189
150.408
176.347
184.179
185.168
147.735
180.618
151.849
186.562
183.343
185.89
183.048
199.527
186.257
183.709
185.385
183.337
187.963
185.206
185.205
183.63
180.401
190.699
186.967
181.667
186.441
183.9
200.216
184.382
183.103
183.902
180.667
201.593
187.919
183.462
181.914
181.325
202.293
191.825
187.378
190.777
186.365
201.202
186.263
186.492
185.072
185.165
200.015
188.254
183.033
187.521
183.424
199.541
187.1
187.969
187.749
185.109
203.921
186.612
186.776
186.334
185.846
201.454
185.076
185.367
185.636
186.729
201.576
185.343
186.552
185.443
185.807
202.195
185.878
185.136
186.384
185.487
190.783
226.169
225.839
227.248
244.977
231.816
229.613
227.596
244.658
234.162
199.364
187.643
186.802
203.238
186.902
185.399
186.81
185.596
206.487
189.48
184.581
198.946
152.771
158.889
145.813
144.01
144.57
142.805
144.314
159.599
145.112
139.319
139.722
170.196
170.78
160.079
141.887
141.093
139.471
138.623
140.119
144.283
151.74
181.66
183.03
180.541
181.362
192.808
179.885
181.775
175.861
177.893
206.871
187.831
150.242
180.587
157.275
154.316
150.682
144.97
145.439
148.029
145.259
150.327
177.295
177.207
161.148
159.99
158.417
168.146
160.331
155.837
158.327
156.847
156.742
168.943
159.583
157.651
155.406
155.773
156.571
167.226
157.06
155.605
156.3
155.115
154.386
173.594
157.269
154.864
155.596
155.144
154.51
171.586
156.863
158.167
156.331
173.32
167.27
158.524
157.501
155.869
154.708
154.778
162.693
156.478
156.916
153.038
155.896
156.007
168.321
158.276
155.045
155.876
156.345
155.867
169.23
158.354
155.617
154.819
158.179
156.152
166.51
157.638
156.284
156.078
154.356
154.694
165.936
156.469
152.197
152.568
154.627
155.702
170.925
156.887
154.911
155.226
154.8
155.688
173.454
155.947
153.631
154.009
153.969
163.851
158.724
155.202
153.908
154.464
155.232
167.654
158.113
156.827
154.855
156.119
155.851
163.178
159.472
155.5
153.514
155.072
154.02
167.285
157.999
156.083
153.439
153.096
152.502
164.458
155.59
153.415
153.677
154.276
154.622
165.163
155.911
153.471
154.065
153.099
155.644
167.085
158.507
155.186
152.597
152.783
151.827
167.801
155.951
154.207
152.759
152.763
176.536
172.465
152.038
152.294
152.327
148.531
149.803
167.248
154.738
154.396
153.081
151.28
151.329
169.048
153.702
153.559
153.082
155.987
178.477
234.382
196.309
188.71
186.823
201.066
185.34
179.782
180.751
178.299
193.172
183.415
178.278
180.059
179.421
192.678
182.402
179.432
211.365
173.524
191.397
166.052
144.588
161.98
154.711
141.551
163.508
145.347
141.932
142.076
141.421
146.13
157.875
148.69
147.346
145.622
147.548
148.047
148.068
153.829
148.224
146.264
147.166
145.611
148.155
164.561
150.073
147.5
148.342
146.496
148.435
166.214
143.243
144.212
144.525
146.025
145.076
163.046
145.999
145.243
145.709
144.642
144.913
161.939
147.144
144.969
144.946
144.12
140.955
156.041
148.064
146.199
141.036
144.654
147.036
143.566
163.199
145.687
144.765
146.04
144.933
146.39
154.756
146.564
146.023
144.535
144.943
144.375
157.604
147.235
142.756
143.593
143.785
144.231
151.694
148.976
144.653
145.236
142.771
144.225
144.259
204.994
177.158
158.472
155.378
153.851
169.285
160.604
157.259
154.211
154.757
154.639
170.239
156.657
155.893
155.141
153.915
152.875
187.89
163.806
160.579
151.74
151.259
149.632
171.329
153.211
151.753
150.116
154.751
150.486
168.23
151.196
148.221
148.943
148.118
150.219
169.749
149.682
148.713
149
148.867
148.107
165.915
152.783
149.29
150.55
151.376
149.598
170.827
152.585
150.322
152.606
150.997
150.931
181.407
150.002
151.362
151.76
151.349
151.252
159.142
152.702
150.384
148.3
148.401
145.197
163.403
146.755
145.574
144.958
147.868
146.427
162.541
151.475
146.738
145.478
145.896
148.348
159.514
149.873
148.663
148.826
146.703
148.354
162.278
151.835
149.791
147.177
147.517
147.816
146.711
192.757
176.134
151.072
146.349
143.306
161.074
149.825
145.987
148.979
144.097
146.315
153.705
153.56
146.516
147.045
145.013
145.228
147.511
165.825
148.843
147.419
148.085
148.017
150.489
171.354
154.393
154.637
155.332
169.331
166.57
162.73
218.314
188.774
179.111
194.98
171.382
190.88
266.956
221.296
203.569
186.682
185.915
185.957
198.546
190.547
186.702
186.242
196.104
192.146
177.184
162.402
154.291
137.674
131.524
146.292
133.692
129.63
128.724
130.738
130.739
132.146
141.673
136.754
131.785
131.311
130.745
130.01
132.285
145.286
130.552
131.087
129.72
130.441
130.744
130.453
144.455
131.418
131.355
130.026
129.774
129.635
131.022
146.642
137.804
137.626
136.954
135.969
135.033
136.304
152.44
139.127
137.797
135.92
136.522
137.139
141.796
131.613
130.946
131.334
151.839
130.585
124.669
142.724
130.714
129.469
128.085
125.424
125.162
127.637
142.425
132.161
128.805
127.854
127.352
127.009
127.389
138.766
130.413
128.298
128.465
126.594
127.666
127.139
128.167
132.455
128.822
128.763
127.024
126.48
126.964
127.736
141.007
128.986
127.295
127.619
126.991
127.683
127.086
153.899
132.796
129.307
127.47
126.748
126.173
128.047
140.476
128.158
127.416
128.582
128.619
127.145
126.944
138.964
129.731
127.094
127.669
128.107
127.518
127.789
139.192
128.904
127.705
127.262
127.914
128.197
127.109
132.269
129.659
128.031
126.523
125.892
127.853
127.557
125.818
143.012
127.412
127.683
136.101
129.815
127.507
127.338
138.795
124.061
122.674
122.496
122.344
123.737
122.526
144.633
127.646
125.62
126.406
124.883
126.825
125.743
128.408
127.004
125.081
124.953
125.623
125.313
124.432
125.932
139.785
125.614
123.884
125.223
125.411
124.776
125.484
139.216
126.51
124.501
124.311
126.149
124.868
124.078
135.92
127.656
124.82
124.415
124.474
124.736
124.595
124.135
132.041
124.104
123.653
123.626
124.235
123.355
123.856
137.294
124.838
123.716
124.139
124.028
123.463
123.635
133.337
126.732
124.453
123.196
123.586
123.635
123.521
123.617
138.891
124.462
135.299
126.496
125.431
126.296
123.451
146.92
125.1
125.13
123.159
123.094
123.707
125.638
136.949
126.467
126.784
125.485
125.066
125.18
124.906
134.309
128.311
126.266
126.067
125.478
125.44
123.553
122.998
135.289
126.567
125.1
123.941
123.974
123.218
123.422
137.063
125.722
126.105
126.139
124.284
125.95
124.531
137.671
127.268
126.025
124.639
125.057
125.09
124.381
124.868
137.692
126.498
125.158
126.002
125.13
124.82
124.001
143.048
131.867
125.599
126.16
124.341
124.712
125.315
136.372
127.628
125.225
126.252
125.448
123.851
123.974
123.903
127.637
125.424
125.181
125.956
123.664
125.885
123.717
165.434
146.811
142.209
142.038
154.157
154.165
154.895
153.805
153.169
154.573
153.744
167.56
153.716
152.888
151.886
153.597
165.751
153.773
153.003
153.162
153.27
158.516
157.598
153.415
152.646
152.344
154.294
157.387
153.772
152.571
153.204
153.388
168.061
152.97
153.801
153.492
157.057
166.776
148.925
141.19
141.579
141.084
140.092
152.455
145.896
142.047
140.157
141.764
140.835
141.247
155.141
142.295
142.061
140.851
152.682
153.732
164.889
153.047
148
153.771
152.357
165.555
192.064
191.452
176.94
150.152
176.709
180.6
179.827
179.931
149.045
145.836
193.683
180.32
176.436
180.079
148.498
194.45
179.725
178.856
179.555
148.211
145.195
164.254
180.191
180.162
180.119
148.311
183.438
183.361
178.478
178.703
178.819
167.996
153.642
150.598
149.675
150.408
150.165
148.672
152.189
149.484
149.165
149.396
149.562
148.455
160.583
146.726
148.518
146.929
148.937
146.869
163.147
180.306
180.871
178.559
182.669
179.388
184.808
183.679
182.655
182.549
185.354
182.859
183.09
180.026
182.516
182.807
184.981
180.94
180.561
182.342
182.716
195.207
183.01
181.43
179.631
179.818
215.645
180.988
187.926
182.591
182.484
183.622
181.746
178.483
182.118
178.53
199.051
182.706
179.989
182.207
180.287
197.901
185.897
183.019
184.096
182.696
195.18
181.301
178.595
178.874
182.495
195.235
185.19
182.311
182.326
179.794
184.828
183.383
182.562
178.333
182.311
195.954
184.45
180.086
180.427
182.173
180.005
196.404
182.876
180.062
183.714
181.352
196.42
182.832
180.364
179.966
181.767
219.718
168.871
183.234
182.506
181.001
198.656
181.669
182.294
182.483
180.189
198.628
182.862
179.831
179.497
179.854
198.135
185.5
182.598
182.421
182.549
195.521
185.093
182.468
182.591
178.856
189.698
183.736
186.261
180.243
180.474
182.552
187.157
183.437
179.599
179.921
189.891
182.822
183.705
183.562
180.314
180.068
188.671
181.807
182.492
182.098
182.293
200.617
181.848
182.495
182.526
182.153
196.243
179.244
179.774
180.026
179.792
204.715
181.196
179.966
184.176
179.772
216.158
182.519
182.275
182.949
179.201
198.703
180.585
179.6
179.554
179.929
192.316
180.501
179.996
183.22
179.638
191.507
182.949
181.356
180.16
179.57
179.346
182.216
182.332
180.44
179.801
195.622
178.94
177.21
381.597
213.255
207.602
210.025
203.975
209.846
226.001
210.229
213.218
203.915
210.402
206.844
208.127
205.475
205.639
214.2
206.96
207.863
207.588
203.659
215.63
207.728
205.907
207.953
225.439
207.488
206.746
211.077
219.983
209.295
207.845
217.133
204.224
222.402
203.086
209.647
209.367
245.594
212.035
184.015
212.066
212.785
213.205
208.334
203.701
203.458
211.322
207.521
203.109
206.078
206.506
225.575
203.266
209.542
203.2
201.643
216.715
204.823
208.527
207.051
227.409
207.776
206.231
203.641
201.638
189.294
149.298
172.37
208.04
203.658
223.07
181.042
180.977
207.965
207.049
209.487
202.712
202.008
209.571
221.694
207.966
208.504
203.32
214.071
209.744
185.168
209.072
204.179
224.311
211.805
208.197
203.114
206.646
209.906
208.269
207.201
204.047
220.046
209.653
207.999
209.111
206.446
217.527
212.087
208.731
208.113
218.91
207.027
209.018
203.619
218.288
208.037
205.909
203.589
205.56
218.372
208.726
212.664
203.452
201.044
226.7
204.116
205.131
209.71
220.187
207.266
208.996
208.209
204.678
222.348
207.508
210.841
209.395
220.494
206.983
212.998
204.393
208.85
211.903
210.162
210.014
204.374
221.188
209.166
208.155
209.256
221.242
207.18
207.848
206.402
203.554
226.336
209.572
207.881
206.87
218.522
209.5
203.945
213.569
213.397
226.375
203.545
208.979
205.47
216.976
207.841
203.342
205.858
209.363
225.937
206.846
208.685
204.029
214.826
209.136
202.917
201.804
206.175
226.64
207.494
206.567
203.334
206.058
217.475
203.866
203.256
205.731
219.089
207.405
207.602
207.124
208.01
228.405
203.271
206.48
207.308
218.706
212.845
208.852
203.969
208.045
216.747
204.082
209.242
203.679
218.381
209.322
207.244
204.097
208.026
222.522
209.661
208.387
203.818
220.497
213.73
207.668
203.621
208.875
187.972
148.751
172.037
207.953
206.82
194.645
150.234
190.897
181.962
184.485
213.072
184.371
179.709
182.688
182.699
194.191
181.68
180.317
182.438
182.615
198.041
182.834
180.327
180.958
180.402
196.759
181.858
180.384
182.36
179.743
168.776
181.797
178.392
180.925
182.397
182.759
181.367
178.394
182.42
179.926
178.826
195.851
182.869
179.551
182.513
180.56
192.293
181.934
179.891
181.503
180.263
204.678
179.668
183.16
179.475
181.699
195.672
181.759
179.891
183.461
181.601
197.216
181.733
182.637
182.818
179.764
197.526
180.778
180.283
180.164
180.007
192.289
186.76
183.053
183.744
180.05
181.322
186.155
181.312
191.963
186.371
192.196
185.023
184.35
186.215
184.333
195.342
188.248
182.408
177.996
178.284
178.997
178.473
183.29
183.641
184.697
185.43
213.526
183.023
183.558
183.538
182.927
201.373
185.246
184.658
185.376
184.708
202.098
184.32
184.467
184.971
184.19
188.195
187.783
186.122
182.823
185.817
187.679
185.871
183.692
186.289
182.389
163.722
141.44
140.597
173.748
155.109
175.01
172.45
162.944
162.604
161.198
162.479
179.972
162.486
166.468
159.608
181.593
167.809
180.698
160.366
147.1
144.98
142.979
142.431
158.877
143.082
141.804
153.109
154.655
195.233
156.86
154.755
152.789
154.438
168.637
154.669
154.861
154.004
154.495
170.841
157.413
153.022
154.454
153.98
165.843
159.03
155.585
153.81
154.07
161.338
158.254
152.711
154.198
153.951
152.537
155.722
154.582
153.635
153.914
153.672
169.998
155.388
153.696
154.077
164.179
170.285
153.732
154.114
153.73
163.975
184.526
161.717
157.009
159.936
160.911
153.487
167.034
154.663
157.941
162.451
158.259
163.719
160.645
155.695
154.227
155.688
155.996
172.907
156.997
152.391
154.158
157.159
157.5
173.483
169.827
153.006
142.502
141.422
140.031
150.766
149.63
143.548
152.329
154.997
147.905
147.774
145.175
229.833
212.046
179.782
211.127
189.479
158.27
154.235
153.288
152.981
170.749
153.586
153.532
153.679
153.871
153.251
183.664
156.439
156.088
155.103
152.968
164.373
161.469
154.223
154.719
155.561
179.662
184.387
166.806
158.805
157.968
157.436
157.032
181.995
166.933
152.525
143.815
144.065
143.424
169.622
151.167
148.914
147.622
149.59
148.61
172.45
155.461
152.909
160.474
152.303
153.466
169.915
188.137
189.87
184.393
184.222
199.514
186.7
182.131
182.991
185.907
210.549
190.422
189.069
187.665
187.168
204.46
190.321
184.695
185.259
186.796
203.374
186.062
189.259
184.281
185.96
199.007
182.192
181.205
186.943
182.792
205.851
187.822
184.654
184.591
187.611
220.534
187.695
187.181
187.06
185.89
193.866
183.822
189.153
185.079
183.739
190.456
188.754
183.09
181.957
183.264
197.511
188.487
217.338
188.974
219.909
218.442
179.418
177.389
204.684
225.703
193.826
139.233
198.94
232.843
225.231
141.602
124.186
121.895
165.81
135.842
182.031
145.948
134.949
132.333
139.37
153.536
141.475
152.627
131.711
130.71
130.784
131.505
168.887
183.688
134.858
123.173
122.329
122.482
122.737
120.129
128.743
130.656
123.824
122.972
121.185
121.893
119.363
120.225
148.094
133.305
130.268
130.458
146.694
133.405
129.05
137.588
130.712
128.96
128.159
128.301
127.45
127.784
137.756
130.371
129.348
129.461
128.882
126.685
127.344
189.188
155.988
155.895
144.994
145.188
163.062
135.964
127.528
127.597
127.306
125.293
126.711
140.193
129.264
125.114
124.897
125.001
125.044
124.473
123.948
146.572
127.687
127.707
126.228
126.839
126.312
123.822
141.169
159.745
154.878
129.229
128.79
128.062
126.879
133.185
127.191
126.454
125.512
125.988
126.395
125.084
138.298
125.691
127.131
126.956
126.481
127.272
126.087
136.548
126.497
171.424
144.578
137.86
138.719
150.152
136.991
136.032
134.62
136.465
135.297
137.042
150.967
137.16
136.486
135.774
136.441
136.13
137.532
160.2
168.641
145.414
142.434
141.838
141.096
155.862
141.312
168.581
168.542
144.534
163.008
209.674
148.023
172.67
172.799
175.328
188.675
178.367
174.335
177.864
176.192
177.319
175.684
175.672
147.47
175.026
147.088
161.974
147.368
176.792
146.362
142.392
160.617
160.29
142.243
139.945
139.768
140.583
139.087
151.042
143
143.331
141.925
139.996
140.179
139.372
153.205
143.267
141.996
141.058
138.582
139.337
154.134
144.985
140.687
139.514
139.535
140.116
139.858
152.757
141.463
140.041
139.057
138.763
139.156
139.875
155.084
139.487
141.785
140.322
138.335
139.267
150.95
142.088
144.835
140.46
139.531
140.5
139.424
153.833
140.618
142.652
140.888
139.82
141.133
152.781
145.58
141.039
143.523
140.33
139.624
138.702
152.45
141.182
160.829
143.424
140.906
141.717
157.836
143.538
139.166
139.731
139.097
141.476
138.93
154.709
138.717
138.18
153.777
177.559
145.102
151.551
139.517
132.591
132.276
132.107
138.615
136.14
146.848
136.476
134.011
135.304
132.721
134.318
134.002
150.887
134.657
132.45
135.136
134.061
134.091
133.493
148.651
138.997
135.267
134.973
134.446
134.088
133.496
148.344
136.36
134.12
134.422
133.933
134.413
134.961
138.703
134.381
133.945
135.425
134.483
134.338
145.665
137.309
134.152
134.628
134.832
133.914
133.205
147.571
139.848
134.658
133.918
133.834
134.672
134.807
144.605
136.257
133.906
135.186
134.723
133.874
140.717
150.727
136.521
134.305
135.078
135.364
134.269
134.414
142.928
135.876
135.601
135.34
134.977
134.868
133.643
147.963
137.881
135.534
134.369
135.328
134.711
135.184
148.204
136.6
134.549
134.097
134.97
134.59
134.281
137.385
133.995
135.247
134.943
135.888
134.137
145.322
137.579
135.069
134.776
134.926
135.687
134.877
147.869
138.077
132.934
132.654
133.692
141.16
182.727
165.175
143.748
143.199
143.919
143.905
140.518
151.04
143.969
142.842
140.163
139.591
140.54
142.766
153.151
141.313
139.345
140.32
149.732
142.957
156.745
145.376
139.141
140.423
140.647
140.998
142.468
157.008
141.68
139.959
139.929
142.342
140.243
154.234
143.084
140.212
139.612
142.175
139.672
139.608
156.591
141.389
139.869
140.409
141.132
140.958
140.428
155.581
140.085
141.259
139.785
141.816
139.211
155.625
141.735
140.624
140.203
139.649
142.151
139.909
154.549
140.832
142.563
141.557
139.484
138.957
155.834
143.502
140.657
143.253
140.429
140.534
138.552
145.406
139.829
139.378
140.38
142.201
139.661
138.709
156.199
140.477
141.228
140.634
139.829
139.798
154.227
141.322
141.172
140.221
139.836
140.871
138.248
156.299
140.433
141.118
139.676
140.804
142.663
156.732
142.147
139.1
139.142
139.918
137.99
138.506
191.872
202.085
189.054
197.446
186.593
198.308
221.053
232.665
229.976
249.911
229.932
229.218
231.181
246.32
230.881
232.534
227.709
245.463
231.173
220.11
263.541
264.455
263.399
263.758
275.645
263.174
263.479
194.431
183.187
185.961
196.33
182.584
190.652
182.127
180.126
181.393
180.884
183.267
182.915
180.47
181.171
181.726
183.488
181.719
181.067
180.991
182.718
185.152
180.273
178.942
179.859
177.101
194.427
182.878
180.669
180.169
181.416
191.359
181.5
177.967
180.577
180.415
192.927
1011.99
223.747
195.41
195.538
195.377
206.646
195.797
180.176
152.958
150.976
164.589
152.075
182.326
183.123
183.319
201.081
183.712
183.532
172.371
228.642
221.034
202.631
146.558
136.657
136.678
136.431
149.97
137.731
137.884
136.973
146.151
137.774
136.162
153.432
137.68
136.765
137.135
135.461
136.51
147.786
138.258
137.431
137.663
136.374
136.136
136.079
161.003
136.39
136.807
136.808
136.157
136.062
146.341
137.28
135.665
136.113
136.039
136.604
136.203
150.394
136.293
136.764
136.29
136.025
136.454
144.903
147.684
127.74
125.94
125.913
126.674
126.584
125.591
139.603
126.725
125.218
125.976
126.571
125.869
125.402
138.695
128.433
125.558
125.378
126.521
124.346
126.136
141.459
129.024
125.525
126.014
126.326
126.221
126.792
125.156
139.616
124.406
124.961
124.067
123.958
124.001
125.077
138.03
125.558
123.917
123.754
124.409
131.149
134.918
140.162
126.103
140.911
124.974
123.456
156.235
160.219
143.658
127.644
126.424
125.906
125.255
124.791
126.598
139.212
127.26
124.833
125.826
123.674
124.121
124.815
129.342
127.991
126.202
126.568
125.297
124.067
124.833
125.662
140.323
127.01
125.652
138.914
126.378
125.514
124.693
137.066
126.481
127.441
125.074
125.221
125.089
126.231
138.575
127.296
126.131
125.308
126.661
126.1
124.425
128.635
129.215
126.56
127.125
125.555
125.988
125.27
125.251
139.597
127.025
125.459
126.293
126.676
125.519
124.455
149.663
127.366
125.449
125.566
126.068
125.456
125.462
136.352
122.224
121.44
119.633
120.672
120.054
119.197
119.082
138.515
124.869
123.751
124.608
124.951
124.808
123.035
130.331
124.188
124.944
123.792
125.341
125.338
124.429
137.707
128.389
123.997
125.72
123.958
123.939
124.159
125.549
138.288
135.377
129.257
124.767
124.214
125.395
124.49
129.594
124.751
122.972
123.945
123.492
124.813
124.423
135.176
126.554
124.493
124.502
124.296
122.485
124.296
173.071
160.111
130.25
125.271
125.245
125.595
125.992
128.42
128.238
125.325
125.335
124.163
124.516
124.827
126.323
140.349
125.552
124.312
124.237
124.59
126.133
124.934
138.785
126.094
124.89
123.587
124.452
124.909
124.781
134.972
129.044
126.25
125.372
124.644
123.837
124.399
125.142
130.701
124.846
123.698
124.723
126.154
125.054
125.095
136.336
126.759
126.945
125.353
125.785
125.074
126.391
139.557
127.507
126.014
126.307
126.592
124.926
124.292
134.157
128.683
125.69
125.315
125.811
125.411
125.168
125.642
140.002
126.5
125.832
126.074
125.127
124.993
125.337
139.455
126.508
125.842
125.819
125.378
124.449
125.188
138.216
126.933
125.288
124.628
124.577
123.359
124.959
135.843
126.038
123.724
125.582
124.868
125.067
125.402
123.816
136.003
124.054
124.476
123.63
124.286
125.02
124.693
136.316
124.657
124.382
124.469
124.633
124.936
124.416
134.554
126.821
125.76
124.927
125.351
126.214
124.971
123.817
135.859
157.772
156.554
127.811
125.265
124.884
123.634
141.255
124.747
123.792
123.54
123.564
123.59
123.919
139.914
124.108
123.068
123.363
123.571
124.122
123.573
126.277
126.071
124.225
123.091
123.754
122.113
123.269
122.926
138.703
124.987
122.875
124.332
121.663
123.152
122.042
137.27
125.08
121.961
123.883
121.571
123.578
122.801
124.398
125.845
123.23
123.856
122.983
121.97
121.606
124.175
136.418
124.45
122.755
123.11
122.652
123.339
122.241
134.407
126.033
124.362
121.913
122.715
122.725
123.889
121.876
146.491
136.787
133.769
136.061
152.71
152.251
167.233
137.506
151.677
180.758
166.247
163.643
186.76
162.756
162.473
165.926
161.729
175.862
174.084
170.505
163.801
161.269
161.334
175.103
147.902
142.873
135.095
134.301
132.935
133.068
135.883
133.962
133.973
133.902
132.958
133.051
144.958
136.092
133.933
133.354
134.589
133.198
131.973
145.161
145.265
163.615
152.543
134.554
138.521
133.83
149.845
134.263
134.638
133.713
133.832
133.468
133.587
137.028
135.675
135.41
133.664
133.486
133.125
135.372
145.571
135.627
133.561
134.795
133.536
134.791
133.116
146.578
135.32
134.355
133.011
134.736
135.173
132.914
148.475
134.358
134.592
133.003
133.368
133.909
143.203
136.606
132.782
134.12
134.446
132.075
134.087
142.735
135.94
133.536
133.883
133.95
133.856
133.258
141.254
136.573
133.756
133.431
133.683
135.646
133.845
154.09
138.41
134.451
134.041
134.661
133.064
133.721
155.782
138.758
134.425
133.606
133.504
133.023
133.335
149.589
135.423
133.529
133.6
134.079
133.561
132.25
148.613
135.863
134.812
133.15
133.618
132.867
133.535
149.973
134.049
133.823
133.439
132.733
132.724
133.067
137.542
135.954
134.207
134.524
133.438
132.425
132.048
138.842
136.112
134.045
132.981
134.136
133.461
132.697
134.545
132.566
139.26
182.974
159.806
153.153
168.668
153.079
152.711
152.038
153.762
151.511
167.464
153.436
152.38
152.055
152.745
166.058
168.086
153.707
152.372
151.798
151.377
152.1
167.04
153.702
151.465
153.078
152.122
150.837
168.059
153.191
162.124
220.891
198.527
216.965
200.208
230.083
231.451
235.443
266.639
222.31
211.553
269.446
241.099
267.988
259.172
267.448
239.644
245.761
245.875
245.734
240.996
267.508
271.759
244.086
241.92
267.301
263.602
242.124
265.968
239.449
240.886
258.628
265.256
263.72
252.162
265.943
243.555
238.493
257.951
196.755
188.244
220.828
224.509
183.378
185.98
180.396
210.091
205.652
201.351
200.959
228.259
210.093
206.473
202.27
183.535
189.949
182.785
181.026
182.307
150.273
193.699
179.867
179.903
178.546
160.959
240.836
206.46
201.613
140.641
128.985
139.308
129.296
127.372
127.101
126.423
125.786
126.192
126.504
143.351
126.7
125.977
126.262
126.463
126.993
125.27
131.556
126.518
126.105
126.653
126.49
125.343
126.112
139.342
127.272
125.955
124.917
125.643
127.167
125.837
144.523
131.251
125.619
125.773
124.529
124.731
124.81
124.127
131.869
125.684
125.931
124.243
125.263
125.432
124.913
130.921
126.052
124.495
125.363
125.42
125.062
125.296
137.528
127.416
126.115
124.436
124.849
124.09
125.945
136.911
128.434
125.561
124.076
125.029
125.166
125.233
125.847
139.561
126.325
125.895
125.567
124.554
123.63
131.655
180.119
159.86
141.192
133.762
133.499
132.552
150.311
146.334
133.512
133.706
131.847
132.887
139.57
148.68
135.408
133.649
134.407
133.382
133.78
133.956
147.889
134.133
135.043
133.983
133.702
133.955
135.129
147.196
166.151
143.458
139.963
155.368
140.801
157.382
143.75
140.573
140.34
208.995
205.567
219.659
208.393
207.515
205.734
218.082
214.071
209.069
208.513
206.462
222.633
208.223
208.98
209.553
219.325
208.429
210.39
208.179
206.782
222.772
208.677
209.74
208.633
216.949
207.635
206.412
204.83
213.166
226.712
204.206
207.886
205.074
220.759
206.977
206.044
210.161
207.768
223.665
207.681
208.369
209.226
230.252
208.264
208.376
149.801
143.067
156.35
157.098
187.187
172.377
169.304
149.923
163.758
148.437
180.624
179.597
179.788
192.697
183.882
180.042
183.581
183.619
192.58
187.354
182.425
183.526
179.773
180.033
183.803
179.958
183.984
179.619
195.194
188.373
182.628
182.258
182.712
183.093
197.132
182.877
182.473
182.474
178.624
187.054
180.618
183.377
179.735
179.879
197.65
183.478
182.51
182.687
182.492
195.459
181.602
182.12
182.508
182.17
198.654
178.601
180.995
180.01
179.569
197.245
180.711
181.135
179.798
180.156
192.356
182.101
181.243
183.599
179.501
184.501
182.171
179.695
181.163
179.653
161.861
150.248
146.9
183.319
182.207
182.121
194.209
159.998
168.372
222.26
200.502
228.669
153.857
204.281
184.991
149.971
152.471
137.866
135.505
137.52
137.358
136.891
136.944
151.605
136.75
137.359
136.33
138.646
137.162
147.404
139.198
135.448
136.934
136.299
136.825
137.223
158.652
135.858
134.03
133.899
136.848
136.516
145.364
137.03
134.642
136.26
136.605
133.383
135.26
149.356
136.353
135.462
134.88
135.21
133.571
136.357
167.711
147.187
143.148
145.271
142.714
142.44
200.487
182.575
179.222
153.117
147.665
144.357
179.645
182.525
184.23
169.752
198.256
187.354
182.553
183.255
182.816
190.6
183.26
183.006
183.356
183.207
185.85
185.084
183.458
184.389
183.996
180.397
184.412
184.49
180.037
180.423
183.572
186.702
180.287
180.393
183.908
184.953
188.312
184.521
184.123
227.191
205.496
180.486
180.543
166.117
194.454
179.565
155.358
152.089
153.096
152.798
165.254
152.301
152.231
152.804
150.71
161.814
153.798
153.098
152.821
151.832
163.47
152.924
151.444
154.222
152.097
162.58
159.545
155.859
153.861
153.329
152.774
161.197
152.415
152.752
152.566
152.144
172.601
153.885
152.018
152.314
151.943
165.296
154.148
152.596
153.159
152.255
166.683
152.407
153.853
150.915
153.123
164.381
154.249
152.41
151.396
151.414
163.282
154.271
153.351
151.744
150.846
162.112
156.615
153.371
151.525
152
151.88
154.042
152.283
151.563
150.944
150.873
168.016
154.387
152.373
151.345
150.617
168.725
153.606
151.766
151.325
151.054
167.592
152.414
149.802
149.279
150.729
176.026
168.059
154.553
151.913
151.221
163.893
163.792
152.458
152.247
152.126
152.286
155.128
152.545
152.869
168.284
152.544
176.178
154.316
152.812
151.261
152.12
168.662
152.662
151.578
151.27
151.364
169.933
154.978
152.574
151.438
151.628
170.406
152.437
152.905
147.482
140.003
139.034
152.621
144.653
152.356
152.487
153.619
163.456
153.24
151.712
151.994
153.826
159.958
155.891
151.651
151.699
153.34
152.611
154.4
152.027
152.677
153.311
152.404
166.743
151.634
150.777
152.788
152.016
167.402
153.164
151.6
152.229
151.943
163.38
153.889
151.619
152.519
151.547
161.306
151.9
152.307
152.201
151.753
172.608
154.972
154.133
151.654
150.83
153.219
194.551
179.928
270.468
250.332
259.63
237.786
199.468
218.409
206.75
203.299
156.882
140.884
135.769
147.566
138.599
132.901
133.254
134.71
133.695
149.598
140.616
134.508
134.045
133.714
133.844
133.578
145.162
135.949
134.178
133.714
133.423
132.683
134.176
145.846
135.711
133.155
133.711
133.612
132.948
132.879
147.181
136.253
134.657
133.47
132.74
133.944
132.641
148.678
136.157
132.434
157.667
143.783
135.976
146.803
137.26
135.365
133.823
134.151
134.655
134.776
139.218
136.133
134.66
133.861
133.413
134.576
134.346
146.158
137.051
135.369
134.709
134.998
134.963
134.791
148.381
135.763
134.938
134.865
134.924
134.637
133.497
149.837
135.946
135.291
134.623
133.931
135.341
134.744
149.496
135.405
134.753
133.79
134.998
134.44
134.553
137.67
134.878
134.972
133.794
133.116
134.715
141.543
138.078
133.525
132.742
158.747
161.778
128.457
142.326
126.029
124.158
125.359
123.666
124.624
124.307
135.199
127.706
126.827
124.848
125.868
124.866
125.934
138.555
128.975
122.881
125.083
124.111
124.579
124.121
125.785
135.645
125.66
125.694
124.846
125.276
124.56
125.624
139.172
126.58
125.564
123.399
124.347
125.45
124.629
137.965
127.459
126.151
125.083
125.761
124.364
125.835
131.633
127.883
126.981
125.996
126.021
126.068
126.078
125.45
140.875
126.024
125.563
125.38
125.984
125.521
125.463
140.921
127.924
126.286
125.266
154.43
151.36
155.064
146.341
141.68
141.075
144.117
140.948
183.522
191.871
149.434
142.645
141.273
164.413
177.684
170.719
158.286
158.233
157.879
163.354
184.428
165.439
162.222
161.346
161.714
161.63
176.07
162.965
159.929
159.372
158.156
171.716
153.636
151.131
149.795
149.73
151.733
154.503
173.463
159.917
156.501
187.866
195.369
212.19
169.458
164.086
161.612
162.03
183.632
162.127
161.592
162.911
161.449
162.602
182.999
161.688
169.495
167.545
162.761
177.539
168.52
159.47
158.32
159.914
160.205
179.116
158.622
158.515
158.618
157.492
172.058
171.044
160.49
159.985
161.254
160.058
172.289
167.734
161.773
160.061
163.343
161.487
178.24
161.923
160.465
160.232
160.132
160.984
158.307
158.114
159.224
157.321
158.388
176.623
165.907
162.382
161.563
160.456
161.702
181.335
160.576
160.786
161.849
160.833
177.242
164.716
160.319
161.168
160.39
159.366
176.767
162.514
158.066
157.681
157.033
155.543
182.308
162.888
160.228
161.429
160.597
163.07
164.356
160.604
162.136
159.658
161.877
175.707
163.223
159.951
162.738
158.803
159.312
198.956
196.993
180.52
190.855
174.223
181.953
175.42
177.771
172.46
174.545
188.256
175.256
178.548
175.462
187.1
207.054
186.725
179.644
175.665
174.441
200.059
188.206
184.569
174.755
175.667
194.555
198.929
198.051
188.036
183.486
190.785
176.917
173.793
186.513
196.369
208.16
191.98
187.303
176.813
188.998
209.325
194.388
170.184
167.284
161.184
177.874
164.146
160.826
160.656
160.819
171.257
167.543
159.735
160.416
165.75
159.884
174.223
158.26
162.334
157.659
157.131
155.531
181.185
161.943
161.652
159.417
160.091
175.974
159.838
149.655
155.755
161.442
161.422
171.968
162.656
161.093
162.668
160.55
164.025
183.869
161.511
156.999
157.827
157.097
155.164
184.108
164.1
161.648
163.318
160.755
177.907
164.656
162.162
161.357
160.093
160.966
176.725
160.762
161.567
160.236
160.559
171.05
158.237
152.828
151.502
151.849
152.164
163.729
165.307
160.158
161.365
161.45
161.768
181.044
164.139
161.955
161.344
163.529
163.842
176.454
162.352
177.393
161.567
163.203
173.017
153.928
152.398
152.491
152.337
153.136
175.294
164.239
161.14
160.93
162.783
162.487
184.548
161.964
164.301
161.654
161.27
174.788
165.797
162.551
161.673
161.176
160.436
175.299
153.731
153.299
153.224
151.638
152.719
172.292
158.776
159.489
160.548
158.971
158.439
177.908
160.744
160.714
158.935
159.516
170.39
160.334
160.024
159.291
158.724
157.901
172.397
156.649
155.959
154.151
165.225
154.264
173.885
161.922
160.839
159.856
160.682
159.025
160.351
163.398
160.882
159.031
160.758
177.143
162.553
159.612
158.238
167.75
157.675
171.97
155.796
155.347
155.374
153.995
155.312
169.795
159.144
161.323
161.327
161.453
174.643
162.553
159.732
157.314
158.145
155.503
174.744
156.677
154.322
156.812
156.902
174.79
238.236
192.101
205.399
188.222
239.08
183.709
179.53
159.25
150.894
164.571
179.5
180.972
146.823
141.74
139.622
139.881
151.414
140.917
139.711
139.404
139.354
139.898
153.641
148.64
170.887
168.965
171.909
168.14
184.771
174.534
169.065
163.595
149.156
139.514
155.241
139.087
183.331
180.873
183.424
200.366
178.071
142.469
135.772
134.976
134.648
133.847
165.3
140.26
138.158
138.622
137.667
138.218
152.564
140.155
138.194
138.248
137.457
138.127
137.703
150.384
136.894
136.79
173.621
170.418
179.413
200.741
159.421
143.952
148.973
142.334
141.846
173.754
156.899
156
154.436
152.742
165.252
156.041
149.176
149.062
157.501
147.834
145.989
136.746
135.396
134.063
134.472
133.246
135.44
143.519
136.869
134.767
134.169
134.129
133.695
133.835
139.184
135.469
134.086
134.854
133.158
134.275
134.045
144.851
135.416
133.41
135.147
133.964
134.398
132.909
149.056
136.408
135.663
135.058
136.367
134.444
134.81
149.609
135.533
134.001
135.666
134.213
134.599
133.089
151.603
136.346
251.99
159.655
143.726
135.558
147.468
134.942
133.759
133.333
134.577
133.54
133.828
136.481
135.396
134.063
134.181
133.477
133.018
145.453
136.671
134.298
134.927
133.583
133.603
133.787
148.558
140.374
138.091
133.393
135.539
134.735
135.733
147.998
135.897
133.961
135.207
133.936
138.178
155.687
182.395
217.495
208.144
211.005
247.889
219.769
159.041
178.725
213.718
231.619
212.505
211.856
212.929
183.529
215.542
209.694
209.441
211.562
250.117
191.568
168.488
216.611
235.703
216.402
212.348
214.74
165.26
190.025
159.868
155.139
158.574
156.121
173.243
156.184
154.563
154.921
155.932
156.106
170.018
156.033
159.21
153.973
155.348
154.552
169.15
159.508
157.477
153.864
157.834
157.627
164.22
161.321
155.598
159.85
154.731
161.176
174.53
156.645
156.31
158.602
153.651
157.251
169.921
157.203
156.254
155.539
154.169
158.867
161.034
158.138
154.713
153.792
154.301
177.521
163.378
157.996
180.523
157.092
155.814
172.451
161.149
161.059
159.573
152.385
158.996
170.25
178.001
160.008
159.893
158.863
173.49
167.076
167.003
162.57
161.066
159.896
178.264
164.935
163.902
164.393
162.068
163.217
189.262
166.395
159.868
157.368
263.006
189.689
165.74
163.05
162.266
160.854
174.627
162.555
163.364
162.144
165.817
163.106
172.39
165.921
168.761
169.099
170.248
175.298
166.787
163.217
160.573
163.505
162.185
170.937
164.077
169.797
163.052
161.505
164.096
173.875
157.088
151.157
151.491
151.966
150.992
164.822
153.015
152.416
151.375
150.973
151.169
163.768
152.961
150.445
151.487
151.58
151.597
158.264
151.407
150.927
151.351
150.908
152.263
170.552
151.839
152.026
151.83
151.776
152.051
168.443
153.268
151.805
150.835
151.729
151.836
168.771
152.116
153.297
151.082
150.935
150.812
166.419
152.086
152.092
152.267
150.699
150.85
168.802
152.493
150.562
151.328
150.558
151.818
174.99
155.584
151.825
151.962
151.116
151.977
163.599
152.233
151.899
150.05
152.472
150.685
166.312
151.21
151.331
151.558
151.409
151.222
165.559
152.993
151.25
151.568
152.903
150.606
166.074
152.428
153.342
150.91
150.432
152.303
166.639
152.17
151.266
152.423
150.866
152.313
165.863
151.662
150.936
151.746
151.836
152.119
165.04
152.97
151.996
151.661
151.566
151.956
166.118
153.602
152.486
151.074
151.65
152.198
168.209
151.452
172.537
227.049
162.789
205.753
163.853
140.842
139.576
139.572
138.367
138.861
153.972
138.214
137.925
138.247
139.311
136.912
148.027
160.79
150.077
147.348
150.228
151.619
139.563
154.466
140.528
139.913
140.632
139.625
139.802
157.69
140.201
140.532
138.589
139.787
139.59
139.236
151.285
138.524
139.883
138.446
139.342
139.161
154.367
141.844
139.699
138.851
139.544
138.668
138.234
155.322
140.866
139.345
138.399
139.222
139.946
139.064
153.647
139.441
139.371
138.668
138.009
139.348
150.858
143.125
139.325
138.426
139.383
138.138
138.289
155.897
139.728
139.265
138.059
138.455
138.418
139.329
153.928
138.9
139.905
138.4
138.125
139.642
151.053
140.589
139.696
138.971
139.555
138.848
138.045
154.349
145.102
140.555
138.16
137.838
138.5
137.887
153.691
139.059
139.646
138.971
138.548
139.485
143.696
140.578
138.643
138.717
139.004
138.165
137.948
153.914
139.519
139.822
138.416
163.047
138.86
138.142
142.088
140.067
139.071
139.361
138.409
139.603
153.775
139.928
139.395
137.977
139.596
137.962
138.005
160.824
140.184
139.372
173.637
158.867
142.433
150.995
139.324
137.858
138.433
137.961
137.529
137.844
150.937
138.289
136.842
137.949
138.597
137.468
136.804
140.391
138.325
138.412
138.39
137.849
137.621
148.163
139.685
137.381
136.647
138.279
137.302
138.44
153.249
137.488
137.516
136.481
137.73
137.26
137.299
154.255
138.87
138.359
137.13
138.202
138.335
148.951
141.594
137.699
141.368
139.153
138.093
138.417
153.972
138.881
137.401
137.17
138.133
137.206
137.527
155.808
138.957
137.52
136.47
136.409
137.708
136.856
141.738
139.308
137.225
137.759
137.519
137.176
149.207
139.69
137.423
136.896
138.731
137.276
137.469
149.11
138.985
138.132
137.369
135.947
137.491
138.346
151.492
138.526
137.503
137.454
138.599
138.032
137.801
140.043
138.373
137.604
138.245
136.263
136.865
142.908
140.451
139.137
138.052
137.882
137.66
137.648
153.709
139.047
138.213
137.687
137.925
138.905
137.564
152.788
145.814
140.071
139.377
137.61
137.404
151.593
144.295
139.609
137.777
137.583
138.304
140.096
152.282
137.766
137.757
137.66
139.286
138.388
137.33
151.028
139.017
137.7
138.334
138.302
137.377
149.898
141.182
138.957
137.246
138.353
137.255
137.614
152.639
139.419
138.823
137.837
138.352
138.266
138.586
149.559
136.325
149.866
154.826
150.904
150.255
163.758
151.976
189.84
183.168
181.058
194.898
183.812
184.303
182.841
185.544
196.643
186.717
183.688
182.201
185.446
185.403
190.924
185.357
185.452
183.115
197.898
188.586
187.226
184.892
184.798
196.393
190.014
188.009
192.678
185.196
222.812
210.184
206.633
210.238
176.213
163.025
139.742
140.187
139.475
146.409
186.019
172.235
141.971
136.779
135.79
135.62
133.784
134.313
149.739
139.302
133.933
133.844
134.159
134.707
133.858
146.714
137.089
134.656
132.734
132.521
133.927
146.808
138.146
133.788
134.553
133.5
133.002
134.018
144.368
138.327
134.93
133.912
134.506
134.653
133.446
145.048
136.011
135.925
133.765
134.284
134.081
134.355
148.274
133.523
131.938
133.143
131.396
132.196
130.055
147.444
138.697
134.744
134.777
134.329
133.035
133.22
149.042
134.734
134.371
133.494
134.069
133.504
133.1
151.85
138.8
134.944
134.012
134.433
134.346
133.163
145.316
134.409
139.62
133.534
133.026
133.444
147.149
136.475
134.169
133.497
134.123
134.168
134.396
148.643
139.144
134.998
133.922
134.178
133.583
133.748
147.194
135.934
141.989
146.626
135.684
133.35
134.151
149.215
140.816
134.976
134.078
134.075
135.178
140.139
145.454
135.438
133.849
134.737
133.827
132.659
144.502
138.102
134.9
134.59
134.018
133.38
132.457
145.952
138.12
133.964
134.216
134.679
134.39
134.064
150.794
139.542
134.463
135.139
134.075
133.969
133.627
145.129
137.507
135.088
133.594
134.098
134.148
133.584
138.493
135.372
133.718
132.941
134.854
132.327
133.762
144.635
135.428
186.539
141.384
158.602
145.073
167.924
145.357
140.875
140.798
141.907
142.121
152.922
145.708
140.645
139.429
140.109
140.594
140.239
155.636
142.99
142.153
140.692
139.448
141.701
156.088
145.241
140.595
138.637
137.305
136.984
137.329
163.341
142.888
140.521
140.394
139.916
141.026
139.161
150.379
140.054
139.208
138.58
137.918
138.144
159.555
144.454
141.246
139.402
138.827
139.327
139.197
155.546
141.219
140.055
140.818
140.62
139.428
150.439
170.623
152.302
139.24
136.989
135.352
135.325
215.942
147.963
142.183
142.753
147.725
135.867
137.851
135.274
132.946
133.3
132.774
134.094
134.188
143.365
134.991
133.042
131.963
134.257
134.188
133.052
143.394
134.843
133.924
134.022
133.088
134.194
133.472
145.803
133.403
133.812
133.025
133.734
133.88
133.653
146.11
133.834
133.229
132.519
132.718
134.272
133.395
148.591
134.038
133.091
132.469
131.956
133.169
132.985
136.965
132.203
132.116
132.209
133.333
131.785
131.818
147.114
133.933
133.228
134.065
132.676
132.407
132.674
144.631
133.724
132.874
131.704
133.645
133.352
149.82
137.818
133.315
131.604
132.527
132.701
133.259
142.722
135.915
133.837
133.575
133.157
133.003
132.464
143.818
135.823
133.248
131.607
132.543
132.324
132.684
144.453
137.244
133.74
134.061
133.239
132.778
133.52
146.742
134.469
133.306
133.126
132.048
131.695
133.851
146.231
134.083
133.593
132.598
133.376
132.016
133.196
146.542
134.869
133.67
133.542
132.233
132.007
132.341
146.789
133.671
132.751
133.503
132.133
133.181
132.774
146.777
134.089
133.06
132.888
133.346
133.352
132.902
146.711
134.055
132.681
133.675
132.714
132.985
133.748
147.983
134.93
132.366
132.36
134.492
133.175
134.297
151.388
133.171
133.803
133.376
132.287
131.842
132.931
150.861
134.994
132.974
131.948
132.708
132.456
132.531
143.83
132.48
132.653
133.025
132.918
132.113
133.192
143.792
134.294
132.603
132.603
132.282
131.791
133.49
142.913
133.888
132.673
131.673
133.037
133.165
133.251
144.321
133.476
133.556
134.248
132.61
132.279
133.352
145.766
134.967
133.031
132.561
133.253
133.634
133.345
146.205
133.653
131.935
132.001
131.648
133.319
131.569
145.032
133.875
131.861
133.034
132.808
132.584
134.218
146.39
133.497
133.129
132.032
133.132
132.534
132.594
146.088
132.69
132.17
132.347
133.625
131.926
132.988
147.43
134.266
132.517
131.692
132.222
133.971
132.207
165.436
136.853
135.451
135.418
134.528
134.955
144.734
138.055
135.361
134.444
134.826
134.564
134.78
146.839
136.631
134.679
134.155
136.05
134.278
134.957
145.968
135.493
134.979
135.839
134.841
134.224
134.765
149.289
135.833
134.784
133.873
135.071
133.319
135.939
152.093
138.123
134.886
135.267
134.329
133.933
134.204
145.902
135.34
135.23
135.688
135.294
134.235
134.404
145.121
137.757
135.093
134.943
135.494
135.551
152.858
151.802
143.451
142.528
143.286
142.795
141.536
154.023
141.674
143.529
141.43
141.984
143.575
152.5
145.908
143.371
144.103
144.463
142.488
143.258
157.365
143.62
142.902
142.952
143.411
142.87
156.932
145.879
144.443
144.798
141.202
141.8
156.411
146.658
144.291
142.083
143.2
141.523
141.851
162.248
143.801
142.519
142.301
142.792
142.842
158.329
147.454
142.392
143.082
142.546
143.714
143.04
155.755
143.518
143.771
143.861
142.161
143.545
156.426
145.617
142.194
143.22
142.826
142.208
143.921
150.459
145.554
143.899
143.06
144.344
143.457
160.808
144.124
142.712
144.181
144.049
143.211
159.736
147.873
145.086
143.094
143.437
144.287
142.726
157.382
143.972
143.503
142.749
142.149
143.819
156.213
145.881
145.496
142.327
142.765
141.818
142.913
147.367
142.896
144.975
142.545
143.535
141.87
156.372
146.161
142.906
143.036
143.195
142.449
155.283
146.26
144.832
141.783
142.492
143.082
141.744
161.193
145.905
142.723
143.064
143.126
143.7
152.133
144.601
143.779
143.496
143.19
141.837
141.62
158.145
143.839
141.593
140.543
141.161
141.927
152.029
143.277
141.265
140.918
139.908
140.056
141.444
154.631
139.556
139.929
136.935
136.918
136.816
147.728
145.606
142.264
141.539
142.095
140.671
142.101
146.845
142.107
141.576
141.322
141.126
141.784
153.764
145.275
142.759
140.884
141.713
140.982
141.495
153.599
142.979
142.318
141.606
140.817
142.14
153.025
145.061
140.668
140.768
141.218
142.225
169.052
223.197
147.1
126.672
125.929
124.386
123.978
137.87
126.802
125.294
124.195
124.026
125.144
124.098
134.688
127.825
125.663
124.636
123.898
125.008
125.034
123.763
137.783
125.981
125.129
124.297
124.306
124.614
123.545
160.463
166.461
156.949
149.77
148.775
148.404
163.812
149.322
148.988
148.217
149.124
149.256
163.806
150.678
147.816
149.679
148.249
149.415
167.019
152.086
148.991
148.795
149.168
149.452
149.613
151.855
149.195
149.49
149.155
150.017
150.498
163.614
149.133
148.582
148.29
147.765
148.801
166.002
150.781
149.53
148.222
148.369
148.691
164.745
149.021
149.983
149.683
148.33
149.807
162.233
150.027
148.016
148.477
150.47
148.621
180.367
183.413
188.276
183.052
182.722
185.162
183.294
183.068
180.801
182.856
192.611
184.146
184.001
181.821
184.062
180.173
181.774
184.2
181.623
184.149
180.02
197.828
181.917
186.705
182.692
182.986
195.491
182.114
182.926
181.039
151.902
162.114
146.673
148.45
146.429
146.519
148.614
158.492
149.613
146.979
147.387
146.943
152.58
158.516
152.1
146.151
147.409
148.01
146.512
146.114
159.387
148.192
146.872
146.389
146.88
147.901
160.988
148.498
146.719
147.067
151.325
151.288
163.836
152.808
146.175
147.09
147.434
147.463
157.875
148.628
148.07
146.41
146.498
147.915
146.916
156.401
147.464
147.241
146.846
147.622
145.87
159.915
148.925
146.145
145.792
145.686
146.732
160.153
148.128
147.331
147.758
154.384
146.612
157.472
148.724
147.114
147.849
147.073
147.201
156.146
149.4
147.457
147.057
147.584
145.962
147.318
158.052
147.731
147.003
147.076
147.364
146.465
160.667
181.933
183.03
189.271
182.405
187.228
183.04
182.763
182.692
182.672
195.291
179.674
178.264
176.912
176.909
189.466
225.897
208.681
213.85
210.01
286.813
217.658
271.304
234.449
275.401
230.105
242.543
284.597
272.925
244.045
267.075
274.086
242.048
257.932
265.996
240.972
242.948
285.019
243.701
225.433
239.428
266.053
244.339
242.341
284.023
271.803
245.496
239.117
244.09
240.808
260.491
271.515
250.977
224.47
243.562
272.227
270.272
254.697
271.507
234.192
224.725
225.369
238.656
250.878
280.457
271.382
244.477
244.256
272.33
225.778
217.619
237.354
271.157
246.445
245.172
249.707
229.177
236.41
257.127
270.429
243.608
248.074
227.793
262.535
251.676
257.151
245.085
226.181
235.37
284.648
246.031
269.004
229.414
212.845
239.521
268.691
256.775
245.698
228.625
291.755
271.909
245.64
245.295
227.646
237.685
225.514
247.736
267.461
246.084
264.956
228.033
236.387
240.609
240.499
267.563
244.708
211.824
229.431
215.981
212.866
245.955
231.197
208.661
207.575
211.757
268.774
229.199
229.826
209.07
248.384
272.18
244.808
240.848
230.857
236.804
245.436
273.321
269.394
245.075
264.423
269.544
225.607
213.821
225.373
226.976
214.666
211.907
221.829
214.907
214.861
213.947
209.086
222.96
209.492
209.27
214.045
225.54
232.556
209.366
209.352
227.218
215.558
214.009
209.254
212.819
224.809
208.857
217.696
225.061
241.726
230.178
215.603
209.14
218.128
208.18
217.66
225.217
231.934
215.401
222.906
213.159
226.173
228.247
226.854
226.169
222.001
211.939
226.242
229.629
228.903
215.15
210.83
207.425
214.286
208.244
211.576
215.88
209.249
214.514
162.66
152.133
146.061
162.069
176.605
154.087
150.395
151.574
154.256
151.355
167.529
151.879
155.329
151.085
148.37
149.875
169.648
150.775
148.405
150.078
153.447
149.196
162.443
153.213
155.454
150.497
148.932
152.963
161.819
141.948
139.089
138.874
138.609
139.435
139.144
152.584
140.344
138.475
138.526
138.761
139.048
154.277
143.344
139.666
138.021
139.215
138.157
139.317
154.942
139.75
138.683
138.553
138.126
137.795
139.077
156.959
138.887
139.826
138.445
139.455
137.901
155.297
150.623
142.124
138.647
138.218
139.173
138.481
153.01
140.201
138.165
138.343
138.839
137.958
138.74
154.182
139.904
138.656
140.213
138.388
138.664
155.209
144.096
139.392
138.482
137.891
138.99
139.672
153.862
140.852
140.578
138.52
138.316
137.861
137.904
155.272
139.886
138.987
138.076
139.417
138.042
144.355
152.246
169.181
151.993
152.467
151.806
172.685
186.582
184.444
184.501
184.53
189.914
182.364
184.013
180.961
184.357
201.747
183.293
183.5
184.467
184.33
200.751
184.14
183.654
181.874
183.695
195.714
186.089
182.177
181.883
184.17
194.486
188.66
182.272
184.073
184.814
183.536
188.621
181.783
187.433
185.182
186.245
190.14
186.359
184.554
185.219
184.119
185.132
183.036
183.511
187.825
184.45
188.654
182.401
155.183
151.689
151.157
168.784
181.825
184.19
180.397
154.54
174.474
163.529
161.539
167.334
161.819
162.928
177.557
184.501
180.363
180.522
184.468
165.686
180.949
179.942
180.795
180.366
154.091
184.21
179.283
184.102
180.681
153.634
194.284
182.841
180.3
183.752
181.009
197.78
182.164
179.969
180.577
179.923
170.339
182.755
180.43
180.002
181.058
158.922
186.122
182.633
183.9
184.428
190.702
189.093
183.329
184.752
184.586
196.487
187.698
183.638
184.086
184.266
184.615
188.224
182.904
184.126
184.135
180.844
231.388
185.677
183.701
183.866
195.421
184.819
185.566
184.765
184.333
194.883
185.301
184.761
184.684
184.303
191.833
181.349
197.858
184.062
184.993
196.463
182.293
180.363
180.52
181.967
194.502
182.658
181.137
182.789
181.071
194.37
182.398
181.606
181.285
181.098
196.078
183.146
180.132
181.174
180.075
192.754
184.285
180.926
181.84
182.231
183.665
182.367
181.131
181.221
183.37
193.898
185.75
184.403
180.024
187.444
184.397
156.307
146.157
141.305
139.804
140.951
141.712
160.105
141.981
141.951
139.404
140.867
141.489
182.176
185.685
184.009
183.46
155.665
179.988
170.076
180.788
181.657
149.996
144.182
148.991
139.537
137.78
137.035
141.632
136.283
134.725
151.892
138.331
135.651
135.085
133.715
135.005
134.297
137.141
135.925
134.722
135.861
134.577
134.792
145.997
138.115
134.935
135.04
156.29
151.746
181.915
229.133
183.087
183.544
184.488
153.229
201.704
183.508
184.477
184.08
184.607
197.052
184.944
184.651
184.193
184.648
198.308
185.352
184.239
184.639
184.113
197.546
187.403
184.17
183.848
184.267
197.24
183.912
182.101
184.428
183.823
193.4
183.649
181.975
180.855
183.728
197.968
183.117
181.88
184.458
184.521
198.204
183.127
188.643
174.097
184.835
197.797
186.264
183.679
181.078
184.724
186.498
184.306
184.207
181.71
183.374
198.91
187.043
185.129
188.58
183.223
198.12
185.503
184.032
184.447
183.943
198.236
181.647
185.135
183.876
182.311
198.693
185.36
184.143
184.366
185.71
194.448
186.197
183.864
184.347
188.287
193.072
184.315
184.143
184.002
185.312
187.421
184.549
184.107
184.276
184.029
184.752
183.825
184.046
162.137
182.234
197.086
184.072
184.165
183.89
184.068
184.17
180.228
179.013
176.45
176.01
176.652
201.161
184.41
176.654
160.159
151.816
200.122
181.863
183.217
183.761
183.28
185.637
183.211
183.052
182.959
183.511
174.093
185.841
183.015
184.129
182.312
188.591
184.348
183.635
182.66
183.51
190.499
181.85
184.661
183.651
182.962
188.537
186.312
180.181
183.402
183.205
202.415
184.971
186.786
183.771
183.581
202.127
185.078
182.281
181.232
183.249
199.277
157.334
153.102
149.332
150.552
151.255
162.329
166.952
185.798
183.25
183.743
199.661
187.346
183.23
187.421
183.535
195.14
185.28
186.526
183.748
184.493
186.652
187.551
183.19
184.237
181.429
195.674
187.12
186.987
187.587
185.647
198.271
188.968
187.289
186.702
187.404
199.617
188.488
185.026
183.4
182.856
197.714
186.997
186.952
186.786
186.842
188.167
187.18
187.508
182.766
183.394
187.669
187.19
187.461
186.682
183.211
194.281
183.711
186.626
182.692
183.265
195.936
186.351
186.69
187
183.461
194.428
186.934
186.675
187.01
183.427
189.999
183.502
178.904
176.233
175.424
175.695
197.232
187.22
187.5
183.445
198.73
184.467
185.512
183.729
187.356
195.575
188.207
185.567
187.381
188.191
190.422
188.113
185.213
183.999
188.516
190.165
188.344
185.307
188.047
187.448
190.775
188.162
186.344
184.2
188.38
189.966
187.16
191.139
184.745
187.344
190.342
191.293
188.035
187.554
187.511
189.994
186.288
187.425
188.39
183.624
190.633
186.513
191.887
183.599
187.809
197.489
187.725
187.157
184.344
184.045
197.064
187.168
186.807
184.598
183.328
197.181
189.973
156.15
181.253
183.144
186.54
184.005
176.494
213.571
188.323
198.894
159.354
143.533
139.188
139.461
139.263
150.025
141.736
138.337
138.213
137.789
137.837
138
154.255
145.77
139.86
139.882
138.169
138.485
138.044
155.676
140.564
141.677
141.489
140.571
138.736
141.073
141.593
138.991
139.087
138.823
139.121
138.325
154.432
141.839
138.742
142.448
137.997
137.102
138.471
142.142
141.396
137.77
139.28
138.733
140.376
152.467
140.654
138.931
137.192
137.83
139.698
137.929
151.67
141.619
140.573
136.972
138.563
137.577
151.068
147.939
181.455
181.372
182.693
182.616
196.203
183.394
180.844
182.064
180.627
204.486
185.52
183.935
184.193
184.249
197.542
183.323
179.56
219.014
242.016
230.156
227.34
228.047
242.011
235.146
228.335
227.68
227.739
234.337
199.963
186.229
184.143
200.575
183.755
185.039
185.346
184.612
198.234
182.158
187.415
183.77
185.052
197.911
182.814
182.673
181.924
184.668
195.992
185.132
182.255
181.74
184.357
200.577
185.782
185.981
187.879
186.264
195.409
185.544
182.883
226.102
229.577
244.099
201.031
214.143
188.564
204.213
187.592
171.478
158.997
158.816
160.32
185.122
161.148
159.601
160.34
158.606
160.513
161.012
151.617
153.323
152.195
154.484
164.349
155.451
153.319
154.722
152.39
158.95
161.329
162.839
155.29
155.795
167.315
149.669
149.401
135.872
134.057
134.549
133.225
135.341
134.767
162.933
158.09
144.388
141.853
141.651
143.043
158.752
141.532
140.366
140.466
140.132
140.452
142.19
145.048
142.114
141.552
140.183
140.245
140.764
156.248
141.663
141.65
142.402
140.607
141.989
141.495
147.062
141.17
140.529
140.721
141.446
140.294
156.416
141.93
142.04
140.289
141.267
140.837
140.232
149.89
142.512
141.489
141.257
141.204
141.381
150.418
141.986
141.601
140.268
140.5
141.104
141.034
145.254
142.301
141.973
147.824
143.66
142.046
153.712
143.976
140.821
140.325
140.026
140.623
151.865
145.087
141.398
139.363
140.176
139.971
140.837
154.873
142.281
140.984
140.228
140.328
140.045
150.899
144.71
141.432
141.501
139.333
141.227
139.738
154.067
143.494
141.17
140.474
139.083
139.808
150.414
142.503
139.88
139.163
138.587
141.834
166.709
181.248
162.622
161.903
159.066
160.63
159.654
165.271
160.92
160.868
162.876
159.668
173.295
165.136
163.479
161.132
159.654
159.966
172.249
163.845
157.319
161.39
157.583
159.749
172.691
164.778
161.928
164.074
162.054
174.943
165.139
160.588
163.311
160.699
151.487
162.472
154.834
149.403
149.485
186.308
185.225
187.893
183.857
185.596
183.009
182.964
212.932
184.895
183.68
184.029
190.234
198.541
181.367
185.544
184.287
182.21
197.094
182.79
184.664
185.716
188.45
197.234
183
186.055
192.922
189.133
202.341
184.874
185.235
201.066
187.288
194.098
184.895
183.285
182.388
183.358
204.417
186.151
182.048
184.3
185.213
203.578
184.997
186.201
184.607
187.716
198.188
189.683
203.83
205.15
186.75
206.904
188.119
199.959
188.15
186.862
201.593
187.154
183.541
199.899
188.643
188.578
203.116
183.706
186.994
219.725
191.142
185.694
183.684
184.372
198.546
186.215
183.05
184.305
154.763
159.009
137.398
136.095
136.203
136.651
134.204
152.155
141.297
135.921
203.232
202.631
205.337
186.716
210.438
200.819
202.639
219.855
206.578
202.989
201.443
205.229
219.239
205.262
211.993
205.41
211.163
208.404
209.704
204.976
201.984
219.164
204.126
210.408
200.731
210.519
204.888
204.715
201.86
202.059
219.801
203.725
203.244
207.054
214.778
209.759
182.271
206.188
211.929
220.039
207.391
202.416
202.382
202.753
218.231
208.781
205.162
208.374
216.347
206.462
208.41
201.299
207.144
218.218
208.838
205.93
201.259
203.527
208.684
203.44
205.19
181.207
192.335
206.077
201.932
175.207
149.529
241.848
195.091
160.36
143.958
183.375
199.424
185.713
156.982
142.004
138.626
136.07
150.355
138.515
136.36
135.902
136.066
136.632
136.204
149.14
138.903
136.939
135.897
137.022
136.43
136.863
153.558
138.053
138.109
137.081
137.664
136.37
154.166
144.201
138.715
137.309
135.353
137.003
137.011
151.771
139.142
137.531
137.155
137.135
137.687
136.948
180.174
150.938
179.709
150.864
138.716
135.867
148.872
139.868
136.981
138.117
136.324
136.153
135.729
147.95
138.021
136.889
137.025
136.766
136.401
154.679
147.709
142.835
141.533
139.291
139.401
138.451
155.902
141.134
139.107
139.98
139.963
139.326
151.566
143.223
140.351
138.742
138.863
140.718
139.064
144.621
140.073
139.237
139.595
139.057
138.75
151.796
142.435
141.244
141.054
140.669
139.201
139.087
154.917
140.98
141.169
139.925
140.549
140.428
138.883
189.039
156.537
142.291
139.241
138.371
136.76
