215.772
200.979
209.13
138.955
127.779
111.902
108.068
107.294
124.265
128.106
137.503
125.934
126.095
124.002
124.561
125.289
125.71
143.466
127.356
125.466
125.85
125.736
124.947
125.328
140.523
126.97
126.627
125.908
125.74
126.264
202.225
166.626
123.571
120.497
121.242
119.277
120.624
120.277
130.492
119.886
118.592
118.296
118.796
117.415
118.209
133.736
120.514
118.51
118.161
118.339
117.488
117.962
117.806
133.59
118.061
117.989
117.848
160.958
124.892
117.95
134.14
119.885
117.142
117.586
117.794
117.316
117.55
117.803
133.123
118.882
119.689
118.501
119.709
119.168
119.174
132.3
132.619
158.526
150.336
147.975
145.785
167.168
154.107
147.798
173.903
200.808
203.024
268.381
244.747
258.576
231.244
218.115
165.868
203.432
207.622
243.749
210.182
210.97
206.69
238.965
209.65
189.379
173.94
205.761
224.992
204.765
210.277
207.752
223.134
208.774
189.596
198.01
263.332
237.188
202.756
203.503
204.534
214.101
202.826
185.824
169.105
163.876
157.653
149.8
150.365
151.187
151.562
158.031
152.607
149.322
146.176
147.388
145.539
145.394
166.398
151.758
151.713
151.572
147.313
149.398
166.345
146.161
141.611
141.379
142.681
143.398
162.844
151.641
150.05
151.309
148.711
150.389
161.971
151.802
149.195
147.855
148.697
148.727
164.747
149.285
148.006
151.053
148.827
145.616
161.524
153.778
150.485
146.298
146.698
146.111
147.974
159.902
150.389
146.459
148.374
150.784
150.703
161.513
147.917
150.562
147.037
147.804
149.77
160.333
151.47
147.632
147.475
147.983
151.025
169.111
153.292
156.18
176.381
154.36
156.394
161.269
156.176
156.056
157.974
155.384
157.061
169.268
156.461
153.058
158.282
178.479
188.086
174.769
163.665
172.317
175.319
170.169
222.591
221.106
219.776
221.886
208.423
182.185
173.026
172.811
207.92
244.453
191.481
159.494
172.2
173.632
175.502
163.351
159.024
162.676
159.481
160.107
176.244
157.894
162.359
152.972
159.009
178.875
166.612
163.879
164.119
158.834
166.181
176.895
162.817
160.396
160.433
158.487
155.837
174.061
163.177
159.286
158.449
161.613
165.584
169.054
163.818
163.478
158.905
160.784
166.089
140.043
139.553
132.237
130.371
129.082
130.837
144.591
130.483
130.727
130.528
129.977
129.834
128.765
144.369
131.457
130.29
129.673
131.067
128.366
129.683
142.285
132.304
129.355
130.335
129.445
129.632
129.138
141.691
132.287
131.549
130.205
130.128
130.42
128.913
140.931
131.922
131.18
129.312
130.395
129.757
128.985
138.777
131.668
129.025
129.108
129.141
129.72
128.645
143.049
137.414
131.195
130.748
129.507
131.442
128.97
131.773
133.009
130.642
128.498
129.793
129.315
130.777
142.332
132.149
129.513
129.81
128.947
129.024
130.18
139.525
132.096
129.4
129.629
127.763
127.498
129.319
141.34
132.762
130.031
129.707
129.171
128.758
128.529
129.27
138.228
132.039
129.743
130.059
129.474
130.635
142.321
132.784
128.955
130.014
130.727
130.435
129.743
129.091
132.296
130.727
128.594
130.947
128.784
130.332
129.789
133.927
129.364
129.965
129.202
129.555
129.319
129.652
147.86
130.318
130.324
129.736
129.439
129.355
130.326
146.323
131.114
142.443
160.143
162.14
148.931
158.321
184.781
155.219
136.832
129.766
128.555
146.7
127.96
123.409
121.402
121.03
120.338
124.654
133.601
145.629
129.231
126.189
124.645
125.852
124.104
125.358
141.421
154.854
133.615
127.384
127.049
126.633
126.231
139.717
126.354
126.176
128.201
125.911
126.237
125.836
138.874
128.242
125.956
126.757
126.252
142.203
152.81
150.944
129.444
126.864
125.825
126.089
126.675
125.511
147.437
136.302
128.567
127.49
127.65
126.404
127.506
137.746
129.047
126.695
126.537
127.794
127.151
126.156
126.206
137.566
125.19
123.987
124.031
122.344
123.385
122.474
136.606
128.386
126.703
126.44
135.292
131.409
126.518
137.785
129.334
125.645
126.021
125.98
126.79
127.543
125.177
137.959
128.719
139.268
135.376
132.198
131.38
160.552
172.467
171.809
142.784
136.115
131.309
131.346
186.579
172.021
169.126
169.379
169.322
186.964
174.588
173.818
172.447
169.99
177.352
170.5
157.524
172.408
187.935
147.353
179.578
176.617
173.98
171.133
171.49
162.342
174.118
172.397
171.415
171.376
145.334
181.776
174.666
170.913
171.141
148.814
158.95
173.485
168.988
167.331
141.386
136.356
144.179
168.303
169.834
140.171
132.043
124.02
133.741
132.012
127.24
145.1
127.411
125.197
125.461
124.619
137.919
126.857
125.948
126.166
126.646
125.947
125.808
141.516
127.763
126.707
126.52
125.724
125.627
126.343
143.589
134.523
127.229
125.215
124.367
124.61
128.616
178.833
143.356
129.546
128.652
128.869
127.465
127.486
130.61
129.556
127.709
126.957
128.802
127.588
126.114
126.439
131.843
127.482
126.485
125.961
126.674
125.78
126.449
141.35
126.399
125.24
123.302
125.176
137.838
125.521
139.84
126.721
127.419
125.35
124.495
126.553
125.436
137.811
126.002
126.157
125.157
124.084
125.241
125.247
134.325
128.979
126.617
125.918
127.44
126.048
125.82
126.041
140.274
126.425
126.292
124.989
127.416
126.412
128.357
139.395
127.853
124.258
125.647
126.523
126.757
126.77
137.939
127.01
126.118
125.045
124.806
124.082
125.434
124.716
128.157
125.588
124.986
125.754
124.44
124.511
125.741
148.725
132.644
129.459
129.146
131.417
130.024
130.126
151.207
135.269
130.932
129.082
128.517
129.771
128.848
135.512
132.226
130.007
129.464
129.116
128.565
129.021
144.464
131.09
131.264
130.653
129.69
128.454
129.63
142.132
131.164
131.445
129.31
129.187
128.575
129.654
145.28
130.938
130.737
130.1
130.268
130.015
128.457
144.098
132.136
132.012
129.676
130.076
129.14
129.447
143.153
130.68
130.977
130.213
129.798
129.892
129.678
144.266
130.882
129.63
130.442
129.035
128.327
128.668
141.955
132.24
130.48
129.657
131.369
129.263
128.538
133.782
131.75
130.433
129.661
130.589
129.086
128.59
131.289
133.092
129.697
129.309
129.985
128.973
129.572
129.607
131.923
131.808
128.912
129.441
129.029
130.279
128.464
148.725
130.787
130.031
129.945
129.901
129.73
128.825
145.371
130.536
130.215
129.1
130.004
129.871
129.047
143.174
130.785
129.129
129.133
130.48
129.136
129.434
140.087
131.555
129.514
128.965
128.205
130.026
129.33
146.213
130.414
129.795
128.635
129.771
128.8
129.744
145.477
130.141
129.516
128.157
129.561
129.369
128.916
145.42
130.355
130.183
128.369
128.154
128.731
129.459
145.026
130.418
130.039
129.676
128.464
128.738
128.511
140.808
132.46
130.717
129.059
129.413
128.287
128.948
134.533
131.783
129.852
129.142
129.28
129.45
127.982
140.608
134.005
131.255
128.995
130.078
129.333
129.875
139.519
132.782
130.285
128.822
128.528
129.527
130.345
128.35
136.591
131.706
131.455
129.004
129.795
158.95
171.271
172.114
171.037
169.159
168.43
169.512
174.321
169.791
169.64
168.675
169.93
201.725
195.027
184.461
176.501
176.964
179.458
180.272
176.099
176.065
177.467
197.414
178.363
177.232
178.235
177.328
189.335
177.984
176.745
178.382
175.505
193.025
180.193
178.883
178.747
178.278
180.402
194.682
179.625
177.94
179.323
177.61
194.699
179.654
178.318
179.567
176.648
157.388
134.823
133.226
132.57
133.273
133.145
132.221
150.293
135.822
131.79
132.707
131.825
132.293
132.263
145.752
132.944
132.708
132.086
132.657
131.869
132.366
147.057
133.731
131.493
132.982
131.867
131.41
132.744
147.588
132.853
131.972
131.511
132.85
131.07
132.662
136.811
132.54
131.461
131.695
132.106
132.447
143.117
136.327
133.066
132.252
131.78
132.436
131.457
142.741
135.49
132.507
131.975
131.554
131.184
132.537
151.207
139.08
133.837
132.3
131.411
131.952
131.744
144.281
134.501
134.993
132.315
131.695
130.962
130.678
143.172
132.571
132.437
131.899
131.635
132.524
131.15
142.366
132.605
133.35
132.059
131.955
132.042
131.711
146.208
133.185
133.601
131.978
131.013
132.037
131.798
152.995
134.268
132.657
132.477
131.953
132.51
132.08
138.248
134.308
132.591
132.4
131.845
132.302
131.831
138.508
134.381
131.929
132.544
131.344
132.39
132.007
143.193
132.835
131.922
133.791
133.4
130.897
132.132
144.273
134.335
132.386
131.637
131.348
131.093
131.015
145.863
132.658
130.596
131.34
130.75
130.805
130.041
146.621
132.49
131.279
130.017
131.882
130.859
131.147
144.907
132.266
130.762
130.957
130.101
132.296
131.256
146.164
131.283
129.924
131.064
130.987
130.389
130.735
145.319
132.427
131.154
129.827
131.524
131.138
130.529
146.104
133.951
131.367
131.559
131.815
132.6
131.995
145.691
133.998
131.883
132.182
131.448
131.842
132.531
141.99
132.544
133.007
131.038
131.003
131.7
143.929
135.956
132.069
130.401
131.25
130.623
130.663
159.728
131.522
121.893
119.481
118.479
117.664
118.392
117.917
134.646
119.801
120.05
118.702
118.104
118.585
117.935
132.618
127.267
119.575
118.85
118.636
118.02
118.225
117.971
136.561
121.189
119.755
118.275
118.228
117.854
118.475
128.266
128.423
119.629
118.558
118.642
117.977
117.987
118.044
132.766
120.741
118.736
117.138
117.92
118.145
116.969
117.733
139.046
119.932
118.476
117.918
117.392
117.439
117.055
130.041
126.085
119.445
119.094
118.113
118.609
118.549
117.416
136.826
121.059
120.115
118.356
118.225
119.503
119.269
128.28
126.66
118.725
119.342
118.95
119.328
118.759
118.847
132.971
119.07
117.515
119.4
119.398
117.77
118.853
118.35
134.65
118.724
117.643
119.054
118.733
118.191
118.107
138.257
128.22
119.388
119.578
119.534
119.174
118.708
118.203
134.482
117.632
116.961
116.86
119.758
118.708
118.051
133.737
125.248
118.67
119.229
118.666
120.946
117.808
117.961
135.053
119.06
116.343
115.193
114.693
115.652
115.132
114.384
134.85
120.065
118.882
118.452
118.626
119.154
119.047
128.947
119.548
116.931
115.094
116.857
116.52
116.85
116.14
182.558
151.608
146.116
149.048
147.169
150.495
155.445
156.798
145.604
130.18
136.076
135.274
147.682
130.842
124.755
158.573
137.307
117.282
114.248
121.485
119.828
116.176
114.667
114.421
116.831
115.291
115.461
133.459
118.726
140.551
116.183
115.804
114.615
112.483
112.122
131.16
114.278
113.071
112.718
112.643
111.839
112.643
114.104
132.049
116.453
114.115
114.068
113.011
112.867
112.444
112.551
132.639
121.228
119.98
120.206
118.546
118.772
119.146
134.084
121.813
119.013
119.759
120.468
120.45
121.241
130.956
115.139
113.059
112.824
128.507
150.418
121.081
114.713
139.704
120.974
119.033
118.796
118.511
118.359
119.364
131.361
120.777
116.35
118.342
117.985
117.198
117.302
116.255
133.546
119.992
118.759
117.78
118.624
117.265
116.557
115.673
165.342
141.373
133.425
134.407
145.636
146.334
179.729
146.749
145.254
144.982
144.966
153.187
146.772
144.919
145.764
144.685
171.304
148.993
145.175
144.428
145.126
145.817
161.908
142.954
143.013
156.667
172.363
175.811
155.665
149.763
148.543
149.058
148.721
160.203
151.076
149.65
150.996
149.216
149.614
160.915
153.015
150.739
148.624
149.278
150.055
148.184
157.083
149.743
147.535
148.51
150.582
150.114
168.537
152.23
149.824
156.097
202.983
174.285
157.165
152.079
150.468
150.75
153.392
187.728
158.168
140.988
131.214
129.545
127.765
127.568
146.134
128.808
127.616
127.166
126.946
126.444
128.714
140.663
133.476
128.007
126.445
126.003
127.237
127.087
126.495
129.885
128.256
126.802
127.201
127.247
140.077
131.139
141.893
128.597
127.4
126.474
127.016
126.476
127.025
143.421
127.049
127.203
132.48
132.53
127.418
126.017
141.243
127.902
126.386
125.686
126.513
125.57
126.419
137.095
130.806
126.729
126.164
126.098
126.131
125.476
126.685
140.263
129.442
126.257
125.596
126.104
127.31
126.471
141.539
127.354
127.858
126.618
126.083
125.583
127.31
130.865
129.843
127.932
126.765
125.65
125.833
126.42
127.596
143.046
127.983
126.786
126.662
126.11
125.484
125.79
139.524
126.237
126.633
126.381
125.894
125.816
126.126
138.837
128.87
126.224
126.224
126.297
127.138
126.441
135.912
128.687
127.274
127.334
126.489
127.427
126.098
125.936
147.508
128.768
132.533
130.618
128.01
126.996
126.78
138.468
138.706
167.616
149.024
143.89
143.818
154.322
148.234
144.207
143.983
142.967
145.667
143.875
156.393
143.687
145.19
143.812
144.083
144.29
169.96
148.146
142.84
143.682
144.13
142.947
161.236
180.447
182.646
160.086
178.834
191.926
198.432
199.234
202.839
176.026
205.096
198.291
194.008
190.612
218.495
162.111
178.204
174.622
185.529
170.613
157.947
148.441
139.266
137.713
139.541
139.225
141.018
164.36
121.707
114.311
114.85
114.118
114.167
113.851
133.85
121.78
118.813
118.231
116.618
117.457
118.188
118.145
134.829
119.766
118.254
119.277
117.387
115.654
117.429
118.167
131.301
114.074
114.342
114.374
115.297
159.049
144.137
165.306
143.081
136.095
135.535
134.896
134.628
144.777
139.926
135.298
134.966
133.767
133.572
133.839
149.048
140.503
137.497
133.71
134.672
132.968
133.761
151.264
130.601
130.663
129.175
128.103
137.298
164.366
171.348
127.153
126.484
126.017
127.828
127.384
126.077
142.48
126.595
127.376
127.769
126.752
127.196
127
141.006
125.52
124.524
123.695
123.912
124.183
134.416
167.806
147.76
132.011
131.942
130.766
131.21
129.628
145.68
133.726
132.463
162.482
204.588
218.278
205.801
200.403
203.117
204.324
225.486
202.763
202.697
204.083
204.347
217.939
199.539
198.131
205.164
214.243
207.09
200.403
201.142
204.917
208.303
201.587
202.96
205.189
213.248
205.205
204.179
204.252
204.983
215.283
205.373
204.176
204.14
204.29
214.658
198.94
197.962
202.89
214.979
203.142
201.511
202.955
205.66
207.939
198.565
208.76
205.235
214.198
204.17
203.557
202.155
202.739
216.979
204.26
202.857
204.015
203.222
217.756
198.836
187.952
175.701
139.25
150.206
162.473
201.691
178.398
139.743
132.63
148.958
157.115
142.489
141.526
140.29
138.973
153.201
139.158
173.315
174.806
176.547
174.914
187.505
173.338
172.589
172.522
176.513
187.177
177.791
174.907
174.984
172.402
177.091
174.535
172.263
172.36
174.53
172.068
187.28
174.568
174.82
174.959
176.518
191.064
173.012
172.45
172.384
171
174.919
175.732
174.409
173.93
172.224
173.977
187.414
171.448
182.687
174.131
175.009
189.062
174.105
175.024
174.496
171.064
178.131
173.089
172.414
171.151
175.097
170.913
187.455
149.858
171.395
174.645
174.642
192.299
179.706
174.836
174.8
174.75
185.615
176.898
174.81
174.774
174.863
174.084
186.455
175.327
172.125
141.984
140.467
138.907
154.888
139.638
139.003
174.598
171.13
174.905
178.812
161.202
174.649
145.39
188.463
186.161
182.302
178.275
177.286
177.322
152.417
138.805
135.149
134.732
135.314
133.623
133.205
143.557
134.925
134.083
134.213
133.606
132.494
134.372
137.887
135.203
132.317
132.525
133.529
132.609
132.916
146.448
136.11
133.807
131.923
133.045
132.524
132.811
146.004
134.673
134.481
132.501
133.386
133.66
132.269
148.426
134.516
132.18
133.583
133.162
132.138
132.895
142.251
131.467
129.697
129.256
129.935
130.628
128.57
138.455
178.541
179.124
178.843
141.914
146.715
138.726
133.039
133.319
132.79
133.308
133.53
144.613
136.517
133.196
132.824
131.575
131.578
166.623
188.483
165.951
148.299
143.761
144.414
139.491
155.622
148.287
148.123
148.213
146.208
147.011
161.018
148.152
145.924
146.85
145.841
146.237
161.312
148.844
147.629
143.893
143.287
142.842
143.518
165.232
148.707
148.534
208.193
166.304
176.398
155.741
146.889
147.397
146.287
191.261
167.211
152.754
149.004
147.511
148.831
146.76
165.457
151.345
149.193
147.818
148.075
147.632
169.653
149.093
146.542
146.249
143.267
144.211
157.153
151.945
149.6
148.838
146.7
147.831
163.007
155.32
153.355
153.967
152.317
150.726
165.159
153.976
151.011
149.968
151.545
152.688
163.053
154.979
152.591
151.956
152.861
150.97
163.203
154.435
152.439
150.312
152.567
152.594
165.536
153.827
152.008
151.611
150.134
150.254
170.729
153.081
151.044
152.431
151.87
152.544
154.392
152.868
151.526
151.338
150.807
150.789
158.997
156.167
151.905
152.999
151.628
154.603
162.685
152.756
153.587
151.761
152.038
150.962
166.074
151.027
148.361
148.504
156.458
180.483
172.142
161.356
159.871
158.859
163.604
185.339
165.825
163.301
164.39
162.785
162.837
190.246
172.702
157.854
159.006
156.119
170.031
149.503
148.345
147.717
147.187
145.443
156.757
160.684
154.131
156.209
156.634
153.95
159.277
157.267
156.074
154.306
153.453
154.7
166.435
156.941
153.894
154.579
155.526
155.247
168.941
156.732
153.8
154.624
154.752
156.603
172.103
154.452
154.869
153.791
155.161
155.472
165.216
155.821
154.624
155.127
153.637
155.677
161.764
147.617
145.313
147.916
147.762
147.545
172.757
151.918
151.442
150.963
151.334
151.577
169.746
152.722
163.849
150.516
149.235
148.791
165.309
149.379
149.033
149.657
149.641
149.57
163.114
147.769
149.365
147.952
147.001
145.643
165.253
152.366
150.513
151.557
151.241
152.3
167.969
148.969
153.497
154.496
154.737
152.26
167.902
152.732
150.967
150.017
148.832
150.275
165.714
301.184
176.507
148.417
146.715
181.61
149.721
147.975
144.49
144.588
146.793
165.379
148.913
146.432
144.51
144.8
144.236
157.283
146.168
144.979
144.171
143.557
142.91
143.715
148.937
143.561
141.59
140.133
142.296
141.59
164.109
149.306
146.726
145.659
145.962
146.676
161.817
149.051
146.158
146.074
145.863
147.377
155.33
150.419
144.094
144.537
143.779
144.164
145.596
168.11
146.456
154.197
148.142
146.953
147.044
157.067
143.388
146.757
146.426
146.682
147.108
161.64
144.903
145.737
145.085
144.504
144.154
157.881
145.186
143.601
142.296
144.116
141.18
139.719
170.017
149.222
146.973
146.723
147.591
147.196
159.812
144.654
147.604
147.855
146.459
146.752
163.174
146.949
145.954
145.008
145.222
144.035
155.291
146.672
141.178
135.912
144.895
139.44
136.72
158.62
139.338
138.693
170.339
214.546
172.739
161.57
149.485
154.299
157.327
155.334
167.191
267.202
174.848
179.356
162.783
180.994
157.663
167.279
125.181
120.636
120.621
122.379
151.882
128.567
125.816
124.787
123.94
122.772
124.052
209.909
127.794
124.19
124.961
123.779
144.248
140.604
138.338
134.272
132.5
132.777
132.407
131.641
144.51
168.64
203.782
172.261
137.599
130.324
179.768
208.17
207.434
206.716
205.216
295.338
243.25
267.278
264.504
261.558
236.353
275.138
236.958
242.263
180.28
187.383
161.213
147.86
205.4
204.389
223.767
201.123
206.214
200.723
201.95
210.479
204.193
203.925
201.12
171.651
153.072
146.094
147.935
152.123
169.597
206.283
209.006
200.239
155.968
164.419
255.819
200.691
155.849
134.406
132.558
130.783
146.75
135.361
134.232
133.253
132.413
129.927
130.482
149.629
135.435
133.903
132.862
133.619
133.455
133.691
150.766
134.505
129.717
129.365
129.827
129.617
129.53
146.766
130.99
131.139
130.248
129.398
129.52
129.409
146.492
129.95
131.159
130.651
128.165
129.409
128.681
146.239
130.338
128.922
130.006
129.451
129.138
129.398
145.846
131.983
128.974
128.187
129.307
129.503
129.037
158.558
147.154
141.532
144.42
140.646
142.01
158.689
148.79
161.928
159.529
159.716
179.706
182.077
198.199
183.229
162.613
171.01
179.909
167.193
165.975
168.718
167.918
196.029
171.836
179.613
157.129
178.596
172.761
199.304
182.411
176.216
160.865
179.869
204.872
176.741
175.371
175.972
162.669
191.236
178.732
173.409
175.46
172.7
164.233
180.173
167.596
169.205
157.56
154.936
168.775
161.299
160.039
158.084
155.133
154.844
171.736
159.657
157.89
154.948
156.77
158.117
1014.67
215.108
159.159
151.615
148.826
149.378
177.792
194.433
158.159
148.765
146.635
146.71
169.852
156.012
152.916
150.737
149.416
149.005
167.672
152.12
148.691
148.966
148.033
150.993
167.261
193.303
170.176
155.038
155.822
154.166
171.853
161.774
160.487
158.917
161.678
185.708
170.018
164.301
160.923
162.355
161.488
179.351
158.406
150.99
153.347
189.012
162.001
166.876
152.649
153.69
152.07
148.917
147.609
170.051
155.444
156.043
152.174
181.35
185.54
162.589
178.906
181.034
169.171
157.14
183.7
155.994
225.212
153.141
146.584
155.247
148.572
144.527
188.877
181.773
148.838
169.102
150.593
148.312
147.402
146.947
144.096
158.237
129.1
123.707
122.241
122.52
123.644
156.773
152.548
130.67
131.845
130.939
130.455
130.909
130.063
151.579
133.636
130.695
130.31
129.414
131.494
132.232
151.227
135.363
133.876
134.27
132.719
131.958
133.786
142.598
134.024
132.667
131.942
131.654
132.89
147.215
136.97
132.556
130.812
132.406
131.146
130.909
153.831
142.915
141.492
139.615
139.945
139.214
139.579
152.302
138.992
139.116
140.084
138.882
138.334
157.846
142.407
140.004
138.31
139.798
139.567
139.149
156.075
140.833
140.395
139.991
139.263
139.624
154.658
144.683
141.366
140.433
141.014
139.343
139.349
154.565
140.166
140.254
139.797
139.591
139.366
139.921
144.199
138.983
139.345
139.605
140.664
139.405
155.724
141.323
139.14
138.896
149.703
140.485
145.207
152.861
139.691
136.808
151.035
138.226
150.834
191.942
149.287
134.514
135.221
136.849
131.088
142.356
141.135
131.717
131.532
130.239
130.388
130.365
142.246
141.005
137.51
168.915
172.367
154.758
141.97
165.281
140.123
141.408
141.804
139.38
139.654
159.796
143.052
141.555
142.027
141.369
140.06
159.745
177.986
172.702
172.99
150.861
145.801
193.552
219.966
200.304
200.956
144.563
186.532
204.406
199.959
200.768
145.561
186.983
199.811
201.443
205.106
146.127
188.245
174.331
196.791
208.105
176.237
159.457
138.938
134.194
134.367
132.499
133.392
133.485
151.751
134.978
133.538
133.836
132.99
132.216
132.132
153.486
133.936
132.833
132.163
133.666
132.728
157.552
141.251
135.38
132.509
133.823
133.703
133.82
140.259
136.199
134.812
133.318
173.913
151.678
191.838
147.067
134.673
133.832
134.039
133.483
133.772
144.396
164.155
168.075
139.663
133.869
132.987
133.558
151.851
134.743
134.07
133.85
132.945
133.856
133.278
137.161
133.495
134.374
133.161
133.11
131.991
144.015
137.952
133.098
132.593
133.041
131.781
133.555
143.098
135.327
133.142
133.639
134.063
132.997
132.865
144.246
138.043
133.186
133.846
133.907
133.038
137.967
139
183.764
176.362
140.707
134.953
136.506
132.924
135.735
133.396
133.185
139.952
134.812
132.69
148.816
136.512
133
132.082
133.013
133.366
132.276
148.773
137.213
134.34
132.84
133.861
133.574
145.85
148.604
135.982
134.288
133.919
131.787
133.396
132
148.218
134.136
132.753
133.495
132.417
131.633
133.685
149.06
133.305
132.082
132.172
131.882
132.225
132.617
150.328
134.405
133.381
132.763
133.055
133.055
132.804
148.776
134.196
132.58
133.322
132.33
133.799
133.398
144.77
152.781
134.872
136.361
132.488
132.74
132.669
149.943
131.973
152.112
169.943
144.512
127.946
140.868
128.111
126.301
139.524
131.233
127.407
125.506
144.67
133.676
126.782
125.673
132.403
125.645
125.628
137.616
128.927
130.357
126
125.489
125.258
126.484
125.158
131.059
126.872
125.616
125.432
126.067
125.465
131.657
141.134
127.831
125.341
125.218
131.396
126.372
125.822
140.522
136.626
126.771
125.317
124.881
169.792
169.905
182.591
172.822
173.055
170.242
172.429
183.027
172.961
171.812
169.98
169.803
186.739
172.146
169.981
172.748
169.472
169.975
185.854
169.022
170.265
173.586
168.688
186.673
172.447
169.797
171.542
170.019
176.495
169.951
169.506
139.377
130.432
171.708
165.671
145.781
130.667
160.605
172.015
170.702
186.679
173.048
169.845
169.881
172.982
172.023
142.177
130.1
171.386
169.709
171.337
186.579
172.742
170.207
174.663
169.453
174.147
136.791
127.6
125.001
169.616
175.377
183.364
171.913
174.158
172.808
169.887
170.341
185.106
169.906
170.552
169.229
173.57
160.222
174.044
169.553
170.471
169.33
139.98
141.71
170.657
168.551
170.161
169.93
156.053
133.075
124.564
171.147
169.614
140.432
174.823
173.219
170.288
169.695
169.773
170.027
175.01
173.667
169.797
173.579
169.849
191.227
173.653
169.53
170.592
172.513
182.221
174.366
173.373
169.611
169.836
181.576
143.147
138.449
171.71
169.166
141.168
134.528
132.657
142.173
134.531
125.998
127.367
126.786
127.472
130.175
128.106
126.543
127.277
127.351
126.916
126.609
139.139
128.751
126.952
126.808
126.011
126.683
126.408
143.849
127.421
127.312
126.516
125.873
127.096
127.343
136.73
126.894
124.072
123.364
123.875
123.705
131.439
184.868
157.249
145.987
147.012
145.376
144.04
157.92
148.621
145.598
145.168
143.953
145.057
144.047
160.375
145.255
145.088
144.765
145.83
143.923
161.286
145.854
144.64
147.052
144.771
145.397
164.33
153.151
135.996
135.169
136.019
133.181
133.499
142.137
135.234
136.544
134.147
134.342
133.821
133.274
149.893
134.495
134.739
133.015
133.746
133.43
132.768
151.421
132.877
133.042
132.32
131.722
137.078
133.539
145.205
132.073
134.038
137.031
132.42
131.881
149.048
136.48
133.532
133.18
132.381
133.55
133.151
144.651
135.542
135.924
133.282
133.148
132.771
133.069
147.503
135.015
135.446
133.214
133.204
132.225
132.995
151.291
134.291
132.924
133.226
133
132.877
132.124
148.377
133.31
131.829
132.39
133.104
133.86
131.966
156.347
136.627
133.031
133.397
132.39
132.624
132.279
153.579
133.763
132.865
132.911
133.183
132.708
132.848
148.525
167.217
137.232
132.65
132.904
132.717
146.101
133.032
132.439
133.368
131.786
131.25
132.808
149.214
132.732
131.804
132.263
132.474
130.474
131.968
150.154
132.697
131.167
135.197
132.909
132.567
147.079
154.639
136.797
134.288
165.42
200.911
142.255
196.584
189.347
225.324
197.987
132.14
132.474
119.925
118.077
115.993
114.747
116.101
116.33
114.826
120.183
117.881
117.974
116.917
117.425
116.399
114.759
140.547
134.708
131.668
130.609
129.719
130.248
130.21
146.888
131.764
130.457
131.337
130.994
130.251
130.415
156.411
151.976
137.337
133.584
134.378
134.48
146.335
137.021
132.217
133.034
132.056
133.151
133.433
150.663
142.288
135.226
135.133
134.104
134.785
134.666
148.064
136.382
133.646
133.512
133.89
133.83
132.835
149.355
143.471
136.374
133.733
132.048
133.121
133.292
146.639
132.834
134.302
133.59
133.237
132.076
145.583
137.559
133.523
131.782
181.804
141.109
132.742
151.076
132.727
133.064
131.737
132.49
132.036
132.891
147.59
132.681
132.04
133.16
131.766
131.797
131.926
137.791
133.479
131.348
131.911
132.551
131.09
130.128
149.615
132.386
131.77
131.864
131.995
131.631
131.448
147.432
133.042
132.48
131.734
131.288
132.342
131.834
147.706
132.911
132.964
132.29
132.602
132.299
131.495
148.182
132.72
131.167
132.396
131.502
132.062
132.312
147.776
133.124
132.69
131.419
131.821
132.891
131.674
147.494
132.473
132.102
131.141
131.491
132.116
132.119
147.728
132.62
131.107
133.075
131.424
132.759
132.667
147.535
132.249
132.266
132.092
131.608
131.885
131.769
145.653
133.68
131.124
131.996
132.059
131.404
132.332
147.589
132.543
132.594
131.918
131.746
131.488
132.684
146.435
133.091
132.467
132.559
132.529
132.29
131.853
136.176
132.48
132.215
132.012
132.727
132.982
131.853
149.262
131.888
130.992
129.713
138.057
164.734
138.307
150.329
133.103
132.62
131.899
131.571
132.399
131.315
147.547
132.119
130.837
131.425
131.885
132.086
131.13
147.838
132.531
132.608
132.244
132.753
131.866
131.959
148.068
132.847
133.169
131.481
130.862
132.005
132.32
147.35
133.238
132.631
131.837
131.641
132.179
132.17
146.123
131.493
132.982
131.676
131.803
130.842
131.959
147.905
131.403
132.245
133.216
131.774
131.588
130.6
147.574
133.084
132.738
131.077
132.877
131.227
131.367
148.065
130.9
132.798
132.844
131.082
131.55
131.987
147.445
132.531
132.128
131.818
131.893
131.293
131.939
146.98
132.862
131.17
131.928
132.821
131.584
131.217
147.508
132.257
130.897
131.865
131.823
130.709
132.453
145.786
132.27
132.845
131.274
132.243
131.334
132.627
145.809
132.083
131.494
131.674
132.053
132.885
131.38
147.144
131.682
132.275
132.284
131.409
130.943
131.698
145.863
130.777
130.82
130.696
130.228
130.978
206.245
151.894
130.648
136.75
130.041
128.871
127.571
133.78
130.569
127.878
127.845
127.367
127.36
127.722
128.035
131.601
127.492
127.938
127.113
127.761
127.577
126.809
131.989
129.819
127.799
127.133
126.912
127.983
126.088
142.442
129.243
128.515
128.161
127.071
127.08
127.424
146.422
133.645
129.432
127.571
127.774
126.817
127.94
137.396
130.883
126.804
128.818
127.94
127.13
126.508
128.305
137.921
130.275
127.731
128.48
127.694
127.018
127.124
143.694
128.901
127.674
127.568
128.5
127.822
126.679
138.432
128.928
127.941
127.739
128.119
128.086
127.799
140.597
131.861
129.129
127.881
126.861
128.157
128.431
126.965
142.405
129.216
127.962
127.673
127.804
127.677
128.001
143.711
127.69
127.201
127.766
127.201
127.59
127.13
143.083
128.794
127.138
125.924
128.342
127.544
127.391
132.16
132.426
129.125
127.17
127.487
127.408
127.618
126.85
141.284
129.127
128.627
126.91
127.995
127.376
129.063
147.833
159.529
153.262
151.532
151.99
151.391
171.254
150.973
151.13
151.014
152.203
150.298
169.076
153.886
152.737
152.065
151.654
151.318
175.698
153.656
150.805
151.139
151.223
150.927
170.612
153.427
154.94
154.95
155.517
153.039
176.637
153.653
153.884
151.871
153.671
164.884
157.142
152.197
156.964
160.222
186.95
166.171
139.13
135.831
134.696
133.943
134.603
165.331
206.301
191.83
194.891
141.99
132.715
147.166
133.223
132.07
128.635
128.29
128.89
128.91
140.214
131.295
128.5
128.738
128.45
129.202
128.253
133.211
134.515
128.864
128.808
128.795
128.158
127.876
128.102
141.788
130.609
128.733
128.604
128.54
128.67
128.396
141.326
129.537
128.227
128.36
128.017
128.12
128.447
142.906
131.395
129.338
127.291
127.574
127.999
128.132
142.359
129.911
129.133
128.714
128.736
127.818
127.915
143.264
129.048
128.584
130.09
127.951
128.485
128.865
140.059
129.637
128.162
128.021
128.183
128.883
129.289
130.877
126.428
124.069
122.09
123.993
121.843
122.633
122.118
151.128
128.412
127.243
126.937
127.025
127.136
127.619
141.976
128.524
128.161
127.316
128.344
127.484
126.961
138.59
128.03
127.153
127.293
127.908
126.819
127.44
139.664
130.272
127.432
126.76
127.522
127.618
126.278
126.308
143.147
128.098
126.366
126.593
126.435
126.218
126.305
142.011
127.899
127.053
126.756
125.813
128.292
126.258
142.137
128.453
126.749
125.891
126.465
125.764
127.747
141.145
130.579
126.579
125.449
125.12
124.733
124.951
123.611
147.869
129.906
126.772
126.816
126.522
126.381
126.225
140.713
127.565
126.378
125.891
126.525
126.311
126.325
137.433
128.035
127.327
126.479
127.165
127.271
126.489
139.019
130.92
126.628
126.448
125.9
126.365
127.198
126.344
130.796
128.221
127.006
126.318
125.841
126.135
126.57
140.48
128.129
125.904
126.348
127.565
125.873
125.74
138.962
130.775
125.403
127.066
125.683
126.395
125.891
126.423
135.478
129.409
125.707
126.324
127.217
126.506
126.104
141.824
128.498
127.858
127.367
125.539
126.875
126.982
141.875
131.888
128.914
127.277
126.41
126.14
127.846
136.607
130.484
127.631
128.143
128.196
126.185
126.263
127.451
136.627
128.336
126.88
126.744
126.516
126.84
126.672
140.777
127.401
124.222
125
126.204
124.658
153.382
174.919
142.812
138.408
137.105
142.419
143.358
195.722
168.083
217.609
148.216
160.603
142.074
158.244
146.572
161.849
144.243
140.159
142.919
155.124
139.701
136.931
143.856
140.681
158.691
156.864
146.158
137.987
132.507
133.93
132.826
137.352
150.366
135.16
130.02
130.576
133.489
160.005
132.775
138.536
121.118
120.272
117.761
117.674
117.418
117.632
130.053
133.538
127.679
126.274
125.896
126.164
125.723
125.857
136.194
128.36
126.479
125.924
126.297
126.39
126.195
136.152
121.165
119.957
119.692
119.364
119.59
120.51
137.827
133.49
125.783
124.717
123.983
124.939
124.744
125.265
142.068
125.704
124.369
124.847
123.243
124.611
123.818
137.607
125.719
124.252
123.705
124.466
124.053
125.027
135.995
130.525
124.697
124.564
123.965
124.309
124.039
123.2
138.839
127.468
124.862
124.299
123.952
134.886
126.696
139.364
126.411
123.996
123.86
124.459
124.342
123.722
134.431
128.741
124.48
123.946
123.853
123.033
123.743
124.856
137.085
126.984
124.259
124.922
123.815
123.625
124.584
142.735
128.83
125.806
124.446
124.751
124.404
124.048
140.748
128.246
124.76
124.502
124.125
124.951
124.002
123.722
135.452
126.747
124.521
124.41
123.71
124.263
123.075
139.995
125.888
125.223
123.068
124.097
123.956
124.66
123.688
143.057
127.918
126.435
123.494
123.681
123.428
123.718
151.556
139.893
135.571
136.193
136.33
135.842
151.648
136.747
133.818
133.102
137.172
134.837
133.281
148.97
134.385
130.191
130.795
129.574
131.004
130.27
144.654
133.154
129.559
130.044
129.65
130.592
130.443
145.679
137.929
133.83
136.123
134.646
132.862
133.189
143.343
136.327
136.564
133.641
134.613
134.118
133.444
149.322
137.362
134.736
133.186
133.743
133.395
132.982
140.554
131.087
131.75
129.496
129.74
129.373
129.929
151.437
136.451
136.089
135.328
134.261
133.151
132.661
150.659
135.448
134.62
133.848
134.628
133.861
133.029
151.258
135.572
133.811
132.958
133.433
132.961
156.279
138.422
134.248
134.735
132.591
133.566
133.262
148.444
137.53
133.863
133.486
133.816
134.291
133.854
146.782
135.139
133.864
135.896
133.382
134.204
133.477
148.167
130.766
130.128
131.283
129.406
129.249
130.058
149.632
134.68
133.927
133.83
134.041
132.63
133.776
138.096
134.753
133.349
133.598
133.951
134.251
132.844
159.357
135.584
133.427
131.043
128.136
128.736
128.39
143.214
132.05
127.318
126.365
127.779
126.291
126.266
140.673
127.166
127.071
127.454
128.2
126.291
126.127
137.159
127.698
126.536
126.224
126.02
126.389
126.188
126.766
130.856
126.381
125.523
126.853
127.451
126.282
125.635
136.336
128.521
127.381
125.884
126.251
127.361
127.95
141.833
128.44
126.711
126.762
126.179
126.226
126.858
132.34
139.975
130.859
127.535
126.054
126.522
126
140.827
130.99
126.519
125.88
126.565
127.237
126.115
128.287
145.48
129.732
126.131
126.446
126.566
126.311
126.341
141.602
127.26
127.812
126.114
125.066
128.03
127.015
142.362
127.646
126.478
126.05
127.183
125.761
127.057
143.157
133.259
127.337
126.693
127.14
126.338
126.658
127.157
130.362
126.853
125.857
127.009
127.397
127.24
126.872
137.656
130.154
126.793
127.049
126.732
126.465
128.339
144.022
128.37
128.453
126.67
126.532
127.178
127.157
137.676
127.905
127.138
127.434
126.221
125.698
126.413
145.713
142.993
129.813
127.744
127.316
125.755
127.126
138.746
129.661
128.551
126.142
126.395
126.816
131.838
129.322
143.223
128.432
126.302
127.554
126.672
126.02
126.725
144.303
127.153
127.213
126.78
127.466
128.053
127.019
142.529
128.393
126.828
126.579
127.266
126.76
126.957
143.774
131.665
127.804
127.293
126.678
126.145
126.075
135.882
128.988
127.133
126.297
126.891
126.585
125.7
125.73
137.494
128.578
126.417
126.417
126.906
126.946
126.82
142.038
128.651
127.674
126.008
126.115
126.695
126.113
131.358
128.982
127.812
127.59
126.691
126.479
126.994
126.762
138.609
128.212
127.953
127.992
126.371
127.367
126.753
140.21
128.442
126.953
126.242
127.068
125.336
125.996
141.068
127.094
126.294
126.826
126.485
126.935
125.989
137.28
127.812
127.871
126.642
125.728
126.973
126.772
139.918
129.954
127.612
126.445
127.864
126.893
127.119
127.149
140.082
127.777
127.193
127.127
126.077
125.794
126.128
145.262
128.799
126.682
126.242
127.975
126.925
126.783
142.175
129.51
127.419
127.629
126.895
127.812
126.452
139.662
132.831
127.886
127.231
126.75
128.098
127.476
126.793
129.93
127.952
127.677
127.331
126.928
126.893
127.331
136.186
128.784
129.031
127.586
126.314
128.179
126.807
143.153
127.454
128.139
127.434
127.605
126.451
127.933
138.117
129.327
126.672
127.334
127.223
127.105
126.664
140.483
130.338
127.608
126.8
126.438
128.099
126.231
125.97
140.917
129.021
127.424
126.597
126.813
126.793
127.309
142.008
126.699
128.922
126.846
126.576
128.04
126.923
143.249
128.985
126.271
126.783
127.785
126.753
126.29
141.599
133.884
127.569
127.433
127.036
126.745
126.642
136.186
129.352
126.823
125.906
126.499
127.615
127.106
125.788
136.787
128.791
127.962
126.792
126.041
127.233
128.043
142.992
127.039
127.744
127.003
126.799
126.281
126.81
138.368
128.1
127.351
127.087
127.849
126.248
125.814
139.983
131.138
126.832
126.679
127.2
127.703
126.218
126.633
139.708
129.335
126.648
126.535
127.167
126.188
125.737
145.064
130.579
128.253
127.201
125.573
127.374
126.278
141.286
127.81
127.705
127.003
126.907
126.13
127.094
140.546
133.569
127.418
126.639
126.709
126.044
126.021
126.853
130.14
126.239
126.712
126.294
126.349
126.375
126.181
130.113
129.876
127.174
126.171
126.321
127.655
126.672
142.484
127.929
127.113
127.196
126.358
126.467
127.159
141.115
131.46
128.48
127.071
127.228
125.82
126.368
135.779
129.8
126.782
126.733
126.756
126.245
126.205
127.602
136.396
128.056
127.621
128.15
127.523
126.684
127.202
142.034
128.952
125.789
126.188
127.76
128.646
126.14
139.094
139.602
168.273
140.044
137.265
135.577
135.661
150.004
134.085
133.971
132.561
133.807
133.314
134.643
149.614
134.805
132.63
133.547
141.172
150.348
159.286
136.29
132.249
129.473
128.675
128.688
129.337
175.918
198.994
203.474
200.293
174.329
173.349
203.421
202.119
203.911
171.736
178.565
199.716
202.967
200.685
174.892
199.337
209.669
199.662
202.63
183.812
145.59
133.048
135.027
135.174
133.87
132.967
150.148
136.463
132.218
132.157
133.259
131.685
130.498
146.489
136.236
129.358
130.511
129.971
129.547
128.817
163.742
203.899
200.872
202.277
205.523
240.46
209.566
206.061
209.574
213.642
203.985
209.552
200.946
200.982
171.665
213.779
198.622
200.381
217.671
207.357
208.998
206.041
209.833
226.392
208.537
203.478
204.333
217.701
207.107
205.243
209.864
213.169
221.903
209.502
209.195
204.841
209.025
208.24
209.283
206.149
207.863
219.222
212.995
209.214
207.872
219.815
211.785
204.729
205.921
207.808
225.65
206.55
207.744
209.12
219.13
209.265
209.029
206.104
207.818
221.887
213.03
209.5
207.98
219.347
207.932
208.278
205.734
208.152
222.478
208.871
207.833
208.933
222.673
208.898
213.25
207.656
209.449
219.613
241.373
237.501
242.072
264.778
238.857
237.339
237.643
236.273
235.921
220.725
221.513
208.977
211.777
208.858
190.693
152.681
183.194
208.923
205.967
184.645
148.609
138.004
135.505
134.235
133.466
132.518
151.823
134.161
134.534
133.409
132.605
132.34
133.864
154.982
134.057
133.716
134.986
133.422
133.199
132.267
151.075
133.876
132.284
133.646
133.49
133.15
133.125
148.741
125.382
124.33
124.828
123.831
124.283
123.826
206.559
138.842
132.738
136.748
140.787
126.908
131.234
126.079
120.23
119.493
119.006
118.645
119.16
117.957
145.232
118.061
116.83
116.467
117.753
116.971
116.801
114.351
126.585
119.288
118.427
118.214
119.902
119.803
119.042
128.549
121.857
120.176
118.031
118.508
119.274
119.144
118.642
138.957
121.189
119.778
119.686
118.615
119.758
119.715
130.913
121.923
119.65
119.033
118.425
118.377
119.774
119.206
133.485
120.136
119.732
118.693
118.287
118.533
118.669
119.943
134.405
119.754
119.966
119.084
118.81
118.729
119.37
121.924
122.408
118.883
119.521
120.362
118.976
119.036
118.735
134.332
120.203
118.841
119.862
120.038
122.435
119.563
119.739
131.358
120.507
119.284
120.17
120.562
119.565
118.73
133.442
121.224
120.132
118.185
120.377
118.752
118.71
118.405
134.128
119.085
119.391
118.088
119.972
119.706
118.596
131.529
125.179
119.461
119.505
118.628
119.909
119.331
118.235
131.358
120.122
119.706
119.268
119.172
119.18
118.913
118.465
121.417
119.923
119.998
119.594
119.728
119.37
118.942
128.106
120.617
119.066
120.187
119.49
118.537
119.2
119.153
133.04
120.279
120.246
120.365
119.903
118.563
119.409
129.338
121.83
118.488
119.893
121.659
119.668
118.775
119.77
130.406
121.931
118.696
119.141
120.564
119.616
119.284
119.243
131.117
118.666
118.555
119.882
120.236
119.043
118.618
133.275
122.294
118.388
118.82
119.794
120.107
119.524
118.832
133.683
120.477
119.712
119.22
120.162
119.747
119.725
118.748
130.401
120.506
119.978
119.391
120.315
119.869
119.899
132.879
121.569
119.945
119.226
119.127
119.759
120.919
119.443
134.619
120.456
120.63
118.916
119.109
119.321
119.983
129.527
121.84
120.156
119.189
119.153
118.451
119.781
119.948
138.979
120.225
121.135
119.154
119.514
118.635
119.296
130.789
120.654
119.286
121.185
119.607
118.957
118.786
119.668
133.998
120.137
118.615
119.003
118.683
118.642
118.535
118.84
134.344
120.179
119.27
119.294
118.903
118.766
118.733
148.597
145.576
130.863
127.812
127.394
126.879
126.234
141.656
135.494
130.739
129.238
128.657
129.004
128.83
132.309
131.725
130.994
128.977
128.789
130.883
129.608
144.099
131.809
130.047
130.014
129.526
128.324
127.772
142.892
132.435
130.224
129.529
129.372
129.436
128.444
141.661
133.074
129.794
129.911
129.887
128.523
129.216
140.748
131.932
130.201
130.444
129.938
129.545
129.226
141.511
132.093
128.958
128.844
130.528
129.396
128.994
128.881
137.136
130.077
129.385
130.302
129.526
128.887
128.942
133.813
130.302
129.072
128.153
129.593
129.032
129.514
147.972
129.954
129.59
127.809
128.544
129.34
128.5
166.158
147.22
142.526
141.867
140.66
140.932
157.536
141.653
138.739
137.552
138.014
140.6
139.201
147.338
142.441
141.232
139.936
139.999
141.816
153.894
141.172
140.33
141.548
141.104
141.275
140.411
146.648
141.313
140.274
140.086
140.717
140.939
154.525
141.806
140.949
141.426
140.558
139.635
140.155
148.54
140.33
140.108
140.632
140.074
139.227
152.712
142.805
142.173
140.762
139.848
140.447
139.849
159.331
140.48
141.216
140.404
139.598
139.19
151.437
141.469
142.36
140.407
140.294
139.584
139.475
156.177
141.836
140.246
140.08
139.659
140.618
153.199
143.068
142.044
141.134
140.969
139.785
141.118
157.322
141.707
139.07
140.072
138.696
139.839
150.495
140.985
142.026
140.416
139.233
141.126
140.627
154.589
140.69
140.63
141.532
141.091
139.9
153.987
146.875
142.096
142.747
140.399
141.416
140.838
154.336
140.654
141.033
140.309
139.876
139.427
145.673
144.293
140.454
138.711
141.063
139.331
139.869
151.788
141.493
141.243
139.364
141.418
139.49
142.651
139.986
138.558
160.104
147.491
132.079
127.689
190.702
169.721
147.656
180.14
178.809
181.656
216.036
224.727
227.131
224.399
224.396
224.673
222.771
224.846
236.13
224.286
225.431
193.695
261.348
222.282
222.912
193.048
210.537
245.73
255.849
193.414
162.21
177.496
174.552
172.591
149.539
141.373
149.937
173.974
170.459
171.16
146.365
139.233
177.56
172.23
170.726
171.535
145.911
139.774
191.68
174.627
171.467
171.738
146.816
158.802
174.789
174.552
175.314
195.887
176.25
185.061
174.147
170.411
196.844
146.869
180.126
175.277
173.18
172.63
173.467
189.646
172.979
172.952
173.001
145.004
150.167
136.636
145.165
138.384
130.09
127.385
128.224
148.551
171.009
172.4
173.048
173.03
173.689
190.94
172.876
176.829
148.986
166.293
186.362
177.195
173.373
173.533
173.586
176.651
148.023
138.532
130.007
130.882
129.446
127.866
149.412
135.942
131.938
132.904
132.137
131.709
130.869
147.267
134.245
128.591
154.185
166.422
153.126
163.454
147.502
175.412
178.332
179.334
178.412
192.552
178.863
180.284
177.975
176.42
192.507
177.476
179.141
178.318
176.841
203.505
177.185
197.548
179.929
178.272
190.816
178.622
180.146
179.113
178.949
213.142
184.974
180.857
196.267
179.139
192.443
179.966
178.976
176.336
179.812
187.485
179.922
180.059
179.416
180.05
178.044
212.654
177.004
179.746
179.361
180.23
194.365
177.62
181.075
178.863
179.335
198.732
178.354
179.44
180.197
180.153
192.585
178.145
196.077
180.122
179.337
193.346
178.575
179.274
176.073
176.483
189.68
180.046
180.124
178.95
175.738
190.188
179.996
179.109
179.798
195.565
174.673
182.796
178.69
177.761
176.624
179.938
193.65
179.668
178.131
176.532
179.431
181.224
178.633
179.842
179.938
179.989
188.63
177.416
219.509
197.65
152.618
163.103
210.394
201.761
203.206
136.604
129.619
122.872
114.207
113.348
113.254
113.892
113.639
112.058
126.144
118.819
114.785
114.3
113.555
115.173
113.199
112.52
124.603
117.806
113.034
113.543
113.596
113.569
113.188
112.186
111.594
122.31
113.207
114.253
114.448
112.998
113.281
112.018
111.817
137.381
117.77
117.218
118.177
117.702
116.983
117.71
134.064
123.805
118.738
117.926
119.043
118.328
116.713
117.275
131.42
115.991
113.579
113.563
114.07
114.304
111.57
112.901
131.979
119.881
117.224
116.843
116.954
117.452
116.138
116.933
141.136
132.499
131.868
129.886
132.696
129.472
130.165
142.111
128.91
126.936
127.988
130.084
128.258
127.246
152.83
126.641
125.682
124.647
124.301
123.333
123.637
143.303
132.228
128.937
127.894
128.642
128.341
128.319
141.97
129.401
127.969
126.628
126.051
126.635
126.502
135.492
129.095
128.346
127.705
126.846
127.314
126.725
137.351
129.23
127.544
126.574
125.719
125.525
128.045
126.828
134.812
127.672
128.803
127.374
127.471
126.467
127.527
143.684
127.732
127.384
128.521
126.876
126.769
126.769
143.458
127.453
126.554
127.155
127.146
126.804
126.778
142.012
129.134
127.23
127.2
126.815
127.968
126.568
142.499
128.728
127.21
126.578
127.918
126.794
128.301
140.45
138.397
127.314
127.071
126.608
127.611
127.58
140.99
130.551
128.265
126.036
127.835
126.987
128.887
133.625
130.625
127.882
128.198
126.512
127.252
128.623
139.192
129.399
127.738
127.958
127.151
127.032
128.081
127.209
144.757
128.074
127.591
127.79
126.65
127.35
128.223
143.003
127.086
126.442
128.194
126.836
127.871
127.247
135.588
128.867
127.909
127.176
128.679
127.68
128.65
142.684
128.863
126.992
127.844
127.366
127.543
128.018
142.635
129.098
127.948
127.019
127.795
127.968
128.162
140.67
130.087
127.782
127.502
126.796
126.717
126.12
131.618
130.476
127.7
126.752
127.32
127.116
128.051
138.269
131.495
128.362
128.369
126.488
133.78
130.53
127.697
132.309
128.761
127.29
127.302
126.337
127.958
127.326
144.3
127.362
127.702
127.33
126.342
126.43
127.401
140.635
129.38
127.598
127.35
127.513
127.05
127.266
139.692
128.368
128.208
127.782
127.797
127.555
127.2
141.492
129.11
127.173
128.175
126.762
128.097
128.232
141.669
129.946
127.939
127.726
127.447
126.788
127.579
145.837
132.767
126.581
128.216
127.714
127.146
126.261
139.627
131.732
128.012
126.821
127.988
127.184
127.097
126.852
130.805
128.58
127.158
127.877
128.416
127.868
127.393
140.716
128.96
127.924
127.82
127.914
128.463
127.146
141.415
128.228
128.111
127.124
128.544
127.189
126.827
139.29
127.627
126.932
129.067
127.033
128.246
127.892
142.205
128.091
127.189
127.14
127.364
127.763
127.762
140.148
130.377
127.665
126.959
126.59
127.958
127.192
131.588
128.674
126.766
127.585
127.459
126.635
129.138
139.681
130.437
127.326
127.985
127.703
127.859
126.662
128.517
144.614
128.486
127.193
128.006
128.102
127.72
127.486
143.292
127.925
127.65
126.337
127.788
127.892
128.057
135.192
129.498
127.138
127.939
127.387
127.966
126.866
143.095
129.197
128.36
127.326
127.684
127.667
127.429
141.368
131.056
128.524
127.681
127.47
127.942
127.341
140.867
130.755
128.148
127.432
128.379
128.085
128.256
130.616
131.881
128.797
128.026
126.641
127.483
127.076
139.336
129.844
128.837
127.722
126.938
126.443
127.037
127.398
144.259
128.089
128.362
126.469
125.555
124.613
126.59
140.496
127.764
128.145
127.628
127.795
127.466
126.313
141.022
126.713
126.205
147.011
171.784
129.432
119.64
135.2
119.39
119.085
118.866
118.027
118.728
118.698
128.319
121.116
118.77
118.668
118.432
117.772
118.229
118.725
132.036
118.602
117.533
117.033
117.877
117.762
117.609
117.237
133.472
119.851
119.567
118.574
120.219
119.197
117.923
120.249
119.741
117.916
117.603
117.228
117.257
117.659
117.168
132.333
121.082
118.906
119.607
119.199
117.907
118.653
118.33
133.977
119.527
119.267
124.178
133.101
129.533
118.484
143.605
123.239
117.632
118.948
119.306
119.471
119.047
119.145
141.676
118.929
119.312
118.638
117.772
118.084
118.238
135.97
123.477
119.409
119.602
118.68
118.241
118.662
118.301
135.461
119.404
118.484
118.298
118.181
118.792
118.227
133.459
127.092
117.625
117.051
117.04
117.452
116.936
116.4
137.305
119.142
116.984
117.559
117.555
117.058
117.047
117.022
134.24
118.123
116.974
117.513
117.269
117.227
116.662
128.041
124.213
119.855
118.104
118.758
117.867
118.537
118.638
139.788
124.996
119.401
118.815
118.277
119.15
118.345
118.646
139.079
121.271
119.296
118.758
129.248
118.625
117.786
134.138
121.443
119.405
119.014
118.484
118.504
119.146
117.389
129.853
119.874
118.56
118.645
117.462
117.706
117.954
129.916
129.062
119.994
119.456
118.734
117.946
118.646
118.261
133.11
119.909
118.739
118.611
117.977
116.835
118.316
118.331
133.609
118.782
118.16
119.751
118.364
118.053
118.457
134.085
123.8
119.185
116.623
119.79
118.06
116.637
118.731
142.749
122.884
119.624
119.266
120.151
118.966
118.948
130.658
121.501
119.768
119.466
118.845
119.342
119.094
118.261
130.053
121.185
118.999
118.598
118.027
117.936
118.734
118.401
131.149
120.244
118.768
119.067
119.197
119.745
117.528
129.783
121.234
118.444
117.742
118.695
118.665
120.512
118.434
131.421
120.209
119.356
118.966
118.851
118.227
119.299
119.236
133.389
118.624
118.231
118.358
118.43
118.85
118.881
133.799
122.859
119.545
118.69
118.936
118.568
118.655
119.458
131.496
118.703
119.447
119.393
118.715
119.32
118.678
119.078
126.312
118.091
117.381
117.248
117.538
117.413
116.941
127.911
120.192
117.552
117.308
117.001
116.405
117.87
116.8
150.414
145.121
144.63
152.299
155.579
152.741
164.636
146.973
129.181
128.45
128.825
128.378
128.133
148.998
128.684
128.556
128.26
127.993
128.898
126.324
143.327
127.665
129.587
128.359
126.783
126.656
126.699
162.445
163.025
138.512
134.724
176.569
180.235
192.226
184.743
178.593
178.33
177.732
179.674
179.804
180.842
175.147
175.936
189.945
181.179
178.656
179.173
176.828
188.581
182.559
178.364
178.782
176.139
176.078
191.025
177.841
178.074
177.735
176.502
191.359
181.45
176.909
177.955
176.436
194.533
181.45
176.949
176.786
177.724
196.569
179.582
176.662
182.604
176.542
181.407
178.446
176.277
175.702
179.057
180.508
180.34
177.571
177.805
178.105
143.155
147.271
137.855
131.952
130.956
131.545
130.459
131.69
146.674
133.45
131.274
131.113
130.229
146.76
177.998
154.489
142.793
142.862
176.119
175.093
188.073
178.837
177.009
177.102
176.651
190.762
180.037
179.22
176.863
176.992
179.255
220.942
188.387
177.396
177.105
177.225
193.246
181.098
177.406
179.473
178.351
207.294
180.089
176.326
177.503
177.245
181.5
176.264
178.471
177.072
175.882
209.056
177.71
181.004
175.991
178.722
191.752
179.003
179.716
177.076
178.048
189.208
177.536
176.2
178.721
176.814
177.278
233.04
199.127
196.793
197.533
197.595
203.532
199.966
198.549
201.642
215.621
193.427
197.326
201.987
201.606
214.673
199.004
193.635
201.195
204.637
200.694
200.185
200.462
198.519
211.331
202.652
193.954
198.109
194.025
205.461
201.74
200.046
199.778
205.729
198.014
192.782
194.02
197.797
199.662
200.989
200.029
201.309
202.092
211.478
199.067
199.163
193.978
198.837
215.703
200.676
197.189
193.533
201.53
198.805
202.275
195.291
193.62
211.698
199.356
204.135
195.575
193.382
199.214
200.473
199.893
193.98
195.007
205.834
193.289
194.197
198.817
203.621
199.255
197.857
204.167
198.579
199.725
199.73
193.792
193.557
193.948
211.067
199.896
194.309
197.437
208.474
199.728
199.146
200.642
196.965
212.783
195.547
140.861
197.309
199.201
211.455
141.996
143.574
172.287
195.114
166.776
154.372
127.11
128.356
128.846
129.83
127.869
128.183
133.887
128.613
125.472
126.324
127.718
128.071
126.065
140.975
125.259
125.526
126.461
125.763
125.419
125.943
140.72
126.716
125.235
127.099
125.629
127.151
125.477
159.821
125.573
123.916
124.777
124.603
126.031
125.89
139.872
124.861
124.196
125.245
123.896
125.455
127.767
139.282
128.714
125.62
124.079
125.035
125.069
126.579
127.658
130.327
125.542
124.845
125.109
124.787
127.326
126.522
146.619
127.21
127.568
125.938
127.855
125.306
126.298
149.298
127.266
126.516
127.361
126.771
127.211
126.986
140.032
127.999
126.632
126.91
126.03
126.428
127.434
143.77
146.939
134.491
132.052
131.947
132.794
132.051
153.916
135.66
133.664
131.789
133.183
132.974
144.897
138.274
137.85
160.496
137.432
132.716
130.685
143.664
131.139
128.295
128.235
127.789
127.106
127.183
139.685
128.497
122.774
121.339
120.969
120.647
120.212
120.827
142.066
128.493
125.248
126.076
126.315
126.054
125.293
136.238
124.737
123.844
122.668
124.275
136.687
169.496
170.475
148.747
144.13
144.51
145.954
145.439
161.436
149.15
145.34
144.948
144.487
145.502
143.761
159.959
144.473
143.353
143.638
143.121
144.939
156.918
145.201
145.39
144.969
144.353
143.378
148.635
147.04
144.342
143.194
144.808
144.209
143.945
151.537
146.113
143.671
144.703
143.682
144.242
158.388
138.073
133.144
132.062
131.411
131.822
131.149
148.716
133.281
131.878
131.471
130.894
130.407
130.625
145.901
133.742
131.11
131.639
130.923
131.186
131.023
142.662
134.403
135.113
145.145
131.17
129.726
129.725
148.653
132.415
129.732
130.461
128.857
129.762
129.435
140.767
132.637
130.044
129.041
129.805
129.745
132.702
148.71
134.08
129.609
129.783
129.772
128.637
128.933
139.531
129.777
126.09
126.641
125.612
125.281
123.798
125.413
145.759
130.49
129.565
129.783
129.393
128.99
129.505
145.234
133.292
132.1
131.961
130.776
132.076
130.2
143.881
132.222
131.233
131.116
132.59
130.234
130.427
148.445
128.278
127.07
127.537
128.22
127.971
128.072
144.433
132.918
131.276
131.708
131.225
131.754
131.239
147.217
133.485
131.564
131.203
132.92
131.412
132.499
148.094
133.806
131.276
131.838
130.845
131.457
131.119
143.805
134.503
131.05
130.999
130.975
143.543
133.486
147.514
132.816
131.185
131.173
131.301
131.631
131.384
146.181
133.932
131.907
131.171
133.191
131.733
131.245
147.431
133.823
131.793
131.396
131.614
131.188
131.037
147.107
133.5
131.113
130.893
130.511
131.001
130.948
143.124
134.776
131.724
131.48
131.269
131.732
131.008
143.356
134.106
132.111
131.672
131.587
131.317
131.152
136.974
135.849
132.288
130.986
130.659
130.694
131.54
146.532
136.506
132.138
131.62
130.261
130.511
130.535
145.543
134.831
132.543
132.262
131.203
132.012
131.32
146.087
133.925
130.769
130.263
130.746
130.625
131.53
144.74
134.247
131.784
131.577
131.023
131.624
130.809
139.056
135.597
132.81
132.496
131.362
131.2
130
137.666
132.544
131.398
131.056
131.032
130.4
130.602
130.448
143.139
131.212
131.346
131.224
130.4
130.599
131.456
143.561
131.512
130.782
131.428
131.392
131.269
130.836
146.227
131.374
132.067
132.021
131.256
131.353
130.625
143.272
132.559
131.233
130.662
132.145
131.05
131.356
138.98
131.753
132.035
131.51
131.37
130.684
131.637
134.013
131.631
131.386
131.127
131.269
131.329
130.94
148.997
132.629
132.213
131.476
131.362
131.717
131.11
147.588
131.922
132.687
131.152
131.488
131.939
131.344
146.518
132.701
131.44
132.331
130.866
130.538
131.435
146.024
132.148
131.236
131.058
131.254
131.293
131.173
146.652
133.733
131.029
131.041
131.36
131.366
131.714
146.43
133.645
131.417
132.277
131.681
131.54
132.53
147.035
133.876
131.212
131.879
131.534
131.005
130.571
147.497
133.027
131.898
131.688
130.605
130.888
130.662
143.206
134.411
131.389
131.161
131.439
130.849
131.513
143.79
134.5
132.096
132.352
131.055
131.667
131.705
135.757
134.508
132.445
131.37
131.135
130.788
131.721
158.364
143.099
133.85
135.213
133.852
134.066
133.365
149.369
135.154
131.173
132.154
131.901
131.818
133.57
150.144
167.421
203.521
204.8
207.671
219.141
208.056
205.403
206.429
180.501
190.536
204.431
201.76
176.383
141.241
183.184
204.955
207.956
205.322
218.062
207.789
204.911
208.223
210.188
220.714
208.672
205.846
204.113
207.168
193.903
205.744
204.412
205.542
221.49
207
205.335
205.957
206.378
214.251
204.543
206.06
206.312
208.131
208.152
205.484
206.277
208.317
219.87
209.067
208.08
205.62
220.775
212.938
205.31
205.454
206.442
213.151
201.876
205.479
206.796
208.093
233.691
207.544
205.152
205.636
218.962
206.234
208.651
207.184
204.868
218.645
213.563
205.243
205.817
219.445
206.7
203.094
207.98
206.923
214.008
204.648
205.617
206.245
220.721
208.254
206.609
208.197
205.587
213.7
207.133
207.374
206.117
208.543
202.278
205.629
212.678
206.482
221.145
204.273
205.433
207.571
208.712
208.297
205.837
206.174
201.71
218.275
202.713
208.312
203.266
208.461
222.585
221.629
210.621
179.681
156.571
180.504
207.477
205.81
211.357
230.03
260.825
211.294
207.296
201.45
207.5
236.946
261.31
268.753
219.785
234.647
236.182
265.845
262.956
261.256
267.188
221.167
206.246
205.738
211.33
206.731
206.342
208.193
207.065
211.239
207.031
205.601
206.367
224.798
208.32
206.085
208.193
209.33
223.549
209.269
208.009
206.439
218.455
208.488
206.379
208.03
180.992
214.563
202.683
204.659
205.311
210.764
213.26
262.906
260.895
268.981
262.285
263.573
278.589
265.012
263.48
266.02
240.647
264.09
235.586
271.239
263.175
234.505
238.125
261.079
237.34
209.506
168.054
242.799
261.563
237
224.026
259.391
236.641
208.651
253.383
242.653
207.706
193.434
213.696
207.326
201.7
236.505
199.865
161.578
155.641
137.227
133.552
132.345
144.548
131.795
129.809
132.506
131.129
130.559
130.11
140.482
131.197
129.11
132.371
130.533
130.012
129.323
146.046
133.416
129.765
129.254
133.218
130.768
130.648
145.468
133.894
132.848
130.953
130.611
129.411
129.903
145.037
135.588
130.988
129.766
129.077
129.946
129.484
142.334
137.429
131.109
130.461
129.573
129.705
132.908
139.188
132.172
130.171
130.711
129.257
129.685
130.345
130.341
143.396
130.92
130.373
130.114
129.72
130.123
130.091
142.651
130.375
129.692
130.758
129.872
129.468
129.245
147.67
131.581
159.16
137.875
129.916
128.771
139.684
157.489
131.2
126.508
126.104
126.848
125.673
124.958
139.48
127.922
127.605
125.207
125.422
125.492
127.248
142.965
129.205
125.97
125.873
125.426
126.12
126.883
148.359
132.914
127.597
126.107
126.869
125.301
126.108
125.562
137.95
128.136
127.526
127.166
127.223
126.871
126.294
140.683
128.513
126.505
126.285
126.842
126
126.112
138.722
128.425
127.66
126.725
126.096
125.326
125.839
143.162
132.83
127.013
127.397
126.602
126.688
125.509
125.856
152.48
129.315
126.247
127.41
126.324
126.662
126.618
138.762
129.474
128.108
126.975
125.902
125.088
125.409
138.647
127.895
126.261
125.439
125.986
125.569
127.477
138.076
133.324
127.455
126.515
126.41
127.032
126.03
127.708
145.552
129.82
126.859
126.902
125.886
131.339
129.961
145.443
128.349
126.327
127.046
125.535
126.126
126.428
140.249
126.854
127.187
125.191
126.622
125.716
125.475
138.183
130.475
126.432
125.99
125.622
126.758
125.869
125.095
137.044
128.644
126.224
125.988
125.533
125.319
125.282
140.004
128.223
127.218
125.602
125.676
125.796
126.545
138.036
132.499
126.796
126.805
126.915
125.693
126.657
126.892
139.312
127.6
125.937
126.842
126.921
125.563
125.546
140.737
127.597
126.16
125.477
126.015
126.337
125.514
140.81
131.702
127.619
126.838
126.028
126.193
126.984
125.969
131.393
126.935
126.261
126.525
126.057
125.297
126.033
137.297
125.981
126.494
125.352
126.337
125.579
125.712
143.765
136.216
127.07
127.055
126.505
125.933
126.307
135.549
129.669
127.128
125.948
126.649
126.478
126.315
126.009
136.674
127.229
126.37
126.053
127.251
126.846
125.341
139.846
126.842
125.815
125.167
124.983
126.304
125.723
135.173
128.767
126.899
126.414
125.796
125.712
126.701
125.378
135.363
127.588
126.793
126.445
126.277
125.639
126.861
139.591
127.757
126.052
126.641
125.95
126.652
125.985
138.738
128.5
126.15
125.876
126.517
125.669
125.528
125.519
137.055
128.619
126.569
126.477
126.22
126.675
125.916
139.444
127.253
126.793
125.943
126.157
126.442
126.13
137.579
130.12
126.105
126.077
126.073
125.323
126.762
126.995
139.22
127.637
127.048
125.969
125.772
125.302
126.424
140.232
127.494
126.098
126.259
125.805
126.551
125.061
143.808
130.728
126.334
125.936
127.303
126.668
126.296
126.766
140.21
127.35
125.342
126.036
125.385
125.956
125.596
140.198
126.685
126.809
125.793
125.56
126.405
126.317
136.503
127.724
127.284
126.193
125.84
125.315
126.493
125.371
142.86
127.44
126.634
126.472
126.276
125.561
125.922
137.84
125.746
125.699
126.634
126.163
125.432
124.4
136.627
127.582
125.896
126.207
124.857
125.555
125.956
126.144
139.297
126.89
126.521
125.687
125.859
126.355
125.953
142.355
126.451
126.473
125.983
125.468
126.859
126.478
136.595
125.846
125.673
126.163
125.84
126.351
126.345
125.739
144.469
125.893
126.53
125.753
125.615
125.461
126.948
138.797
127.274
125.071
127.673
125.84
125.846
125.255
136.258
127.579
126.084
125.14
126.629
125.902
126.287
126.3
132.586
127.687
125.874
126.47
125.799
126.585
125.379
136.683
127.059
126.109
125.817
125.615
125.92
125.555
136.707
126.492
126.013
125.82
126.5
124.421
126.641
125.08
143.721
127.016
127.287
126.263
125.311
125.347
127.029
141.297
126.27
125.285
126.247
125.949
125.653
125.384
137.231
127.092
126.143
125.622
125.131
125.028
125.074
125.155
143.068
126.942
125.477
126.186
126.977
125.142
125.511
142.22
126.244
126.413
126.089
125.589
126.739
125.071
137.402
127.447
126.35
125.689
126.049
125.552
125.72
125.613
133.432
126.517
126.869
125.898
126.517
126.517
126.635
141.79
126.29
125.817
125.339
125.267
126.03
125.688
136.099
127.1
125.72
126.108
126.084
125.381
124.968
125.682
141.15
126.498
126.009
126.079
126.815
125.79
125.856
142.451
126.559
126.635
126.467
126.109
126.317
125.275
136.286
126.722
125.775
125.245
125.501
125.695
127.491
126.357
133.351
126.912
126.611
126.201
125.746
125.092
126.66
141.171
125.676
125.358
126.187
125.362
126.123
124.964
136.219
126.524
125.718
125.889
126.638
126.718
125.92
125.405
142.789
126.765
126.084
125.074
125.125
125.476
127.313
142.09
126.623
125.631
126.034
125.254
125.93
126.381
136.476
126.4
126.451
127.627
126.442
125.601
125.349
126.193
146.256
135.54
132.536
131.738
132.202
132.046
166.908
134.672
133.071
130.049
130.264
130.611
130.983
141.998
135.553
131.567
131.014
129.733
130.003
129.623
137.186
132.95
131.491
129.679
130.057
130.022
130.003
131.497
148.438
137.458
138.416
138.541
138.565
139.163
177.704
157.719
155.445
154.507
154.612
154.702
163.096
157.659
155.442
156.04
155.49
156.767
168.233
207.614
157.699
135.747
130.639
130.205
142.116
131.445
129.446
131.211
129.365
129.436
129.193
142.495
130.224
129.971
129.319
131.14
130.177
129.789
133.777
130.185
129.191
129.018
129.663
128.533
129.031
144.958
130.482
129.084
129.154
129.183
128.115
129.493
154.185
132.727
129.102
129.619
130.011
130.113
128.581
144.823
129.586
128.634
127.921
129.325
129.406
129.481
146.748
131.418
128.382
128.675
128.888
129.757
128.587
143.01
132.704
128.227
128.193
128.15
128.631
128.885
142.598
132.287
130.619
129.689
128.609
128.169
129.241
141.025
130.414
129.559
162.781
144.371
131.866
131.921
148.206
132.823
130.064
129.481
129.593
130.622
129.661
147.915
173.181
172.711
173.491
141.001
130.315
144.398
129.788
129.728
129.966
129.823
129.388
130.146
144.222
132.366
129.667
129.56
130.573
129.814
130.062
145.88
131.444
130.18
129.111
130.895
129.911
130.385
144.458
130.926
128.982
159.461
167.434
153.599
162.041
152.541
152.105
149.911
148.329
148.403
158.913
152.61
149.502
149.686
149.183
151.03
147.701
156.123
148.494
148.222
148.968
148.026
149.09
164.158
149.376
149.78
147.395
149.734
146.886
164.095
166.735
153.802
150.703
151.068
150.526
167.14
148.55
147.46
149.064
151.879
196.31
188.446
173.068
175.287
188.08
197.3
195.974
178.269
175.819
176.928
170.913
166.068
140.784
137.115
135.331
137.094
133.718
135.258
142.201
143.588
179.833
174.465
173.968
186.143
174.986
173.994
172.3
175.879
172.608
225.763
225.566
225.616
187.572
198.344
179.041
179.809
177.277
179.638
197.24
175.331
172.889
175.768
175.801
189.285
221.12
219.234
180.651
189.821
186.088
180.122
177.003
180.293
196.845
180.237
148.198
140.465
135.662
135.27
136.437
153.242
161.857
143.265
136.669
130.669
130.059
150.745
170.815
175.251
176.165
176.447
183.581
150.342
178.655
177.629
176.249
176.183
193.46
174.201
176.357
176.29
176.23
190.121
175.569
172.123
171.962
172.43
201.061
188.371
158.29
148.218
146.949
145.84
161.814
145.219
145.436
146.446
145.279
145.683
158.112
147.568
146.251
145.42
166.699
179.097
184.982
181.998
178.629
178.324
180.544
195.794
183.231
180.005
180.985
179.619
193.8
184.32
179.722
179.127
181.852
206.853
189.019
180.69
179.86
182.275
192.8
187.773
180.281
180.553
181.991
195.187
184.321
180.143
181.857
179.885
194.476
185.647
180.29
181.65
181.877
180.668
194.609
178.926
179.575
179.674
183.019
175.247
182.282
178.889
182.91
181.371
197.067
180.835
181.126
177.632
180.103
207.07
183.987
179.183
179.686
181.511
190.726
184.975
180.825
181.246
180.196
192.143
155.075
179.972
179.872
178.359
147.394
160.071
160.296
183.635
176.267
178.799
189.018
183.863
177.851
179.641
176.323
213.995
188.045
179.647
181.623
178.24
215.147
182.145
181.444
180.026
187.355
218.363
214.757
207.367
204.942
222.068
264.606
221.336
222.691
223.008
208.62
238.908
239.184
249.898
263.484
236.36
236.757
257.391
239.205
237.148
249.949
220.581
234.201
240.088
241.795
236.653
239.088
210.823
243.366
238.134
221.061
221.33
224.358
203.657
238.127
238.407
258.953
239.159
237.085
260.308
220.415
205.525
235.006
249.857
236.517
221.276
206.289
237.738
166.251
247.288
203.79
216.4
210.302
195.725
200.541
200.36
219.202
203.578
199.368
200.521
201.026
219.716
200.571
193.908
200.05
200.294
202.318
201.788
200.496
198.793
215.608
199.966
199.683
193.67
196.14
211.288
200.456
203.515
194.318
204.628
201.933
200.977
204.157
193.452
212.761
198.946
200.79
199.071
200.463
210.877
201.427
202.236
201.98
203.547
198.516
199.445
194.416
195.565
215.684
198.874
197.7
203.701
195.584
205.242
199.683
200.458
205.153
207.538
201.322
198.436
201.62
208.163
213.587
200.945
201.329
201.202
204.119
211.109
200.941
197.594
202.282
206.826
199.764
194.324
199.69
221.526
200.464
181.172
150.281
136.627
130.699
131.341
144.284
131.929
130.661
129.98
129.734
130.031
129.094
139.793
137.172
131.448
129.839
130.211
129.036
130.444
132.795
133.159
131.153
130.763
129.91
130.215
130.429
146.351
137.948
131.38
130.783
131.175
130.271
129.542
140.368
132.931
131.283
130.104
130.235
130.684
129.49
134.378
132.64
130.929
130.712
130.318
128.744
130.649
142.937
136.82
130.513
131.271
130.558
131.323
130.771
143.377
136.359
131.207
129.626
130.843
130.962
130.483
133.797
132.798
129.469
129.887
130.432
130.362
129.607
143.929
134.146
131.469
129.935
130.248
130.395
130.2
142.654
133.379
132.23
130.72
129.572
130.24
130.068
143.682
137.445
133.307
130.53
130.633
129.909
129.619
132.635
133.934
131.975
132.125
130.324
131.68
129.948
142.092
134.074
130.927
129.897
130.867
131.144
130.907
132.48
132.835
129.319
129.546
128.967
128.922
149.154
187.737
145.392
133.096
130.352
130.144
130.662
130.439
142.678
128.63
127.885
128.329
128.829
128.143
128.212
141.496
128.889
128.11
127.517
128.303
127.772
129.06
138.368
132.311
129.583
127.674
128.29
129.058
128.69
137.667
130.609
129.262
129.59
128.323
127.472
132.657
161.925
153.773
141.326
141.262
150.669
147.668
150.112
163.418
147.315
146.85
139.163
141.612
146.105
174.992
180.781
147.565
140.928
152.026
156.968
165.968
150.639
145.409
150.78
154.014
146.432
164.855
155.225
142.382
135.252
135.294
135
146.763
143.746
137.824
135.199
135.945
134.206
134.462
145.497
150.375
148.284
147.497
143.087
134.231
146.654
137.265
135.599
137.202
138.521
134.187
134.91
147.772
139.228
134.555
134.299
133.639
134.676
134.588
150.845
143.641
140.195
135.867
134.77
133.526
135.22
139.18
135.121
135.318
135.429
134.197
133.36
141.076
137.244
160.097
145.758
130.649
127.277
127.196
148.153
130.786
127.14
127.701
129.095
126.109
125.523
146.907
129.469
137.376
148.825
142.958
140.471
141.452
173.568
156.961
154.332
152.169
156.062
173.924
159.268
154.213
153.249
152.891
155.217
184.278
151.759
141.349
120.958
118.118
117.758
117.193
135.291
164.442
142.025
132.333
133.797
134.859
131.545
144.537
145.029
144.364
144.821
139.1
130.465
142.683
147.357
139.106
143.584
144.11
140.239
141.857
146.079
138.959
143.963
138.98
131.12
131.036
148.333
145.248
144.423
144.487
144.512
150.522
188.878
177.229
172.342
143.806
140.43
192.931
174.773
171.587
179.958
143.598
139.253
175.895
174.682
172.958
175.578
142.351
176.962
176.013
173.539
172.544
173.737
141.575
186.892
175.497
175.926
172.186
143.888
187.532
176.43
181.139
175.618
177.386
152.811
180.092
173.454
173.325
171.828
143.076
190.756
175.532
172.931
175.802
175.565
158.863
145.193
141.503
142.508
140.765
174.42
180.435
176.868
175.896
175.899
174.93
177.069
164.996
158.766
159.661
141.531
135.919
135.831
147.156
140.349
136.623
134.525
134.652
135.143
134.23
150.972
137.456
135.794
133.525
135.486
135.855
134.593
145.513
135.552
134.836
134.611
134.86
133.341
134.881
148.127
147.27
147.263
148.751
149.051
159.056
147.349
147.863
146.169
147.948
162.645
149.59
147.95
147.01
146.785
149.253
150.666
147.154
146.658
146.75
147.475
154.983
146.695
146.576
147.852
146.909
162.428
149.873
148.279
147.376
147.875
148.077
150.886
148.612
146.51
146.077
147.18
162.802
148.132
148.516
147.346
146.958
189.991
153.944
134.666
132.835
131.716
131.618
132.708
145.145
133.617
132.153
131.515
131.06
131.286
132.137
146.705
132.755
132.236
131.939
132.199
131.391
131.224
146.389
132.39
132.11
131.798
131.509
132.504
131.491
145.331
129.99
138.17
155.011
136.2
132.357
144.465
158.983
138.956
180.468
138.774
132.443
130.625
144.784
131.622
131.292
130.288
132.416
132.333
131.996
143.976
132.597
130.573
130.946
130.004
132.386
131.989
142.94
132.356
131.886
131.915
131.394
131.497
131.748
133.906
129.156
127.522
126.543
126.979
125.702
127.06
150.685
132.597
127.755
126.391
125.16
126.031
126.868
134.956
127.334
124.129
124.941
125.249
124.08
124.954
125.459
130.213
125.657
125.614
125.721
124.319
124.461
125.575
139.09
124.874
125.238
125.218
124.922
124.942
125.46
140.637
125.794
125.466
124.32
125.034
125.041
125.154
139.614
128.978
125.265
125.075
124.958
125.506
125.253
137.335
128.293
125.011
125.055
124.56
125.624
124.691
124.648
139.373
126.028
124.966
124.888
124.194
124.881
125.071
140.389
126.566
125.577
124.459
125.39
124.176
125.724
139.491
127.976
125.673
124.798
125.609
123.097
123.437
136.874
127.816
123.968
123.321
123.475
165.102
136.234
133.944
129.76
127.044
128.936
127.387
128.982
127.033
139.623
127.461
127.725
128.51
127.367
127.768
127.812
140.068
128.757
125.093
126.071
129.34
128.159
124.648
125.055
143.039
126.289
125.356
126.308
125.58
125.894
125.905
140.04
125.873
124.426
125.917
126.221
126.268
125.927
131.497
124.573
126.585
124.627
125.232
125.894
125.86
140.787
127.589
125.492
125.526
124.39
125.135
125.577
128.864
129.84
124.991
125.997
125.037
125.426
125.145
127.447
139.599
126.753
122.03
123.701
123.424
139.845
149.683
150.952
148.54
149.037
143.646
149.394
149.163
167.328
150.532
151.157
139.852
125.469
130.215
138.429
122.642
116.977
116.309
117.322
117.506
117.115
116.47
171.388
121.834
117.025
116.58
117.491
116.287
115.771
132.775
125.192
117.018
116.305
116.464
117.105
117.295
116.019
129.941
118.392
115.906
116.39
116.819
116.396
116.888
114.986
131.653
118.489
115.779
115.154
116.628
114.625
116.022
115.954
163.346
151.057
127.863
126.121
126.757
126.195
137.58
128.503
126.277
125.824
125.449
124.924
125.171
125.726
142.086
126.06
126.97
125.473
126.292
125.166
124.341
168.835
143.44
138.044
135.574
141.221
175.657
193.791
176.324
177.199
149.448
140.155
136.988
157.653
137.809
137.788
136.339
135.316
165.204
188.936
171.956
171.782
172.287
189.306
271.75
257.006
258.553
224.537
257.909
220.036
217.067
236.982
221.426
177.665
176.274
171.698
186.584
174.027
172.968
173.829
173.231
182.882
220.822
178.019
173.225
173.38
184.187
220.81
222.298
177.444
173.278
190.551
172.418
171.068
173.612
170.082
187.852
220.511
218.572
218.495
237.291
174.476
169.649
173.5
172.547
159.947
138.986
138.079
158.211
174.829
175.22
189.83
173.145
175.613
181.505
173.944
190.592
177.222
175.632
171.905
175.539
175.231
193.616
174.191
175.602
173.328
176.074
188.377
174.886
144.469
142.407
173.112
171.436
177.944
145.631
163.712
190.575
176.032
190.763
175.908
176.402
173.688
173.769
185.777
176.305
173.391
173.124
173.925
174.956
176.71
174.073
173.891
172.61
182.915
176.486
176.091
172.569
173.081
174.792
177.224
172.62
173.135
173.787
177.481
179.062
175.937
173.712
172.725
173.338
187.624
174.965
176.506
173.967
173.6
163.033
140.4
132.803
133.177
131.627
133.222
131.106
144.031
135.44
131.805
133.014
132.797
132.228
132.045
141.965
136.493
133.029
133.032
133.154
162.602
173.215
178.458
173.532
147.407
221.766
201.204
183.826
146.665
133.174
129.609
129.107
128.379
139.651
130.253
128.823
128.235
127.587
127.928
126.689
140.244
129.007
128.168
127.41
126.635
126.893
128.318
144.869
135.591
132.109
132.59
131.392
132.783
132.118
147.602
133.552
131.518
132.806
131.269
131.32
131.427
147.032
133.266
131.988
131.558
142.942
131.513
130.016
158.653
177.536
172.636
174.665
139.968
129.329
145.963
131.875
130.365
130.5
129.97
127.253
127.434
150.221
132.556
129.159
128.954
128.913
128.02
126.877
142.883
131.731
128.747
128.353
128.697
128.102
127.402
150.499
134.582
130.444
128.52
129.572
127.334
127.307
147.625
133.869
131.054
129.927
129.118
127.326
127.197
147.655
132.567
132.825
129.937
130.958
130.405
130.459
145.355
134.071
131.668
132.122
131.668
130.726
130.993
148.561
132.578
129.869
128.671
129.754
127.367
126.977
145.039
132.874
130.119
131.703
130.453
131.133
159.999
165.268
135.679
133.315
132.757
131.237
131.627
142.458
136.073
133.884
132.582
130.54
133.189
131.962
150.73
135.769
135.114
135.22
132.303
130.649
132.176
144.877
137.697
132.227
134.068
132.282
132.494
130.934
136.553
143.638
133.425
129.243
131.702
129.73
130.789
140.684
133.56
129.773
131.413
130.823
130.512
130.413
145.553
133.509
132.356
130.267
130.443
130.646
131.003
146.335
133.896
131.635
131.655
130.294
131.24
129.934
144.959
133.289
130.895
130.281
131.433
129.429
130.492
139.869
135.289
130.996
131.397
129.757
130.649
129.707
130.686
131.893
131.075
129.418
130.856
128.763
130.381
129.815
144.073
129.941
130.894
131.084
130.713
130.023
131.471
141.328
131.246
130.846
131.779
131.076
130.732
130.321
144.525
132.132
130.085
130.744
131.812
130.155
131.267
146.268
131.721
130.699
131.124
131.288
131.586
129.004
145.7
129.365
130.398
128.78
129.753
129.567
128.949
150.589
154.302
134.647
131.277
131.151
131.524
129.784
144.856
131.177
131.199
129.66
130.139
129.953
131.111
145.535
131.865
129.974
130.481
130.251
131.285
130.629
144.998
131.372
130.796
130.976
131.084
129.553
131.261
144.393
132.724
130.943
130.723
129.64
130.655
129.268
143.22
132.427
130.762
130.292
130.853
129.821
130.188
144.109
133.759
129.64
131.199
132.236
131.184
129.632
144.551
132.207
130.532
131.149
131.315
129.87
130.563
143.394
133.686
130.082
131.187
130.751
130.886
128.804
141.152
132.979
129.984
129.302
130.215
129.306
130.415
129.559
146.796
130.125
130.019
128.694
130.894
129.656
130.681
145.484
131.515
129.839
130.432
129.165
132.025
129.475
143.399
130.354
132.113
130.15
130.115
128.796
130.83
148.231
131.208
130.251
130.501
130.095
129.904
128.898
141.846
131.325
131.003
130.401
130.476
129.871
130.254
142.137
131.328
132.78
131.755
129.854
130.729
130.155
143.478
127.965
177.556
147.936
134.819
131.631
148.892
133.763
131.929
129.486
131.377
130.389
131.321
144.981
138.092
131.88
130.815
129.821
130.35
131.174
133.653
131.157
129.971
129.933
129.93
129.48
130.68
144.607
132.82
129.689
129.659
129.653
128.284
128.516
141.097
133.824
130.357
129.158
130.949
129.124
130.127
141.424
133.233
130.179
130.495
129.278
130.732
129.064
139.782
133.516
130.15
129.607
129.075
128.82
129.266
140.329
133.031
129.756
130.098
129.914
130.562
128.154
129.121
137.987
131.439
130.317
129.46
130.011
129.475
128.617
134.741
131.905
129.944
129.217
129.485
129.852
131.097
133.659
130.225
129.607
129.409
129.121
130.408
129.215
147.865
130.025
130.379
129.133
129.084
129.804
132.005
146.696
130.411
130.362
130.377
129.71
129.623
129.512
146.126
130.254
130.715
130.913
129.914
129.412
129.193
146.739
131.052
129.898
130.65
130.562
130.323
129.8
144.352
128.404
128.339
168.297
147.445
132.222
133.743
132.23
131.154
128.978
129.303
129.733
129.385
142.212
131.856
129.034
128.976
128.831
129.138
129.613
141.83
132.342
127.24
126.508
126.305
125.422
126.465
124.711
150.632
129.318
128.293
127.156
147.577
144.389
142.092
136.103
128.197
127.517
126.402
125.228
125.546
126.134
143.848
126.352
126.429
126.047
125.607
125.072
125.487
137.804
127.124
125.553
124.705
125.927
126.115
125.857
138.834
128.57
126.672
126.504
125.529
126.02
125.723
144.66
131.949
127.256
126.314
128.14
126.485
126.17
125.971
131.989
126.888
126.937
126.7
126.446
125.607
126.161
142.569
127.117
126.895
126.545
125.322
125.73
126.416
139.075
130.395
127.198
127.25
125.965
126.083
125.31
142.502
132.36
127.301
127.628
126.396
125.925
124.906
142.696
133.398
125.984
125.994
127.042
125.551
125.62
125.527
129.346
126.104
126.339
126.987
126.618
125.526
125.831
145.964
129.446
126.454
124.69
125.662
164.071
168.519
140.13
132.892
127.578
127.517
125.382
125.733
126.117
146.479
126.778
126.155
126.251
125.873
125.472
126.575
138.052
126.937
125.218
125.847
126.917
126.319
126.211
139.066
128.851
126.528
125.692
125.727
125.87
127.007
125.753
129.827
127.866
125.519
125.048
125.393
125.172
126.11
136.867
128.065
127.139
125.536
124.65
125.594
124.794
137.679
127.28
126.599
125.783
126.302
124.37
126.224
124.967
142.093
123.833
123.749
123.373
123.673
123.127
137.279
177.354
138.294
133.706
132.586
131.736
131.635
133.34
137.542
133.67
132.493
132.948
133.102
134.241
141.782
136.397
133.834
134.115
133.71
134.234
134.341
137.015
136.894
133.246
133.202
133.085
132.705
134.141
145.821
139.114
135.051
133.613
134.074
133.542
134.514
144.434
135.658
134.031
134.077
133.593
133.8
133.836
146.498
134.465
133.718
133.653
133.159
133.73
133.409
146.368
134.56
132.66
131.837
132.618
132.316
132.507
162.135
159.671
137.312
132.038
131.087
130.878
130.131
147.781
144.226
132.64
131.096
130.446
131.071
139.944
133.72
131.211
131.78
130.819
130.843
129.89
154.294
139.201
132.898
130.024
130.769
132.296
130.772
144.35
134.364
131.655
129.934
130.802
131.106
130.955
145.089
132.309
132.113
130.778
131.334
130.081
131.026
145.493
133.509
131.364
132.198
130.225
131.19
130.892
144.103
132.841
131.117
131.093
131.581
131.815
131.05
135.796
175.779
172.655
172.697
172.865
191.852
178.298
174.477
173.105
175.541
172.781
186.182
174.228
179.153
176.308
179.752
168.486
136.48
133.643
137.719
133.364
131.283
131.611
148.52
133.141
131.427
130.462
131.528
132.078
131.658
139.049
132.964
130.207
131.061
131.183
130.84
140.047
135.147
131.662
131.374
131.807
131.414
132.313
145.813
139.673
133.841
131.378
131.671
130.228
131.218
152.567
134.837
161.987
144.474
133.917
130.101
130.663
151.644
132.432
130.646
130.194
130.004
130.12
129.387
145.376
130.612
129.62
130.456
129.634
129.225
129.499
145.048
130.735
130.155
129.158
130.278
129.356
129.122
151.788
131.888
129.753
129.907
129.216
129.667
131.103
145.319
134.386
135.198
130.806
130.597
129.934
129.993
145.737
131.505
129.716
129.223
127.842
129.509
129.163
144.6
130.562
128.811
128.801
129.388
129.469
129.865
141.136
131.18
129.786
129.072
129.216
129.616
128.086
134.952
128.991
129.726
129.327
130.438
131.228
129.7
147.05
130.856
130.495
130.634
129.259
129.604
130.99
145.001
172.885
172.11
173.87
177.069
177.188
178.368
172.86
175.826
174.279
172.654
187.127
176.85
174.426
174.082
170.823
188.53
175.565
173.353
173.73
175.598
186.338
174.215
171.431
216.529
193.292
187.405
175.288
175.024
183.117
160.998
159.142
162.188
140.945
135.792
135.823
175.168
176.062
178.676
174.67
176.142
199.002
202.534
198.985
196.173
201.456
215.309
198.893
196.408
203.885
208.005
198.586
196.017
199.693
199.24
202.695
198.499
179.211
172.391
177.444
176.355
176.306
201.727
199.15
231.301
200.526
195.863
198.44
195.352
198.856
196.017
198.94
211.003
199.636
180.815
172.425
173.738
195.652
179.221
199.973
198.184
178.223
188.692
175.528
175.89
198.277
179.473
198.64
175.092
174.421
177.27
211.276
203.193
200.697
199.408
199.785
184.188
167.68
157.309
140.254
174.817
188.26
174.008
141.433
154.248
178.239
159.963
160.197
155.061
154.616
154.168
154.165
166.291
158.622
152.867
151.274
153.109
150.735
168.641
159.725
152.666
152.52
151.344
151.1
161.836
156.444
151.686
152.033
149.52
153.283
162.552
157.499
151.856
157.179
155.758
156.695
167.099
157.62
152.615
151.782
150.853
156.852
173.61
162.76
