205.124
163.79
144.335
142.403
142.212
140.095
142.01
120.751
133.446
140.352
140.412
142.147
176.118
144.205
189.793
175.062
172.706
174.71
174.758
174.759
177.384
176.21
174.911
174.02
171.991
191.186
175.223
175.919
174.879
174.85
183.437
173.656
172.46
177.305
151.912
174.249
175.259
174.372
172.395
174.713
174.926
191.293
173.041
174.193
175.14
174.764
190.996
177.603
174.761
172.308
175.017
174.562
176.599
172.85
173.095
151.785
162.65
171.919
152.901
152.742
149.86
157.181
181.364
165.338
153.209
152.113
193.61
225.596
229.975
261.653
238.947
217.902
228.092
220.684
214.158
157.743
238.061
217.001
161.125
152.469
168.751
222.438
210.787
201.332
205.466
202.485
243.999
190.278
181.553
201.747
203.454
222.989
205.602
199.631
202.586
221.003
204.724
157.447
245.952
256.868
252.105
308.205
291.128
269.729
200.485
220.736
209.475
207.103
206.999
157.499
152.838
152.776
166.508
154.013
152.933
152.198
151.771
150.864
162.264
152.466
148.543
149.892
149.316
150.111
163.997
155.691
149.382
151.437
151.955
154.491
163.349
151.949
152.49
151.351
149.167
149.678
162.151
152.43
151.703
151.777
151.699
149.318
162.918
151.194
150.35
149.488
149.181
149.228
163.998
152.567
148.884
150.993
149.723
148.951
160.77
151.781
149.789
149.506
148.108
151.624
160.6
150.902
149.739
150.244
148.764
152.346
158.646
154.29
149.905
155.711
172.977
152.439
167.42
156.637
156.339
155.296
154.788
153.582
169.008
156.485
153.712
179.24
187.581
199.282
175.082
155.825
153.957
153.244
151.671
177.92
149.977
151.21
151.777
152.42
152.353
176.946
160.189
158.158
155.846
175.801
196.135
178.97
165.028
276.748
152.675
165.409
151.571
148.814
173.673
150.933
147.602
166.035
151.565
146.152
146.666
155.334
155.577
168.821
157.279
148.732
157.212
153.331
152.544
184.354
166.54
176.376
175.398
174.081
180.764
182.33
158.269
163.505
172.404
217.27
210.887
203.923
200.239
166.168
192.264
156.004
152.641
136.304
127.071
127.538
125.272
139.441
125.711
124.842
125.681
124.879
124.12
123.552
138.557
130.169
125.616
123.852
124.687
123.753
125.816
123.786
138.707
124.875
125.173
124.388
125.001
123.69
125.677
135.05
126.607
124.511
124.561
123.747
124.595
124.076
124.223
127.997
124.37
123.913
126.262
124.264
125.417
124.066
140.634
126.156
124.887
124.142
123.228
124.226
125.658
143.642
134.52
125.188
124.631
124.903
124.006
124.849
124.046
138.7
125.898
124.447
125.316
124.488
123.864
125.419
138.488
125.811
123.754
125.474
125.916
124.986
124.22
134.152
129.213
126.7
123.443
124.274
123.655
124.555
124.372
134.124
125.767
124.557
123.895
125.011
123.748
124.981
134.653
125.437
125.1
124.435
123.779
124.508
124.541
124.437
139.038
125.309
124.277
124.197
124.359
124.22
148.043
155.088
129.339
128.451
149.493
142.933
141.109
150.294
143.642
140.153
141.04
141.746
139.401
174.609
185.359
171.692
174.559
172.398
173.262
182.123
198.558
158.705
143.481
143.124
142.188
149.186
142.482
141.069
142.161
173.951
175.709
180.374
174.529
176.108
175.508
175.455
185.617
173.731
164.724
184.173
196.203
173.971
136.844
127.334
126.913
126.158
125.955
126.867
137.064
127.641
124.907
125.376
125.222
125.984
125.506
125.305
127.878
126.09
126.128
125.695
125.403
126.185
125.424
140.071
131.124
126.853
125.336
125.654
127.25
125.484
154.034
130.245
127.16
126.226
125.895
124.804
126.251
144.025
128.131
124.898
126.145
124.477
124.57
124.32
137.984
126.355
124.982
125.379
125.904
124.236
166.916
164.708
136.79
127.006
124.306
124.466
123.261
123.394
137.394
155.138
147.623
135.885
127.274
124.605
124.62
141.58
125.838
124.995
125.002
123.665
124.838
124.645
139.752
126.308
124.889
124.387
124.94
124.053
124.336
134.342
127.608
124.423
124.197
124.089
124.029
123.945
124.369
136.094
125.572
125.262
123.969
123.404
123.264
123.905
138.38
125.436
125.817
125.286
124.229
124.48
124.54
135.956
125.96
123.835
124.73
124.513
123.563
123.342
136.382
126.175
124.068
123.992
125.463
124.368
123.56
123.664
145.824
125.07
123.936
123.769
125.011
124.106
124.771
139.969
125.397
124.105
124.801
124.219
125.152
124.647
147.658
127.117
123.933
123.608
124.604
124.83
124.928
136.343
129.95
125.602
125.33
124.047
125.697
125.472
124.548
128.36
124.732
124.661
124.002
124.133
125.871
125.062
132.04
126.249
124.29
122.772
122.084
123.049
124.51
136.574
125.096
123.166
122.673
123.323
123.102
123.259
123.648
132.747
123.521
122.221
140.263
124.694
122.69
124.143
139.326
123.046
122.495
123.186
123.337
122.146
122.152
134.769
124.503
122.862
123.511
122.47
123.012
122.151
133.613
126.615
123.424
122.515
123.725
122.691
122.545
121.953
131.793
123.858
123.259
123.655
123.494
123.394
122.899
135.722
126.425
123.926
122.404
122.753
123.34
122.775
122.004
130.38
124.459
123.658
124.002
123.141
122.931
123.913
141.569
126.087
125.796
123.548
123.842
123.458
124.152
135.888
126.001
124.473
124.563
123.476
124.08
123.014
132.523
127.497
125.088
124.598
124.29
123.936
124.105
123.397
140.447
125.253
123.634
123.467
123.073
123.287
123.968
137.743
125.836
123.264
123.431
123.563
122.484
122.753
138.732
126.311
122.305
122.446
124.143
122.518
121.619
121.366
139.685
122.245
122.746
121.808
122.675
121.797
121.86
133.74
123.628
121.917
121.98
122.321
122.296
122.405
123.981
127.5
122.512
123.367
124.162
124.206
123.602
122.211
137.586
124.894
124.077
123.451
124.154
124.846
124.279
133.55
126.517
123.718
124.357
122.929
123.801
124.163
123.424
130.419
125.316
123.785
123.652
123.704
122.954
122.652
139.706
125.893
124.624
121.385
122.609
122.591
124.624
135.902
125.752
123.301
122.748
121.563
124.557
123.463
124.032
132.223
124.252
123.845
123.364
124.597
124.329
123.325
138.485
125.442
123.742
123.742
124.603
123.755
123.953
137.846
126.134
123.223
123.428
123.229
121.379
121.864
133.614
126.461
123.862
121.56
124.059
121.349
123.535
123.109
132.107
125.138
124.162
123.56
122.047
123.117
121.556
133.656
127.117
124.398
124.24
122.902
121.897
122.865
123.223
133.529
124.808
125.105
124.29
123.341
122.083
121.894
131.085
124.944
125.428
123.942
123.473
123.344
123.908
135.809
125.924
123.963
123.668
123.487
123.812
123.257
122.669
126.953
124.288
124.159
123.542
122.338
123.721
123.524
135.153
124.311
123.864
124.23
124.36
122.759
123.532
133.599
126.203
123.471
123.221
123.385
124.13
122.869
123.428
140.671
123.737
123.13
123.225
123.517
123.494
122.733
136.767
124.828
123.034
121.158
122.205
122.339
122.894
131.602
127.758
122.459
122.329
121.543
123.52
122.348
123.386
134.823
122.753
121.012
121.025
121.83
122.435
122.946
135.022
124.404
121.697
123.355
120.764
121.848
122.329
122.023
126.294
124.571
123.732
123.283
122.557
124.7
122.796
148.484
144.146
151.391
155.548
151.508
153.455
171.565
140.101
124.699
122.639
121.71
122.341
121.737
140.504
124.387
122.96
120.837
121.767
119.499
121.422
131.104
126.389
121.951
122.048
121.219
122.248
121.057
120.714
143.147
124.184
121.493
121.634
121.177
120.504
119.742
128.581
125.783
122.548
122.291
122.353
121.034
120.885
120.225
139.622
124.256
122.67
122.101
123.036
120.598
120.919
135.503
125.199
122.837
121.811
122.474
121.379
119.664
121.746
130.207
123.861
122.355
121.715
120.885
119.798
119.969
173.647
159.066
154.308
139.124
133.783
133.499
142.525
134.294
134.565
133.388
133.042
134.748
133.953
146.429
130.675
124.868
123.691
130.502
129.418
123.685
144.079
139.106
134.306
132.526
131.647
131.545
132.447
145.058
132.228
131.527
131.42
130.934
130.474
132.227
144.293
133.987
131.921
130.603
132.089
130.867
131.277
143.451
132.877
130.02
130.061
131.622
130.703
130.97
144.643
137.893
132.357
130.451
129.957
130.99
130.923
146.51
139.905
134.511
134.593
134.696
133.978
133.758
148.879
133.969
132.582
133.332
135.34
132.636
132.513
149.489
134.153
133.221
132.63
132.16
134.856
133.319
147.205
135.909
133.311
132.868
132.874
133.905
134.074
150.645
133.575
131.022
130.922
132.346
131.836
131.283
135.717
131.34
130.665
130.639
132.037
131.054
140.811
135.644
131.587
130.979
131.081
131.093
130.552
146.047
135.982
132.868
131.055
131.096
130.178
133.136
152.36
137.93
134.23
133.013
134.516
133.566
135.105
145.809
135.936
136.521
133.938
133.418
134.91
136.036
147.866
135.214
135.628
134.709
134.02
133.344
135.418
148.113
136.547
133.577
133.387
133.56
135.608
135.24
153.56
135.314
135.608
133.182
134.088
133.664
136.197
137.633
135.06
133.171
133.326
133.258
133.945
148.095
135.923
132.883
132.417
131.848
131.734
133.198
145.012
137.732
133.734
133.81
133.817
133.392
134.732
146.756
136.215
169.088
140.89
129.867
137.148
133.025
135.635
125.609
126.047
126.155
126.293
125.677
126.087
142.408
127.378
126.5
126.993
126.376
125.792
127.616
141.156
127.313
126.044
126.723
126.796
127.337
134.569
143.731
127.327
126.061
126.232
126.802
125.572
127.223
140.146
128.771
126.916
125.717
125.713
127.07
126.365
128.998
128.684
126.545
125.737
125.987
126.612
127.063
126.743
135.885
127.397
126.552
126.422
125.932
126.531
125.816
142.139
126.801
125.696
125.527
126.733
126.229
126.17
141.275
125.189
124.081
121.186
121.034
121.942
122.095
131.668
154.839
138.934
131.652
129.933
130.536
131.539
148.939
132.6
129.998
131.304
129.824
129.989
129.457
147.581
132.882
130.401
130.068
129.46
130.602
129.723
146.038
133.015
135.544
159.758
137.055
120.19
113.496
132.462
113.537
112.068
111.649
110.546
109.636
109.205
109.956
144.73
138.302
128.803
130.348
127.337
128.943
127.622
142.709
164.905
201.298
197.439
139.228
132.66
185.235
192.203
194.329
193.965
139.462
187.952
196.895
197.563
193.583
138.853
145.808
136.06
130.926
131.695
132.324
131.505
131.771
145.853
133.686
131.383
131.842
132.504
129.957
131.128
151.494
201.43
201.285
205.072
202.158
193.64
205.465
201.747
208.697
220.514
199.22
201.526
206.726
208.548
203.829
207.385
198.658
172.141
183.491
153.212
148.417
150.294
151.625
155.057
166.446
149.472
153.01
152.643
149.547
150.095
166.756
148.276
134.123
131.271
131.612
130.988
131.716
150.662
139.775
141.897
131.083
129.235
129.021
129.216
148.071
132.636
129.941
131.03
129.995
130.086
129.34
148.005
132.594
130.783
129.848
130.319
129.457
130.492
142.919
132.717
130.318
130.485
130.402
129.577
130.181
153.208
134.164
132.105
129.767
129.807
129.545
129.911
138.024
132.197
130.432
129.398
129.797
129.928
129.326
146.005
132.019
129.764
129.427
129.553
130.251
130.282
146.342
132.616
130.6
130.036
129.603
130.592
130.314
152.314
134.335
130.867
129.466
129.452
128.336
129.362
155.006
134.886
130.568
130.598
130.345
129.821
128.979
150.609
133.018
131.136
129.396
129.095
127.799
128.691
148.195
132.82
131.549
130.948
130.662
129.833
129.834
149.362
133.569
131.385
130.151
130.061
129.094
129.445
144.417
132.225
130.605
130.378
130.396
130.532
129.181
148.399
132.38
130.281
128.831
129.389
128.955
130.178
147.656
140.046
134.326
133.394
131.407
132.949
132.564
158.256
137.357
132.619
131.481
133.289
131.812
132.342
163.53
138.922
134.028
131.972
133.39
132.646
142.1
139.736
135.134
133.058
133.87
133.084
132.26
136.233
137.71
133.691
132.732
133.607
133.219
133.154
153.541
141.514
132.937
132.997
131.858
132.88
133.018
154.188
135.337
132.463
131.875
131.961
133.298
132.597
154.936
134.62
131.746
131.744
131.503
132.681
143.819
140.014
134.601
131.789
132.681
131.821
133.156
149.586
138.676
134.879
132.279
132.347
131.942
132.149
153.815
135.917
133.154
133.394
132.811
132.775
132.357
144.459
134.452
134.205
131.831
132.109
132.817
131.505
148.624
133.714
132.511
131.737
132.089
132.127
131.765
145.434
135.926
133.547
132.661
131.551
132.104
144.729
139.154
134.311
131.959
132.681
131.822
131.945
143.81
134.426
132.849
132.685
132.31
132.092
131.608
142.56
133.868
132.85
132.732
132.132
131.646
132.947
158.288
136.619
133.69
133.837
132.95
131.625
132.012
149.428
131.767
132.36
132.991
133.058
132.089
132.316
140.44
133.631
133.271
132.192
131.792
132.723
147.049
140.534
133.991
132.885
132.901
131.35
131.403
147.397
134.922
132.922
132.278
131.923
131.551
132.366
144.279
133.819
131.976
132.125
131.605
131.748
132.72
137.647
133.479
132.952
132.016
132.778
131.646
131.815
144.95
132.997
131.706
132.934
131.931
132.591
132.437
148.808
133.688
131.731
131.936
133.64
130.964
144.483
134.753
131.992
131.108
131.3
132.587
132.537
146.395
135.652
132.678
131.782
131.208
132.396
132.441
141.631
135.922
132.173
130.531
132.567
131.782
131.916
145.52
134.44
132.865
131.488
131.438
131.247
131.398
153.842
129.172
126.609
125.205
125.004
124.858
124.928
144.736
137.392
132.386
131.114
130.275
129.958
130.32
144.09
132.179
130.488
130.267
132.107
131
129.743
143.28
133.493
130.622
130.405
131.144
131.364
131.016
144.507
132.82
131.12
130.519
130.762
130.079
130.606
144.795
133.697
131.039
131.079
131.019
131.323
129.898
144.551
132.609
130.892
130.181
130.21
130.995
130.723
143.448
132.42
131.304
129.971
129.804
129.854
130.609
146.131
131.953
131.316
130.976
130.287
129.683
130.161
143.541
132.187
131.351
129.903
130.149
131.03
129.811
143.722
132.591
131.514
130.736
129.999
130.446
130.017
143.631
131.875
131.285
132.736
130.474
131.105
130.017
143.595
132.504
130.623
130.916
130.501
131.745
131.401
144.402
132.115
130.545
130.251
131.605
130.96
130.636
145.106
131.731
131.638
130.606
130.06
130.207
131.024
144.844
133.282
131.572
131.223
131.377
131.518
130.549
135.541
132.648
131.401
130.658
131.044
129.833
130.796
144.316
132.036
130.586
130.211
129.874
131.088
130.514
144.396
132.043
130.191
129.9
130.819
130.765
129.932
143.959
131.7
130.562
130.362
129.974
131.312
130.778
144.618
131.638
130.856
130.997
130.732
130.425
131.042
143.926
130.91
129.767
130.476
130.092
131.438
131.051
144.721
131.394
130.681
130.492
130.696
129.539
130.065
144.871
132.309
131.378
129.636
130.18
130.357
130.303
144.875
131.595
131.081
130.153
130.001
130.769
130.834
149.533
131.933
131.462
130.601
129.412
130.437
129.627
143.054
131.772
129.95
130.375
131.438
129.244
129.664
143.009
133.316
130.729
130.345
131.064
132.076
129.894
144.279
131.801
130.978
129.926
131.539
131.074
130.693
143.963
133.031
130.321
130.531
129.68
137.222
176.65
195.021
164.972
134.183
128.153
128.819
128.194
144.644
130.434
128.721
127.311
128.319
128.096
127.329
142.255
128.532
127.729
127.801
127.603
127.398
127.085
142.088
129.786
128.342
127.846
128.207
127.296
127.804
138.256
130.878
127.796
127.979
127.137
127.925
127.087
141.236
133.521
130.121
127.739
127.395
127.101
128.198
140.771
130.279
127.221
126.981
126.849
126.112
125.646
136.828
128.077
127.301
124.736
124.671
125.149
130.699
126.533
140.892
127.829
126.054
125.898
126.487
126.903
126.34
145.405
129.38
127.164
125.477
125.681
129.243
127.331
138.183
129.29
122.997
121.795
140.882
143.942
134.924
144.742
126.704
123.805
125.97
124.922
124.063
124.46
136.29
127.004
124.782
124.394
126.059
124.385
124.748
138.723
129.312
124.926
125.417
124.873
125.032
123.817
124.462
143.044
125.681
124.027
124.929
124.314
124.59
123.927
141.137
125.379
124.328
124.708
125.274
124.495
124.252
134.992
125.386
123.212
122.703
123.576
155.451
148.069
152.451
138.988
134.902
130.777
140.538
149.417
167.481
162.697
160.458
130.337
118.093
116.735
115.982
130.745
119.284
116.388
116.595
115.417
116.262
116.605
116.15
128.773
118.562
115.837
117.691
116.692
115.936
116.818
116.752
132.692
117.414
116.082
116.533
115.408
116.086
115.919
130.848
124.713
118.77
117.381
118.413
115.88
116.975
115.402
130.847
118.172
116.271
115.959
116.799
115.93
115.338
116.481
130.178
117.453
115.418
116.931
117.168
117.106
116.658
129.555
120.886
117.241
116.852
115.772
117.522
116.698
116.299
129.684
119.327
117.819
116.971
117.399
117.053
116.686
117.002
154.814
137.104
133.016
131.612
131.14
132.515
132.394
144.656
134.173
132.467
131.75
131.454
131.552
131.318
143.239
132.722
131.585
131.371
131.094
130.59
131.94
142.714
133.724
132.358
132.073
132.189
130.572
131.074
143.629
132.752
131.444
131.513
131.387
130.64
131.682
142.18
133.077
132.296
131.99
132.123
131.151
131.588
142.472
132.097
131.982
132.782
130.784
132.458
132.217
141.386
132.02
134.824
158.21
159.501
148.918
166.973
151.937
147.593
148.861
148.422
148.608
163.1
150.737
147.218
148.258
149.446
148.353
156.317
150.644
148.484
147.631
148.391
149.63
158.965
151.395
147.673
147.618
147.528
148.806
147.998
154.06
153.186
151.17
152.364
151.335
158.584
154.435
148.631
152.284
146.565
134.692
132.777
136.177
134.105
132.141
132.318
132.778
131.459
131.922
145.844
133.246
133.317
131.687
131.744
132.051
131.73
148.391
133.257
131.753
131.653
132.832
131.408
132.989
148.65
138.967
132.702
131.318
145.951
143.386
160.391
146.662
145.038
144.737
143.778
181.594
148.174
140.839
132.123
131.258
144.334
155.593
146.683
140.966
143.987
144.04
143.699
157.458
145.32
145.149
144.21
143.823
157.407
145.315
144.254
144.825
144.301
144.139
147.351
145.311
144.864
145.377
144.147
161.152
145.632
146.174
145.092
144.478
182.851
148.34
140.368
133.117
134.097
131.792
131.642
144.488
132.338
132.072
132.611
132.112
131.044
132.183
144.447
132.562
132.102
131.7
132.603
131.771
131.503
145.735
132.97
132.078
132.123
131.026
145.074
159.088
147.21
139.656
132.078
184.61
170.758
168.584
148.614
148.313
148.678
147.819
133.762
142.774
128.885
125.784
125.945
125.416
125.36
126.323
139.098
129.333
125.762
126.268
125.611
124.864
125.236
141.191
131.004
125.119
125.428
124.962
124.929
125.006
125.407
145.407
125.828
125.133
125.302
125.223
124.831
124.421
140.253
126.222
125.639
124.736
126.296
124.892
125.348
140.866
126.924
125.785
125.456
124.474
124.996
124.117
135.718
128.255
125.754
125.687
124.364
124.911
124.679
137.555
127.299
124.364
123.934
139.443
135.696
126.048
125.341
137.474
126.409
125.919
124.996
125.116
124.955
124.986
141.774
125.915
126.223
124.918
125.399
124.437
125.48
140.454
127.275
125.471
126.578
125.059
124.802
125.631
136.701
125.751
125.364
125.874
125.971
125.01
124.875
137.829
130.207
125.226
124.978
125.125
126.098
125.526
125.293
130.824
125.23
124.595
124.959
125.513
125.744
124.598
135.281
124.385
123.495
123.75
125.016
279.613
148.614
136.056
133.822
132.779
133.315
133.932
168.42
221.091
209.465
204.309
207.49
226.189
207.296
206.568
210.809
208.694
218.917
209.783
208.119
206.309
224.152
207.381
205.903
206.807
206.459
217.513
204.511
205.826
206.817
217.319
207.999
206.542
208.23
206.619
215.632
204.273
209.677
206.742
204.471
205.999
208.086
210.017
208.303
224.225
208.784
204.504
205.325
221.307
212.643
205.533
205.577
210.357
223.021
204.314
210.559
208.607
217.325
209.011
208.27
205.894
207.981
223.227
206.412
206.572
208.091
206.003
209.78
203.231
207.909
206.445
220.693
206.003
232.107
182.762
171.292
169.305
185.669
207.587
202.586
176.108
174.38
156.425
134.896
133.593
132.442
131.471
147.916
133.225
131.213
131.019
131.678
130.619
130.421
143.477
133.525
130.658
130.966
131.474
130.126
130.712
139.404
134.592
131.444
130.023
131.112
130.202
130.731
130.85
133.008
130.503
131.579
131.684
131.075
129.859
130.548
146.043
131.045
130.644
131.579
130.569
131.474
130.701
146.214
131.146
130.471
130.996
130.569
130.868
131.636
143.491
131.663
130.454
131.708
133.057
130.821
129.675
147.844
127.44
126.747
134.863
144.493
129.591
126.177
168.365
136.649
134.658
131.529
131.236
133.342
171.787
172.72
168.568
168.745
169.83
171.551
186.35
172.381
169.439
170.111
169.211
196.435
157.697
135.847
134.914
130.903
130.56
139.774
129.156
126.943
124.417
125.688
126.631
124.124
124.501
129.807
127.569
125.811
125.096
125.072
124.94
124.913
135.715
132.918
158.857
148.334
142.803
141.629
142.137
158.194
143.053
141.807
142.302
142.164
141.512
163.112
144.046
142.435
141.608
142.384
143.523
154.398
144.616
143.429
144.844
141.836
140.717
141.33
155.244
141.948
141.328
142.031
143.015
142.068
147.622
144.603
140.356
144.543
142.143
144.867
142.145
162.301
142.266
140.925
152.887
148.005
143.592
153.202
144.119
142.084
147.349
143.622
142.769
142.062
158.902
143.337
141.743
141.195
141.713
142.832
152.55
141.942
141.052
140.947
153.259
153.873
176.776
151.568
151.856
150.694
182.549
153.804
157.028
145.913
141.77
142.849
142.398
141.881
142.231
147.142
143.121
142.672
142.673
141.523
142.804
156.724
144.775
142.813
143.177
142.164
142.916
157.916
145.056
142.619
143.794
142.689
143.842
142.847
155.211
142.964
142.298
142.782
141.675
141.529
151.337
134.142
129.223
128.607
129.447
142.585
152.069
152.4
131.904
129.772
128.935
130.493
130.289
130.249
144.752
131.417
129.79
130.238
130.459
129.537
129.54
140.146
132.174
129.844
130.118
130.122
130.221
129.105
146.469
133.916
129.516
131.068
130.62
129.934
129.324
143.209
133.627
129.771
129.464
130.026
129.434
129.894
129.363
131.913
130.084
129.802
130.53
128.682
130.024
129.694
146.188
133.884
131.145
130.827
129.373
129.401
130.273
142.921
129.702
129.096
130.607
130.346
129.717
128.912
147.074
130.184
130.135
130.018
129.822
129.6
129.57
144.978
130.551
129.24
131.288
129.611
129.774
129.675
143.883
129.874
130.352
130.97
129.044
128.915
128.737
134.744
132.229
129.67
130.694
129.52
129.282
129.444
139.869
136.531
129.681
130.298
131.194
129.767
130.652
129.544
132.408
129.42
131.058
129.041
131.392
129.074
129.404
144.8
131.315
129.946
129.524
129.447
130.352
129.795
142.442
131.378
128.849
128.07
128.658
127.024
136.581
187.196
147.256
134.639
130.492
130.864
131.611
156.08
137.773
131.454
130.455
130.801
130.94
130.131
142.585
133.356
130.054
129.676
129.247
130.793
129.346
142.377
132.982
129.662
131.31
129.517
129.556
130.702
143.193
131.565
130.399
130.261
130.816
129.431
129.941
143.492
132.958
130.158
129.259
128.544
129.924
128.774
143.405
132.096
130.342
129.552
128.624
129.273
129.967
142.492
131.169
129.609
128.822
129.866
129.563
129.153
143.21
131.19
130.535
128.909
128.967
129.749
128.898
142.158
132.1
129.613
129.794
128.997
129.409
128.969
142.985
130.804
130.925
129.69
128.801
128.983
129.055
141.803
130.71
129.647
129.132
129.091
129.743
129.313
141.998
131.662
130.656
129.269
130.121
128.551
128.864
142.917
132.019
130.612
128.344
128.639
129.701
128.363
142.308
130.624
129.817
129.433
129.032
128.156
129.292
140.288
131.451
129.512
130.108
129.331
128.868
128.308
140.092
165.85
155.106
130.252
128.086
129.647
126.97
143.11
128.22
128.086
126.552
127.087
126.465
125.486
144.48
142.015
131.095
130.87
131.663
132.046
131.074
149.904
133.694
156.87
175.605
139.432
131.353
154.126
175.864
174.957
136.909
129.777
128.812
147.416
130.49
129.942
129.131
128.255
128.027
127.155
146.65
130.121
128.931
128.86
129.108
128.715
127.081
145.494
132.03
129.01
128.236
128.632
127.417
128
144.204
131.675
130.039
128.681
128.541
127.859
127.79
145.294
133.222
125.605
124.282
124.263
121.629
122.11
123.367
127.108
123.261
122.207
123.232
123.223
122.389
122.985
148.674
137.928
131.653
128.421
175.101
136.685
153.42
161.179
148.504
145.733
144.21
143.932
155.629
149.179
144.631
146.589
146.038
145.414
144.852
158.819
145.058
144.706
145.617
145.664
145.192
160.207
145.436
144.064
143.37
145.463
146.675
156.455
182.609
147.262
158
186.649
180.48
184.246
181.36
179.25
178.519
177.518
194.429
182.895
179.267
176.774
179.19
191.069
180.108
176.45
178.739
181.138
191.04
185.332
178.446
176.556
176.917
180.624
196.474
177.593
178.402
175.913
178.307
183.481
179.903
180.712
180.464
176.714
196.1
178.541
178.642
180.187
181.298
189.274
180.848
177.604
179.638
180.963
217.424
180.67
179.771
177.425
177.784
192.102
201.512
218.201
204.92
218.579
229.579
216.715
217.048
218.73
198.101
180.705
177.905
178.937
178.931
195.081
182.046
179.671
179.494
179.375
212.356
186.633
178.867
180.266
178.324
192.277
180.474
147.574
144.591
142.645
178.169
187.107
176.814
177.686
170.826
246.748
260.999
215.374
149.823
139.272
137.454
132.135
118.262
116.111
116.999
116.827
117.128
116.546
130.966
118.849
115.753
116.487
116.743
117.111
117.531
117.311
131.519
117.194
117.107
116.623
116.616
116.974
115.597
117.372
131.995
117.3
115.83
115.109
115.323
116.193
116.549
129.639
121.836
115.65
117.206
115.339
116.547
116.24
117.78
130.963
118.481
116.696
117.034
116.222
117.064
117.118
117.462
127.793
116.423
117.601
117.721
116.219
116.285
117.92
117.032
120.563
115.504
116.008
117.125
117.273
116.181
118.304
126.852
119.47
117.14
116.976
115.453
116.614
115.984
118.171
130.868
117.723
116.136
115.551
115.865
115.176
115.828
115.725
127.573
116.917
116.743
115.901
116.364
114.748
115.462
115.679
123.507
116.404
115.781
116.174
116.635
115.785
115.27
130.616
122.58
116.46
115.874
116.169
116.517
116.319
115.326
130.371
118.589
115.634
115.597
115.159
115.406
115.229
116.395
123.771
116.487
114.815
114.932
114.415
115.583
138.359
171.58
124.803
118.488
116.827
116.566
116.499
116.646
115.964
125.525
117.652
118.494
118.322
125.246
117.62
116.563
158.22
124.326
118.5
117.566
117.053
116.639
116.034
116.366
131.397
116.241
116.482
116.473
115.783
116.084
115.559
115.94
128.556
115.934
115.805
116.783
115.276
115.891
115.277
127.919
118.902
115.901
116.024
116.503
115.878
115.578
115.04
129.619
117.675
115.576
115.392
116.887
115.283
114.81
115.085
130.414
116.752
114.839
115.468
115.961
116.469
114.942
115.679
125.429
117.1
115.48
115.985
116.365
114.792
114.094
122.538
170.018
132.183
127.166
125.799
148.68
148.794
164.996
133.601
126.988
126.892
126.321
126.285
126.404
142.739
127.2
125.807
125.696
125.741
127.046
132.206
148.192
128.015
125.627
125.807
126.28
126.837
125.545
139.132
127.471
126.379
124.933
125.549
125.759
125.308
137.101
128.89
125.973
125.708
125.025
126.057
125.869
136.873
127.454
125.792
125.495
124.915
126.167
125.147
125.878
167.478
171.882
151.44
146.402
142.619
142.601
158.852
142.51
142.362
143.16
140.61
143.619
155.375
143.611
141.873
142.904
141.226
142.739
144.103
145.713
143.244
142.78
142.155
143.845
141.443
156.41
145.416
143.01
142.712
141.954
142.976
157.33
146.519
142.763
141.707
142.636
141.114
142.093
155.437
142.886
142.525
143.015
142.402
142.224
148.484
134.568
132.231
130.308
129.336
129.748
129.853
146.172
132.295
129.823
129.9
129.317
129.649
129.839
132.188
128.312
123.17
122.739
125.736
124.733
124.873
124.175
136.042
124.977
124.934
124.96
125.248
124.064
123.359
134.578
127.671
124.142
125.172
124.861
124.423
125.601
123.316
135.199
127.286
125.379
126.952
126.718
125.135
125.369
141.206
126.264
125.085
125.922
125.298
124.538
124.972
139.591
127.062
124.646
125.846
125.372
125.324
124.535
137.289
128.707
126.427
124.264
125.281
125.104
125.134
126.915
140.837
124.571
161.438
141.071
142.241
142.394
156.659
142.177
141.302
142.018
141.583
141.104
140.272
156.218
138.863
138.71
140.894
141.429
141.501
154.665
142.441
138.328
151.852
149.81
149.182
172.373
157.715
151.905
154.058
152.881
154.124
165.023
143.54
141.492
141.416
139.46
141.071
140.271
153.414
141.197
141.389
140.039
141.859
140.8
152.163
142.205
140.37
140.716
140.733
142.079
140.182
149.592
142.327
140.147
140.613
140.172
140.647
155.838
144.192
141.242
140.151
140.255
140.052
140.075
158.624
142.658
141.862
140.779
142.55
141.427
153.951
143.167
142.187
141.294
140.987
140.129
141.702
155.246
141.128
141.271
141.348
139.931
139.436
156.719
143.858
141.916
141.324
140.436
139.414
141.455
155.082
140.546
141.306
140.637
140.707
140.092
154.108
144.066
140.24
141.392
140.365
140.926
140.226
157.218
141.619
140.196
140.974
141.037
140.694
157
142.149
141.122
142.208
140.722
141.321
140.707
158.833
140.614
139.56
140.232
140.413
139.128
152.579
141.943
139.814
138.544
138.204
139.471
138.244
154.312
140.168
139.24
140.503
138.592
137.177
144.691
202.041
159.875
149.373
145.653
142.949
160.371
146.341
143.842
142.378
141.811
143.734
142.528
160.12
143.651
143.415
142.041
142.014
141.623
156.533
146.14
144.314
143.578
142.666
142.856
154.826
145.542
145.144
142.022
143.307
142.736
142.215
157.126
143.779
144.534
142.603
142.158
143.485
158.418
145.822
143.774
142.689
142.774
143.443
141.767
159.407
144.663
141.44
142.946
143.337
142.408
156.31
144.573
141.596
142.127
144.824
143.434
142.121
147.598
143.729
141.947
143.401
144.116
142.365
156.654
145.577
143.412
143.036
141.822
145.773
157.911
146.218
144.769
143.01
143.327
143.017
144.122
158.128
144.456
143.427
142.351
143.404
143.939
159.067
144.731
144.875
143.361
142.634
143.765
154.014
143.858
141.543
142.178
141.803
142.155
141.836
157.513
144.474
141.457
143.003
141.175
143.213
157.809
144.762
161.622
152.366
136.031
133.95
132.362
144.877
137.298
133.194
133.469
132.833
131.345
131.272
144.945
135.59
133.278
131.931
131.988
132.142
133.264
145.786
134.304
132.821
131.239
131.043
131.396
131.602
145.958
132.776
132.316
131.484
132.364
131.492
133.455
146.057
132.301
132.396
132.602
132.338
131.638
131.501
144.984
134.882
131.076
131.375
132.082
131.546
133.071
143.47
134.319
134.463
133.359
133.001
132.169
145.314
136.633
135.43
132.559
133.455
133.832
132.236
144.408
143.593
131.886
129.617
129.067
129.256
130.428
140.407
131.411
130.322
129.941
129.586
128.722
131.615
145.447
132.788
129.928
131.086
128.807
128.839
131.265
144.759
132.956
129.885
128.258
131.543
130.219
128.969
140.087
131.065
129.374
128.797
131.799
128.805
129.348
128.253
146.869
129.858
129.302
127.636
128.647
129.142
129.267
143.268
130.987
129.303
128.454
129.146
128.906
129.798
144.154
130.436
127.708
171.931
151.581
139.043
148.624
152.424
150.658
133.889
127.108
127.7
126.98
128.872
123.411
120.819
121.921
120.014
119.519
119.446
119.994
131.155
127.348
127.111
127.446
126.171
126.365
125.183
145.547
126.053
126.466
126.667
126.323
125.22
125.43
138.805
127.259
125.831
125.928
126.786
126.664
125.518
141.516
128.388
126.63
126.46
127.257
126.562
126.132
139.789
127.95
127.221
126.132
125.79
126.202
126.541
144.899
131.201
126.599
127.131
126.96
158.178
153.235
169.402
155.827
151.631
157.285
156.513
139.616
152.412
131.257
128.112
127.444
126.249
157.651
121.917
125.533
118.496
119.354
119.131
117.879
117.753
118.482
130.4
119.856
117.931
119.017
118.851
117.983
117.661
118.306
141.55
119.585
117.086
118.244
117.464
117.988
117.898
128.523
119.687
118.689
117.624
118.159
117.471
118.205
117.48
132.138
120.655
119.094
118.259
118.216
117.657
117.483
117.347
125.828
118.961
117.224
117.223
117.733
117.233
146.742
166.08
140.718
127.859
126.527
126.038
127.475
127.57
141.304
130.133
126.114
125.999
125.503
126.394
134.745
152.421
130.189
125.524
143.759
128.238
128.517
126.538
140.856
130.7
127.775
126.312
127.485
126.46
128.317
137.072
130.388
128.236
127.883
126.36
127.625
126.598
145.119
129.78
127.793
126.868
126.607
127.203
126.358
126.072
131.143
127.608
127.335
127.68
126.863
126.781
125.888
174.997
135.187
127.662
126.555
127.133
126.786
141.389
129.472
128.104
129.629
128.967
128.795
128.781
140.21
128.406
128.326
128.504
127.828
127.557
128.299
127.127
132.377
127.177
126.435
125.657
126.161
125.941
126.01
140.89
126.061
126.058
125.298
124.641
125.181
125.911
143.401
158.656
136.273
133.178
132.702
132.707
142.019
137.139
131.813
131.942
131.273
131.877
131.951
148.379
136.972
133.11
132.4
132.168
130.638
131.504
145.649
131.978
132.692
130.972
130.919
130.201
131.714
145.599
161.023
159.132
131.456
131.871
127.744
124.341
136.311
126.82
124.429
125.181
124.229
124.018
123.34
139.771
127.191
125.895
124.138
124.449
124.657
124.794
123.404
128.134
126.103
124.777
124.427
124.081
124.391
124.417
138.657
125.439
124.846
124.573
124.16
124.181
124.221
136.536
127.974
125.201
125.527
124.412
125.079
124.387
124.417
129.856
126.969
125.622
124.995
125.639
125.137
124.572
135.506
126.316
126.099
126.307
124.717
124.596
124.16
124.578
140.225
125.84
125.718
125.574
124.84
124.474
125.086
138.598
125.675
124.81
124.546
125.45
124.754
123.798
130.342
129.067
125.065
124.64
124.929
125.943
124.557
124.89
129.225
126.675
125.931
124.506
124.436
125.248
125.025
135.624
125.559
125.689
124.664
125.512
124.674
125.661
126.467
139.221
125.341
124.059
124.649
124.472
124.901
125.338
139.387
125.758
124.694
124.644
124.975
125.75
125.151
137.026
128.587
124.587
124.936
123.189
125.357
124.909
125.177
127.159
125.402
135.056
175.941
139.628
132.222
141.51
132.988
170.813
172.303
136.307
127.884
128.423
143.594
173.827
169.921
170.88
172.672
184.855
182.733
176.029
173.019
174.703
170.418
184.529
175.321
171.846
173.876
171.183
185.274
175.13
170.492
174.663
171.966
170.462
191.623
174.492
170.773
211.879
236.099
225.572
219.452
218.839
191.8
183.864
173.87
174.861
171.98
170.826
188.709
171.708
173.093
172.483
173.65
173.797
187.741
174.378
173.547
173.427
172.849
178.559
172.841
171.063
173.363
174.207
186.669
175.647
173.166
173.04
171.537
173.767
174.535
173.192
174.819
171.109
173.734
188.031
175.093
171.454
171.025
173.514
173.213
191.169
175.755
171.834
171.759
173.425
177.47
174.722
172.821
188.529
223.046
247.429
206.81
141.313
128.023
127.358
127.621
141.849
126.995
128.152
126.513
126.218
126.469
126.806
150.303
141.855
132.217
130.626
132.071
132.283
131.813
138.52
130.975
131.362
131.071
130.535
130.867
131.345
135.167
132.474
131.033
131.446
130.553
130.238
130.433
139.953
132.896
131.101
130.626
130.716
130.499
141.964
135.676
131.169
131.147
131.925
130.355
130.256
141.173
134.085
130.186
130.853
130.533
130.901
130.364
140.966
134.953
130.821
131.572
131.6
130.633
130.539
141.081
135.783
130.295
129.757
129.988
130.73
131.181
142.178
134.747
131.468
131.425
130.252
130.995
131.726
142.232
135.726
131.642
131.348
130.344
130.54
130.185
141.223
135.422
132.017
130.299
131.121
130.629
130.656
134.271
136.069
131.371
131.161
130.523
130.78
130.202
142.563
135.646
131.398
129.982
131.565
130.123
130.422
139.823
134.418
129.923
128.987
128.348
129.881
157.995
171.556
140.03
155.746
135.796
126.547
124.766
123.913
138.959
125.347
125.53
124.391
123.503
123.879
124.374
137.21
129.317
126.77
125.564
124.755
124.174
124
124.157
135.816
127.001
125.4
124.824
124.108
124.986
124.237
136.701
126.726
126.06
124.755
125.627
124.427
124.73
124.497
128.159
123.759
125.513
124.557
125.359
124.126
124.518
141.885
125.173
124.681
124.364
124.544
124.962
124.198
138.159
129.531
124.667
124.638
123.913
124.622
125.607
125.214
137.988
125.939
125.586
124.778
123.859
125.1
126.031
139.438
125.933
125.176
124.545
124.676
124.635
125.24
134.526
127.519
124.066
124.093
123.909
123.856
125.365
124.484
140.021
124.5
124.896
124.231
124.852
124.953
124.686
136.09
125.79
124.496
123.912
124.941
125.51
124.296
124.105
138.262
125.741
124.552
125.137
125.293
124.712
124.611
139.12
125.597
124.133
123.601
126.139
123.88
124.791
137.759
125.887
123.402
122.183
122.274
122.503
123.114
122.619
152.866
156.342
150.175
147.691
146.579
148.871
170.265
150.631
148.617
149.276
148.847
147.511
164.182
149.8
149.4
147.57
147.491
146.723
168.119
165.791
152.742
149.557
150.135
148.87
162.076
155.028
149.832
154.129
152.618
152.295
170.957
155.071
151.682
153.149
153.711
154.47
170.088
155.79
152.775
152.644
152.509
167.015
160.508
134.854
130.571
131.703
131.085
132.434
131.707
135.767
131.793
131.718
131.576
130.509
131.718
130.442
148.22
131.384
131.124
130.089
131.445
130.665
130.399
145.246
130.339
132.015
130.265
129.736
131.883
130.371
146.072
130.885
132.009
130.794
129.769
131.349
131.579
146.268
131.867
132.301
131.218
131.561
131.011
131.275
146.422
131.713
132.12
131.645
132.301
131.57
132.384
150.162
134.539
131.295
130.565
129.25
132.143
131.101
140.326
133.436
131.97
129.714
130.827
129.802
130.544
142.977
133.04
129.995
129.55
129.302
130.762
130.295
144.314
130.731
130.115
129.556
129.07
129.835
130.677
145.51
131.201
131.198
130.958
130.787
130.232
129.874
143.33
132.201
130.573
128.936
129.095
129.995
129.958
144.49
131.993
131.646
129.618
128.686
131.452
130.838
144.308
132.691
131.128
129.617
158.068
140.386
133.825
147.963
137.931
132.831
133.259
129.357
131.118
130.951
143.792
135.937
137.547
146.726
144.795
150.323
158.718
145.339
143.641
143.193
143.62
154.769
143.843
142.889
142.673
141.626
205.205
172.668
137.793
136.914
137.992
123.589
133.844
151.459
131.095
129.865
129.669
150.742
135.812
132.402
130.855
128.181
129.411
128.884
128.379
128.496
138.658
130.084
125.392
125.241
123.971
124.343
123.453
123.631
151.894
127.279
126.286
126.253
125.435
126.893
126.049
140.532
127.723
126.485
126.163
125.889
125.973
126.117
137.816
126.06
125.091
123.244
123.026
122.394
123.215
162.454
130.25
128.237
127.751
126.153
126.638
126.007
137.513
129.092
128.303
125.769
126.439
126.424
126.524
138.619
129.672
127.443
127.934
126.404
126.818
126.828
126.248
132.208
127.264
127.38
126.291
133.281
129.813
126.289
142.803
127.2
127.195
126.481
125.575
125.754
127.219
134.918
128.68
126.566
126.959
126.475
126.665
126.283
140.977
129.351
127.413
125.626
126.688
126.261
125.756
138.626
129.655
127.357
125.984
126.079
126.703
125.552
142.013
130.395
128.126
126.624
126.195
127.206
125.735
136.946
129.768
126.788
127.002
126.767
125.946
126.199
125.813
140.604
127.294
126.939
126.243
126.717
125.859
125.429
139.036
127.471
126.044
126.284
126.368
126.656
125.766
141.088
129.645
126.407
127.363
126.47
126.111
126.785
139.434
128.485
125.84
126.494
126.641
126.161
125.689
140.543
130.962
127.012
125.81
126.283
125.326
125.739
126.449
131.135
126.617
126.961
125.682
126.475
126.662
126.21
140.74
126.587
126.508
125.976
126.548
127.334
127.728
137.646
128.604
125.982
126.669
125.609
126.04
127.214
139.922
128.762
126.668
126.241
126.845
125.814
127.308
142.578
130.565
126.998
126.141
126.643
125.886
127.206
137.766
130.632
126.412
126.304
127.164
127.097
127.122
126.273
139.975
126.438
126.197
125.888
127.704
126.842
127.423
139.233
126.905
126.485
126.181
125.813
127.199
125.935
141.72
128.111
126.51
127.038
125.783
127.26
124.85
138.268
127.778
125.218
125.308
124.559
124.597
124.542
137.853
130.484
125.157
124.289
125.615
125.074
124.484
124.794
141.599
125.842
124.846
124.977
125.245
124.476
124.015
145.459
126.973
124.723
124.181
124.843
124.493
123.908
135.645
125.501
125.381
125.006
124.469
124.881
125.285
136.253
128.779
125.943
126.033
126.998
127.57
126.44
126.605
132.278
126.387
125.699
125.925
126.367
127.216
126.234
141.691
126.816
125.759
126.801
126.859
126.923
126.873
139.537
127.643
126.281
127.317
126.475
126.375
126.319
140.219
128.129
126.631
126.674
127.016
125.826
126
135.633
129.094
126.434
127.469
126.468
125.577
126.036
137.438
129.612
126.175
126.448
126.675
126.996
126.047
126.073
143.14
126.665
127.113
125.468
126.801
126.635
125.492
133.332
127.273
126.712
125.511
125.088
125.405
125.389
140.813
128.59
127.086
126.719
126.223
126.826
126.773
136.825
128.965
126.659
127.225
126.52
126.364
126.725
140.766
129.947
127.735
125.906
126.568
126.424
126.645
126.851
133.896
126.882
127.213
125.855
126.19
126.368
126.668
141.444
127.787
127.115
126.078
126.534
126.758
126.728
140.954
128.112
127.073
127.404
126.641
126.407
125.648
138.796
128.28
125.992
126.755
125.354
126.011
125.453
136.428
129.609
127.579
126.578
126.338
125.748
126.517
129.838
130.337
126.648
125.558
125.308
126.527
126.33
126.08
142.605
127.432
126.195
125.681
125.456
125.902
125.997
133.853
126.485
126.167
126.647
126.13
125.886
126.491
141.237
128.213
126.905
126.448
125.789
126.992
125.726
137.221
128.289
127.073
126.21
126.418
126.498
126.402
138.803
129.606
126.353
127.149
125.883
126.471
126.853
126.562
132.596
126.804
126.271
125.717
126.665
125.902
126.578
141.282
127.721
125.592
127.613
126.326
126.021
126.627
136.71
126.945
126.939
126.975
126.545
126.301
126.446
140.674
128.156
126.948
126.497
127.383
127.621
127.344
136.205
129.266
126.995
125.855
125.992
126.746
127.086
139.263
129.459
127.73
126.659
126.285
127.146
126.761
125.965
142.673
127.023
127.183
126.939
126.166
127.637
127.7
140.676
126.73
125.626
126.528
125.782
126.671
126.454
138.826
129.178
126.164
125.51
124.984
124.523
125.489
137.296
129.12
124.743
124.517
124.379
124.749
124.837
134.712
127.352
125.796
124.122
124.526
125.251
124.37
124.941
141.432
124.593
126.101
125.215
126.49
125.919
125.305
138.852
124.607
123.21
134.377
128.609
126.779
126.17
141.113
129.766
127.36
127.176
127.137
126.758
126.357
139.296
129.807
127.808
126.831
127.26
126.394
126.674
145.271
130.849
127.835
127.276
127.964
126.554
126.073
138.736
129.14
127.537
127.267
127.458
127.129
125.996
126.772
133.691
127.416
127.29
127.877
126.728
127.092
126.175
140.774
127.681
127.128
127.192
126.665
127.537
127.754
143.266
126.459
126.047
126.153
126.971
127.213
126.628
139.07
127.781
126.326
127.33
126.579
125.886
126.842
137.612
129.897
126.773
127.774
127.227
126.544
126.622
145.807
130.277
127.262
127.731
127.471
127.009
126.169
137.182
129.874
127.961
127.428
128.055
126.691
126.353
126.953
143.282
126.809
128.235
127.049
127.715
126.758
126.881
140.186
126.223
127.597
125.876
128.292
126.932
126.818
141.711
128.985
127.61
127.172
126.79
127.255
126.911
140.721
129.883
126.587
126.126
125.883
126.749
127.156
139.173
129.585
127.437
127.282
126.195
126.345
127.186
142.404
130.917
129.155
127.357
127.571
126.776
126.445
139.789
130.349
129.145
127.349
126.514
125.946
126.873
126.945
133.514
126.625
125.822
125.025
125.729
125.396
125.242
141.949
127.877
126.785
126.056
125.689
125.001
125.625
129.994
127.641
125.593
125.519
124.85
124.038
125.085
134.327
128.266
125.294
125.329
125.351
125.035
125.525
135.774
128.703
123.907
123.931
122.818
123.272
121.81
121.803
146.342
129.023
127.053
126.617
126.88
126.918
126.391
139.168
128.256
126.989
126.568
127.338
127.5
127.805
138.681
130.296
127.233
126.681
126.379
126.923
127.008
137.228
130.174
126.885
127.57
126.141
126.845
126.825
139.928
130.624
127.363
127.461
127.126
129.585
152.29
138.598
168.922
149.099
135.093
132.73
132.67
132.453
137.306
132.608
131.927
131.888
131.088
130.987
131.27
143.891
132.223
132.206
132.33
132.266
133.556
132.965
148.152
134.068
132.781
131.713
131.225
133.715
132.955
138.413
133.813
133.101
133.998
132.387
132.364
148.29
139.879
133.162
134.444
131.063
132.05
131.582
145.43
135.364
132.032
132.597
131.807
131.999
132.43
145.457
136.195
132.29
130.773
131.893
130.684
131.845
145.243
135.812
132.738
131.614
132.044
131.09
132.581
146.886
133.189
132.965
132.056
132.27
133.469
135.605
139.851
132.64
131.948
131.812
132.266
130.699
143.624
137.102
133.544
135.084
132.862
130.867
132.838
142.428
135.448
133.447
135.931
133.987
134.509
133.025
145.343
135.942
133.626
133.983
133.926
134.729
133.614
138.438
136.237
134.381
133.884
135.764
134.005
134.001
149.256
135.789
133.784
132.333
133.553
132.338
144.223
136.209
135.184
132.673
132.153
131.99
132.693
150.319
137.022
134.036
132.54
133.488
132.36
131.908
145.024
134.552
132.799
132.687
132.958
132.146
132.907
149.864
131.749
131.601
131.704
131.721
132.324
131.642
136.444
134.014
131.876
133.382
132.605
134.351
134.423
148.732
133.723
132.005
132.594
141.46
166.86
146.054
130.503
127.712
126.526
126.105
124.749
124.62
127.979
127.169
125.284
126.211
126.56
125.347
125.908
125.249
139.883
146.102
156.367
149.91
150.626
146.033
168.279
149.561
149.935
150.345
150.022
152.077
171.51
153.847
151.11
150.927
152.19
151.115
167.147
152.815
152.605
150.162
150.149
149.57
156.12
147.703
147.94
147.703
145.835
144.548
164.932
152.896
153.317
150.115
152
149.968
170.057
153.443
152.106
151.879
151.839
150.593
165.005
152.945
148.98
149.971
148.198
148.274
161.747
150.025
147.352
148.875
147.204
146.477
157.828
153.374
150.53
151.347
150.46
151.811
167.087
152.848
148.493
146.968
148.791
146.053
147.374
168.98
152.481
150.704
151.057
152.093
160.792
147.2
142.864
142.89
142.419
142.787
144.688
169.989
145.502
143.264
143.789
143.314
143.508
168.811
146.459
144.396
143.188
143.44
142.783
152.797
145.93
144.369
143.194
143.662
141.717
142.275
155.532
142.973
142.332
141.516
140.979
142.432
152.557
142.747
140.429
139.564
140.062
138.756
139.932
168.711
145.971
144.887
144.154
144.033
146.282
168.155
146.712
144.456
144.193
145.346
144.594
152.103
144.858
142.666
142.536
144.587
144.477
144.607
145.806
142.599
140.755
141.265
138.378
140.546
165.349
148.447
146.589
145.138
144.341
147.073
156.443
147.445
145.206
146.071
144.469
146.335
142.868
148.577
143.154
143.47
143.157
142.091
142.531
163.679
141.929
141.115
142.273
140.747
139.532
162.123
172.848
154.294
153.924
152.094
153.487
171.57
156.59
154.751
153.085
153.092
152.091
162.71
153.612
153.636
151.395
151.678
151.092
164.149
152.794
150.208
149.041
150.398
149.946
162.548
155.092
153.182
154.597
152.954
152.171
162.171
154.405
151.176
150.231
151.447
150.428
164.126
155.841
150.768
150.845
149.967
150.207
163.26
147.122
143.57
144.262
145.278
144.553
143.3
167.439
151.828
153.095
151.07
149.047
150.326
165.145
145.574
144.716
152.259
150.664
151.32
160.908
151.488
150.665
149.153
151.129
152.142
155.299
145.345
145.254
144.515
144.995
144.439
158.579
154.551
150.852
151.516
149.188
151.227
167.671
154.337
151.636
149.482
151.227
149.104
162.538
148.106
140.734
141.947
149.446
150.544
150.355
167.949
149.86
149.636
149.779
148.911
150.689
167.103
150.822
148.9
149.016
148.09
147.431
168.371
152.193
150.571
150.983
150.529
150.172
152.957
155.312
150.009
152.123
151.086
151.236
157.467
152.433
148.85
148.388
151.459
150.501
168.222
151.798
149.533
147.72
147.603
145.84
159.221
153.335
152.049
152.306
150.719
149.981
158.328
153.499
151.282
149.702
152.704
151.57
164.587
153.026
151.022
151.241
149.585
150.168
161.669
148.89
145.145
146.935
145.831
143.945
144.395
168.605
151.195
151.137
151.712
149.296
150.948
165.572
152.803
149.304
152.319
150.805
151.754
168.75
153.128
150.307
150.835
151.688
151.832
166.238
146.689
145.99
144.86
144.725
144.726
168.875
153.299
150.353
151.106
150.174
150.121
173.748
148.849
145.05
151.727
147.637
146.331
159.437
150.364
146.898
145.852
147.196
145.787
159.251
147.224
148.672
148.629
152.653
152.536
176.085
205.58
181.732
154.326
192.169
166.041
185.854
183.209
185.797
189.392
190.848
185.597
119.061
114.918
113.49
114.639
113.131
113.63
128.367
117.741
116.923
116.116
114.928
113.913
113.679
113.035
130.363
115.281
115.566
116.398
114.735
113.702
113.735
113.202
133.787
118.494
115.446
115.417
114.894
113.233
114.514
162.124
124.254
116.908
115.702
115.94
115.234
116.018
116.167
126.843
116.604
116.253
115.088
116.105
115.71
115.284
115.347
131.173
116.595
115.699
115.194
116.511
115.579
114.803
129.263
129.56
117.105
116.073
115.626
116.03
115.411
115.612
129.326
118.875
115.959
116.475
115.36
115.404
115.933
114.811
146.298
146.241
143.272
140.527
139.237
143.155
162.205
145.026
140.53
136.521
158.24
137.647
136.629
162.308
137.745
151.182
139.206
146.139
140.959
160.863
138.857
158.788
138.854
136.842
141.636
149.162
153.792
136.782
118.569
116.955
118.527
116.716
117.63
133.874
117.744
117.621
116.21
116.921
117.107
116.475
131.154
122.83
137.797
151.544
134.013
127.561
126.53
139.78
129.466
125.042
123.815
124.413
124.059
125.457
135.046
140.23
127.337
126.328
132.239
132.073
126.041
137.018
127.799
124.676
126.612
123.771
125.807
126.819
124.573
140.931
127.134
126.788
126.79
126.224
125.021
127.027
151.838
130.634
125.928
124.09
124.788
124.875
124.716
141.491
124.999
125.527
124.966
125.711
125.26
125.035
142.917
127.134
123.95
125.356
124.502
125.059
124.647
137.269
128.59
125.243
124.424
124.46
125.128
162.223
163.687
144.076
156.643
164.059
225.112
267.603
255.119
250.701
235.782
247.838
184.281
225.129
261.718
258.38
230.217
263.135
164.368
212.295
261.745
223.809
168.46
161.415
218.942
152.259
148.218
165.742
164.619
195.835
167.083
163.837
161.709
166.679
152.544
157.384
149.509
149.272
155.067
149.646
147.801
148.866
141.513
139.71
137.123
140.44
140.854
166.981
150.229
147.955
146.996
148.849
147.249
160.051
153.594
145.783
148.034
146.536
147.223
158.545
154.047
148.244
147.399
147.768
146.22
147.393
159.359
140.888
137.961
139.026
139.711
137.904
169.205
152.37
147.184
146.538
148.786
145.215
158.193
150.578
147.161
146.31
146.674
147.582
146.051
168.289
148.509
147.116
146.605
147.906
147.833
157.676
140.877
182.531
162.858
148.716
140.837
210.35
149.519
154.354
146.118
144.815
151.862
253.968
155.243
146.917
147.206
148.845
167.56
153.077
150.74
151.014
149.062
147.011
165.967
147.518
146.27
143.782
140.672
145.978
178.873
155.361
150.556
152.562
149.831
150.021
168.144
153.71
150.54
152.953
149.872
151.983
174.288
157.088
154.535
155
155.328
154.395
165.115
154.334
151.547
151.541
150.916
150.93
160.981
148.56
144.675
148.496
145.418
145.559
141.545
161.846
149.004
142.732
146.967
144.493
141.305
157.503
145.647
145.025
145.465
146.402
145.409
193.741
177.713
176.684
176.588
148.249
156.884
147.912
173.734
172.778
172.982
173.042
166.668
178.321
175.411
173.419
177.153
190.349
160.189
149.659
150.953
151.19
150.571
164.464
154.744
150.505
151.153
152.324
148.797
152.807
150.582
149.406
148.396
148.246
148.474
148.133
170.028
150.303
149.409
149.658
150.115
150.943
171.418
151.831
150.817
149.764
150.492
148.347
168.526
149.7
151.358
297.322
151.888
166.569
149.875
147.171
150.57
145.064
142.011
159.394
143.334
143.55
144.143
142.592
141.911
149.256
150.923
146.137
145.058
146.557
145.669
144.835
168.835
147.948
145.95
145.603
145.809
143.294
186.709
174.909
174.816
172.403
172.792
161.53
177.603
175.641
176.937
175.747
176.504
180.223
175.019
178.96
175.247
176.948
162.576
183.704
198.421
162.973
136.768
155.121
148.534
144.825
143.171
142.702
142.528
141.637
155.842
143.427
141.145
142.025
143.018
147.985
157.737
161.936
150.408
144.501
144.2
145.354
142.365
173.636
175.266
178.111
173.857
174.586
194.057
181.804
179.49
178.695
175.494
196.698
206.643
204.59
201.927
211.141
208.484
200.43
201.553
205.148
216.852
200.099
197.505
194.254
139.034
129.944
179.334
198.114
194.442
194.69
134.384
217.36
234.045
228.941
171.677
205.46
228.862
183.475
156.687
150.522
148.374
163.229
134.191
129.286
128.607
128.055
127.635
127.733
141.539
126.847
126.538
126.166
126.588
126.473
125.813
151.154
130.796
129.032
128.157
127.808
127.593
126.695
143.464
130.354
127.858
128.499
127.364
128.203
127.157
141.031
129.537
127.548
127.705
127.247
126.962
127.367
140.405
130.979
128.012
126.622
127.475
127.995
127.562
129.797
129.579
127.431
127.703
127.956
127.535
127.812
141.078
130.695
127.761
127.048
126.318
130.194
128.277
133.803
133.409
129.078
128.126
128.253
128.194
127.64
128.546
146.76
127.443
128.113
127.244
126.946
126.649
127.755
144.874
127.71
126.478
127.447
127.538
128.188
126.861
142.248
128.267
126.308
126.936
128.052
126.927
127.197
142.829
129.476
127.364
126.449
126.54
126.946
127.494
141.508
129.388
127.325
126.778
126.359
126.729
127.147
138.468
129.9
128.206
127.505
126.723
127.614
128.289
149.126
131.443
128.72
126.15
126.752
126.772
126.649
140.824
129.839
128.138
128.891
126.441
127.37
127.206
127.307
131.203
127.662
127.891
127.034
126.612
128.578
127.983
141.679
128.222
127.388
127.511
126.905
126.51
127.712
141.163
128.435
127.671
128.543
127.766
126.759
128.01
144.67
128.868
127.124
127.914
127.527
125.252
126.151
140.428
128.526
126.856
125.235
125.277
125.863
125.611
137.018
128.067
126.188
125.616
126.381
126.489
125.907
136.835
129.719
126.533
126.778
125.433
126.366
125.53
125.89
144.5
126.778
125.183
126.277
126.284
126.618
125.593
139.255
126.78
126.33
126.452
125.761
127.051
125.422
140.032
128.059
125.629
126.175
125.208
126.389
125.933
139
127.247
125.857
125.546
126.167
125.189
126.311
137.779
130.398
132.868
127.508
126.368
127.25
127.027
137.733
128.714
126.095
125.112
125.428
126.595
124.916
137.032
128.316
125.382
125.827
124.915
125.727
125.359
124.78
138.997
125.848
124.546
124.572
125.412
125.74
125.37
139.704
126.889
125.586
125.539
125.927
124.948
126.274
138.131
128.981
125.349
126.385
125.709
125.226
125.352
140.079
128.101
125.71
125.224
126.045
124.651
124.85
126.047
143.852
126.62
124.608
138.594
156.748
132.098
132.166
121.217
118.202
117.25
117.575
116.711
116.72
116.498
133.028
119.568
117.894
117.496
117.349
115.641
117.626
116.16
130.363
116.581
116.977
116.968
118.109
116.504
116.302
116.413
132.684
117.789
117.604
118.289
133.672
130.629
118.062
131.912
119.253
117.693
117.234
116.185
116.605
116.26
116.817
139.296
118.778
117.8
116.489
117.499
117.619
116.488
116.678
122.051
117.311
117.048
116.931
117.623
117.248
116.44
127.198
120.263
118.486
117.054
116.728
117.322
117.206
116.496
127.855
118.077
117.613
116.548
116.335
117.252
116.64
117.068
136.697
118.105
116.447
117.186
116.851
116.273
118.182
115.574
122.362
117.428
116.631
116.684
116.662
116.363
117.382
127.017
121.664
115.594
116.053
116.58
116.476
116.032
116.306
129.3
118.759
115.789
116.648
115.956
116.835
116.54
117.226
133.523
118.341
116.537
116.396
129.158
119.433
116.988
128.631
120.36
116.978
116.548
116.17
116.754
117.79
117.174
127.932
119.464
116.446
116.714
116.384
116.581
117.064
116.516
129.368
118.876
116.615
115.908
116.11
115.742
116.407
116.644
129.001
116.834
117.84
116.113
117.474
116.323
116.47
116.701
124.714
117.755
118.272
118.582
118.388
117.58
118.803
128.27
121.954
119.448
118.853
118.617
118.221
117.583
118.196
124.753
119.668
118.905
118.471
118.94
116.994
118.144
118.468
133.71
119.049
118.969
118.157
118.344
117.87
118.257
135.568
124.32
119.18
118.688
119.367
117.326
116.635
117.593
122.272
118.849
118.311
117.827
118.739
116.86
118.04
116.787
132.994
119.717
117.705
118.465
118.454
118.151
117.196
126.416
121.713
118.536
118.241
116.228
116.657
116.166
115.545
129.282
118.931
117.409
116.981
116.624
117.587
116.531
115.745
128.717
117.602
116.537
116.947
115.769
117.289
116.27
116.423
130.823
117.222
116.28
117.092
117.258
118.316
116.029
126.321
119.053
117.135
116.841
117.115
117.178
117.357
117.142
124.39
118.201
115.942
115.168
115.926
114.666
115.478
115.789
140.312
151.067
147.072
129.612
128.834
127.385
128.531
142.091
127.027
125.49
126.359
126.458
125.542
124.904
141.944
127.463
128.396
126.616
126.961
127.704
127.469
141.532
127.271
124.799
128.13
126.555
127.761
126.438
140.855
129.56
126.054
126.532
124.552
127.926
126.856
143.057
131.521
126.324
127.177
127.201
126.772
127.948
130.15
129.933
126.594
126.028
127.542
125.917
128.471
127.371
130.081
126.242
127.063
124.793
126.913
125.957
128.347
139.435
127.85
127.445
126.639
126.642
125.896
126.612
138.756
127.171
125.541
126.64
127.886
127.554
126.876
142.987
127.975
126.268
128.2
125.843
129.079
126.555
139.401
128.179
126.639
128.45
126.788
126.616
126.357
139.069
129.139
126.197
126.636
126.666
126.384
126.688
131.127
127.878
126.81
126.84
127.358
126.875
127.575
140.828
129.965
128.488
126.256
125.359
128.089
127.037
127.383
131.692
128.672
127.355
125.759
126.615
126.861
127.097
143.532
128.3
129.295
127.864
127.34
127.981
125.933
142.408
127.798
127.301
127.956
127.32
127.07
126.783
152.086
129.199
127.253
126.311
126.875
125.907
126.3
145.84
125.917
124.738
124.333
124.577
126.624
125.818
137.966
127.213
124.38
126.03
126.442
125.8
125.905
128.54
129.037
125.789
125.135
125.729
125.587
127.184
125.696
131.568
126.143
125.691
125.349
126.565
125.045
125.165
139.538
126.312
126.024
124.937
125.642
125.209
125.998
140.863
127.508
124.556
125.214
125.857
125.756
124.801
134.977
127.908
126.001
125.112
125.53
125.813
126.286
136.925
128.825
125.556
125.613
125.482
126.579
126.877
125.225
142.399
126.158
126.221
126.077
125.632
125.474
125.89
139.731
128.113
125.824
126.321
126.175
126.272
125.354
139.662
128.104
125.417
125.75
125.114
125.917
125.404
142.556
129.811
126.305
125.442
125.295
125.212
125.911
125.198
130.88
125.778
126.525
125.897
125.031
125.403
124.55
138.234
126.937
126.634
124.931
125.087
124.269
126.067
140.403
128.093
126.121
125.436
125.656
124.133
124.825
134.384
124.366
122.285
121.626
120.687
120.253
120.089
121.552
152.534
129.184
125.406
125.445
127.842
126.125
125.83
134.118
127.105
128.043
126.288
126.329
127.009
125.669
141.409
128.316
126.541
126.011
125.865
126.655
125.388
135.856
129.388
126.689
127.838
125.987
127.478
124.474
139.28
129.144
127.196
126.53
126.405
126.354
127.247
126.501
141.766
127.175
126.386
126.796
126.178
125.934
125.689
133.961
127.213
126.875
126.542
126.675
125.73
127.295
142.705
128.376
125.961
126.387
126.221
125.483
126.244
138.06
128.317
127.446
125.599
126.81
126.251
125.74
130.508
129.626
126.516
126.683
126.528
127.5
125.941
126.992
143.133
126.232
127.063
125.72
125.864
126.23
125.662
134.074
127.867
127.715
125.966
126.946
127.752
126.125
141.74
128.547
125.754
127.009
126.579
126.636
125.699
137.109
129.252
126.921
125.492
126.759
125.642
127.714
138.332
131.518
128.056
126.366
126.66
126.85
126.792
127.054
131.878
127.938
127.143
126.492
126.071
126.394
127.465
139.8
127.388
127.042
125.784
126.934
126.604
126.785
139.237
127.203
127.524
125.897
126.419
126.836
125.932
142.679
128.336
126.294
126.392
126.435
126.805
126.599
127.972
128.507
126.215
126.246
126.509
125.346
126.308
124.879
134.077
126.104
125.181
126.384
125.8
124.989
124.42
139.153
125.608
125.145
126.091
125.262
125.002
123.711
139.257
127.52
124.891
124.185
124.51
124.75
124.51
127.655
124.674
123.721
124.046
123.995
122.425
122.203
121.228
147.684
126.708
125.613
125.951
126.317
125.091
125.783
139.304
125.944
125.44
125.376
126.007
125.015
125.612
139.054
128.106
125.306
125.608
125.439
125.202
126.177
140.387
128.588
126.09
126.185
125.761
126.02
125.924
126.623
128.477
126.034
125.721
125.054
125.232
124.888
125.995
140.833
126.125
126.047
125.267
125.316
125.33
125.809
138.548
126.561
123.41
124.193
123.187
123.664
123.529
140.771
128.256
126.011
123.274
123.234
123.427
123.755
123.053
137.316
124.971
123.969
124.636
123.848
124.431
125.515
137.325
126.338
124.541
123.223
121.812
135.59
155.977
160.988
143.124
142.606
141.783
173.605
172.067
206.94
185.59
182.429
181.63
179.923
195.599
187.172
183.334
184.181
185.397
183.123
184.378
216.568
226.84
209.827
195.311
395.457
192.512
169.962
145.605
178.439
140.764
131.402
126.427
383.997
157.336
135.123
138.068
120.563
118.709
135.415
126.867
121.713
118.661
117.329
117.938
118.658
117.924
139.538
120.624
118.218
118.197
117.335
118.037
118.391
117.915
133.846
124.497
122.486
122.609
140.213
129.966
119.951
144.403
123.533
122.063
121.038
121.897
118.529
119.305
135.77
132.268
126.554
126.454
126.472
126.321
125.387
133.906
135.724
131.829
131.152
130.744
130.217
129.582
129.422
139.404
131.053
129.57
127.558
128.563
126.701
126.135
147.609
133.809
131.66
133.093
133.107
130.893
130.758
148.686
133.011
131.336
129.868
131.036
129.721
129.395
145.143
132.184
129.038
130.635
129.372
130.21
129.104
142.526
131.403
129.715
127.559
127.312
124.87
125.796
155.811
136.71
133.306
132.452
131.407
131.562
131.142
149.247
135.555
132.499
137.552
132.731
129.769
129.789
135.085
132.015
130.167
130.003
129.937
129.67
127.997
145.973
130.767
129.113
128.907
128.5
126.211
126.859
154.481
135.846
130.923
132.479
130.662
130.326
130.801
151.065
134.357
132.68
132.303
132.292
130.902
130.6
135.961
134.193
131.5
130.936
130.948
129.66
128.749
145.051
132.562
130.044
128.743
129.792
128.901
129.593
143.597
132.352
129.27
127.997
126.23
127.19
125.503
147.874
140.333
134.097
131.6
131.209
130.605
130.774
139.434
136.278
132.933
133.02
131.865
132.71
130.812
142.418
132.358
131.113
130.288
130.331
130.752
131.433
141.441
131.576
129.826
129.571
129.101
127.907
126.905
149.098
136.133
127.995
126.381
126.136
126.243
126.501
137.636
130.266
125.897
126.011
124.857
126.12
125.498
125.435
139.562
127.524
124.467
125.802
124.279
125.232
124.683
140.333
126.996
125.515
125.465
125.378
125.164
124.824
144.51
136.552
126.962
126.571
124.313
125.615
126.157
137.314
129.739
125.934
124.935
126.024
124.776
126.72
126.374
137.087
127.339
125.786
124.64
125.221
124.46
125.946
139.026
127.233
125.819
125.766
124.973
126.424
124.142
137.699
130.536
127.785
125.859
124.86
125.23
126.229
125.322
141.596
126.77
126.767
124.839
124.927
124.905
125.371
137.411
127.457
125.528
125.288
125.545
124.629
126.264
135.526
126.858
125.362
125.994
125.887
126.418
125.503
124.632
136.286
127.621
126.857
126.214
126.586
125.359
125.381
136.225
128.048
124.797
125.82
124.548
125.763
124.844
139.611
126.283
125.76
125.371
126.109
125.742
125.495
134.271
129.297
126.086
125.291
124.649
126.424
126.375
125.84
140.677
126.999
124.469
125.001
123.91
125.826
124.497
128.582
127.28
125.817
124.713
125.642
124.717
126.457
139.918
132.065
126.548
127.751
125.509
126.702
125.399
125.978
131.466
128.169
125.672
126.111
124.95
125.167
125.085
139.437
125.237
123.306
122.561
136.278
160.298
154.343
187.454
208.753
210.729
195.859
191.03
144.607
131.168
133.773
126.813
126.143
125.679
141.419
131.602
126.675
125.295
125.966
126.124
125.289
125.061
145.094
126.004
125.338
125.556
126.552
125.43
125.643
141.92
128.901
125.039
126.15
125.487
126.234
124.605
142.092
131.611
128.414
125.433
126.204
125.418
125.748
137.867
131.678
125.761
125.629
124.219
124.803
125.533
125.659
140.09
130.035
125.334
126.473
124.817
127.111
125.988
138.492
126.568
127.207
125.302
126.82
125.061
125.909
137.268
158.84
155.806
144.898
174.025
176.795
189.783
176.214
176.545
173.029
176.037
192.729
147.665
174.154
174.719
172.514
176.693
203.379
184.053
181.1
182.185
183.334
201.743
185.388
183.956
180.787
184.648
183.109
218.197
226.877
225.821
249.819
226.234
233.12
223.728
240.727
227.07
233.349
225.774
229.058
227.659
224.483
197.145
190.76
199.893
185.616
184.852
182.79
185.286
200.119
185.043
185.683
182.719
184.868
200.376
185.902
185.078
185.006
185.447
198.831
187.409
183.722
183.023
181.701
201.112
185.99
184.387
185.283
181.452
187.434
216.398
227.054
225.79
210.916
220.099
200.346
189.864
183.087
202.098
192.849
184.287
183.962
185.045
197.106
186.897
182.595
182.275
185.737
197.395
184.477
182.796
184.571
149.035
151.183
142.128
139.707
140.51
139.918
140.581
140.697
157.004
140.677
139.972
139.761
139.508
140.302
143.124
141.341
140.966
139.071
139.338
139.328
140.021
158.398
142.255
139.048
138.492
140.183
139.514
150.793
147.067
140.952
139.805
138.14
139.003
139.415
143.942
142.03
139.502
139.659
139.154
139.288
139.3
157.439
140.67
139.003
139.652
139.334
139.716
154.813
142.903
140.934
139.294
138.643
139.448
139.611
156.026
142.191
139.926
139.291
139.237
138.813
141.937
141.423
139.744
140.291
140.269
139.728
140.274
157.356
142.014
141.225
139.133
140.675
138.431
150.425
145.7
140.264
140.492
141.088
140.056
140.287
153.466
141.613
140.534
139.885
140.889
138.979
139.957
143.711
140.436
140.901
140.732
139.815
140.215
155.18
140.029
138.916
138.488
137.954
144.195
152.015
146.527
139.963
137.882
141.01
140.138
139.918
156.972
142.391
140.846
140.241
139.627
140.397
139.734
189.723
174.014
171.99
175.581
175.996
181.647
171.715
172.143
175.976
172.204
176.523
177.572
170.621
169.951
172.482
155.716
185.373
204.814
195.839
164.44
123.187
118.08
118.786
113.105
112.41
113.77
112.781
111.079
110.766
123.19
113.89
110.799
111.628
112.164
111.776
110.772
113.228
121.373
116.123
112.848
110.866
110.87
111.989
111.397
111.391
110.997
130.231
118.886
117.905
117.433
116.56
117.511
117.055
131.334
121.329
118.871
117.59
118.081
116.537
117.121
116.645
148.815
133.852
130.501
127.933
128.976
128.712
128.733
151.084
134.631
130.264
131.625
131.358
132.016
131.642
145.77
138.206
150.967
156.768
199.44
224.466
207.711
208.879
204.344
205.088
219.021
203.605
201.764
199.184
219.725
204.664
209.009
210.488
212.351
209.606
209.878
204.076
209.601
204.95
237.851
229.246
219.578
192.88
161.47
142.514
139.21
143.419
148.007
150.489
216.354
196.931
195.959
190.717
190.031
157.49
135.562
119.851
116.662
115.758
115.235
129.857
117.553
113.833
112.714
112.694
111.73
112.233
112.501
123.842
143.075
128.096
127.311
126.639
147.508
146.886
163.341
147.508
131.455
124.589
126.386
124.73
124.531
142.384
128.387
125.984
126.215
124.79
125.452
124.05
137.93
156.194
143.177
143.641
136.884
122.299
132.41
129.286
120.747
120.046
119.487
119.771
120.528
120.071
139.168
122.237
121.305
119.765
119.638
120.025
119.71
131.667
125.306
126.422
146.468
132.801
130.7
130.603
149.159
138.023
133.312
130.582
130.865
129.425
130.389
147.337
142.78
133.099
132.07
131.644
133.171
131.019
157.791
136.825
132.501
130.125
131.206
130.155
130.785
148.038
133.063
131.079
130.766
131.051
130.774
130.23
146.709
133.849
132.618
130.747
130.964
130.197
130.606
148.687
135.199
130.77
130.522
129.669
130.485
129.459
149.022
132.684
132.974
130.586
131.186
129.757
132.173
143.595
133.16
130.893
130.068
129.346
129.881
129.947
143.518
132.001
131.821
130.297
130.569
129.647
130.381
148.938
136.389
131.738
130.859
130.191
129.963
129.75
146.808
131.896
131.183
129.924
130.185
130.688
129.548
146.723
132.547
130.074
130.745
129.169
130.038
128.764
146.913
130.96
131.072
129.938
131.858
128.684
130.983
147.014
132.949
130.834
129.512
129.994
130.729
128.905
146.435
131.902
130.514
129.577
130.192
130.492
130.525
145.736
132.273
130.628
130.088
129.704
129.166
130.019
147.087
130.679
130.836
130.285
129.927
130.098
130.235
146.685
132.586
129.767
130.124
130.459
131.041
130.252
148.069
131.665
131.364
128.811
130.907
129.42
129.882
149.12
131.938
130.378
130.571
129.978
130.177
130.41
149.37
132.714
130.913
129.743
129.756
130.486
129.883
139.469
132.496
132.104
129.903
128.868
130.176
129.903
134.198
132.334
130.347
129.422
128.753
129.87
130.137
136.213
131.899
131.385
129.108
129.793
129.912
129.857
135.119
131.47
130.471
129.767
130.011
129.241
129.428
137.187
133.5
130.141
129.948
129.853
129.85
129.403
132.714
130.254
131.197
129.34
129.746
129.472
130.742
134.26
131.033
130.111
130.606
129.55
129.637
129.815
134.118
130.772
130.606
129.666
144.917
131.09
131.148
140.443
153.571
140.948
140.155
137.897
138.976
158.372
139.563
141.477
140.514
140.925
139.006
148.11
142.345
141.235
139.039
139.782
139.996
139.501
156.029
142.239
140.309
139.801
139.596
140.844
139.506
155.469
140.859
140.271
139.758
140.914
141.062
150.482
141.523
140.657
140.483
139.424
140.48
140.499
158.264
140.046
140.734
140.403
139.689
140.525
156.068
143.965
140.209
140.07
140.267
139.521
141.253
158.833
140.862
140.657
140.401
139.668
138.964
142.509
143.725
140.922
140.991
141.488
139.779
140.835
156.197
142.114
140.022
140.495
140.605
140.249
139.975
156.705
140.995
139.652
140.189
139.763
139.739
154.231
142.742
140.781
139.337
139.854
140.013
139.451
156.075
140.41
141.509
139.337
139.451
140.717
168.45
142.568
140.867
140.955
139.858
140.085
140.534
153.8
139.986
141.128
140.037
141.174
139.565
155.941
143.631
140.441
140.699
140.19
140.574
139.902
157.981
140.075
141.302
139.905
141.549
140.043
154.827
142.916
139.28
138.693
141.425
140.564
140.548
157.482
142.299
140.459
140.901
141.409
140.009
149.503
141.932
139.768
140.176
139.668
138.416
140.97
153.165
140.166
140.065
140.154
140.862
140.378
139.508
156.324
139.038
140.882
139.521
140.507
140.552
151.769
142.84
139.806
140.23
139.81
144.784
144.182
152.469
168.526
172.757
172.465
172.934
186.568
148.227
137.992
135.258
134.122
134.269
133.691
147.688
133.803
132.752
133.497
132.297
133.436
133.226
134.492
130.206
130.241
130.206
129.382
128.706
130.762
149.505
136.15
135.022
136.764
134.268
135.803
148.958
170.401
175.351
173.938
174.06
173.487
193.545
172.122
175.03
174.484
173.015
189.87
179.641
175.049
176.731
176.665
188.928
179.257
174.802
176.736
177.065
190.447
177.83
176.781
173.97
176.998
188.745
178.783
176.276
174.113
176.564
179.611
177.333
176.673
174.473
172.76
176.62
183.457
175.839
149.399
141.356
136.947
147.725
139.127
136.48
136.063
136.353
133.822
136.39
139.62
138.112
134.518
134.909
135.929
135.293
134.462
150.218
136.443
134.596
135.1
135.818
135.021
165.181
190.439
145.65
138.12
135.92
135.461
165.837
190.315
174.32
175.485
175.95
176.561
184.6
146.696
137.023
136.696
135.722
134.656
139.196
168.887
175.194
174.465
146.124
139.28
167.317
176.849
177.108
173.156
173.499
174.14
177.154
176.904
176.61
172.399
178.077
174.018
187.716
159.906
150.03
147.996
158.235
146.814
145.379
145.118
145.118
144.436
155.238
147.601
144.61
144.908
146.279
145.466
145.658
158.9
145.172
145.666
145.058
144.197
144.89
159.649
146.956
144.442
144.831
146.345
144.013
155.203
147.574
144.654
145.058
144.781
145.049
144.544
159.349
145.248
146.231
145.46
144.335
144.499
157.5
146.552
146.205
145.683
145.86
145.539
156.194
147.491
144.252
145.998
145.066
144.428
144.821
158.973
146.201
143.885
145.087
145.214
145.607
157.262
147.271
146.653
145.812
143.946
156.464
198.892
179.873
148.293
180.577
178.248
177.9
181.763
178.321
179.479
176.76
177.324
193.77
178.706
177.811
174.779
178.627
181.418
176.922
178.315
178.924
176.253
192.27
179.86
176.018
177.643
178.426
193.189
178.029
176.944
178.261
178.064
177.6
192.073
179.076
178.314
179.394
177.292
181.911
175.581
178.598
178.184
179.28
190.302
181.148
175.391
178.071
179.764
215.855
182.894
179.438
176.793
178.87
189.871
179.154
179.097
178.473
177.642
178.886
189.088
178.432
176.339
178.523
183.711
180.008
176.734
177.232
178.198
177.469
190.859
178.021
175.708
177.963
177.024
186.913
178.925
177.639
177.493
176.18
178.002
192.192
178.94
177.813
176.403
178.075
182.161
177.888
177.299
177.767
177.635
190.504
178.805
176.714
177.944
177.486
190.384
182.675
175.918
177.248
179.091
176.668
193.058
177.181
177.422
177.162
178.101
179.962
177.403
177.109
177.251
177.383
190.302
182.318
177.694
177.473
177.357
189.78
184.441
179.581
176.531
178.024
176.312
187.823
177.159
178.747
176.369
178.137
181.897
177.743
178.441
178.39
176.383
190.517
177.237
180.138
175.377
178.506
189.533
182.693
179.755
178.899
177.049
178.325
188.065
179.166
178.702
177.172
178.142
182.649
175.851
185.048
175.35
178.29
190.567
180.413
176.491
175.752
177.578
192.697
179.687
176.053
179.053
177.485
177.509
193.566
177.731
177.77
174.682
178.007
182.405
177.532
178.498
177.743
177.992
190.756
176.401
178.351
177.672
174.793
190.255
190.55
173.62
177.373
171.695
187.782
200.17
178.161
178.645
179.006
178.886
181.563
175.061
178.351
178.565
179.508
187.857
179.739
176.407
176.655
177.873
214.657
181.999
179.608
178.097
178.004
190.011
180.579
175.695
177.57
177.791
176.615
192.012
179.993
175.566
179.857
176.868
182.227
178.258
177.178
177.84
179.752
190.245
177.354
176.179
177.593
177.65
193.634
180.603
180.888
176.684
176.754
177.394
193.894
179.806
177.07
177.693
177.406
182.767
175.214
177.583
178.612
176.917
192.076
177.771
176.564
176.768
178.793
191.568
181.56
175.665
178.035
177.341
178.128
195.989
176.376
177.292
177.629
177.794
182.051
176.712
177.148
181.502
176.993
191.171
182.59
177.756
181.647
176.214
189.517
177.863
178.593
176.628
175.136
188.083
180.173
176.751
177.894
177.543
177.269
189.103
177.777
178.676
177.776
176.814
193.022
177.954
176.213
177.032
178.443
189.009
179.079
174.394
176.279
177.33
188.23
178.315
177.623
177.857
177.991
176.959
190.134
176.553
177.734
177.019
179.418
192.682
176.181
179.183
179.247
179.567
190.143
206.342
165.135
163.439
167.302
147.822
151.797
149.391
133.777
128.041
127.118
126.504
147.703
130.591
127.235
125.551
125.369
126.597
124.869
136.877
129.992
126.443
127.072
126.717
126.169
125.845
137.565
130.933
126.67
127.006
126.702
125.875
125.585
126.877
144.028
126.877
126.126
127.184
125.799
126.543
125.718
140.648
127.499
126.553
126.076
126.63
125.385
127.449
141.399
127.343
125.867
126.372
127.192
126.047
126.537
141.117
127.71
125.541
126.541
126.395
125.968
125.863
136.324
128.86
125.905
125.299
125.179
126.101
126.497
136.707
128.691
126.312
125.859
125.962
125.367
126.228
125.097
143.727
126.871
126.44
126.521
125.953
127.52
126.552
133.368
127.358
126.242
127.516
126.706
126.557
126.046
140.327
127.981
125.794
125.329
125.575
127.086
126.73
135.135
128.864
126.056
124.729
126.279
127.136
126.431
137.545
129.6
126.399
126.546
125.495
126.266
125.444
126.168
143.533
125.928
125.768
125.503
176.546
143.837
156.539
144.94
185.494
161.921
153.775
153.533
161.488
154.252
196.336
161.29
166.344
165.405
200.097
201.322
197.247
215.757
199.604
194.916
198.635
190.795
206.343
200.778
196.513
211.14
201.342
202.466
202.188
176.289
202.179
204.892
199.175
204.046
187.759
166.286
199.972
199.595
170.336
199.53
201.779
196.567
220.979
165.641
156.435
157.267
156.52
171.737
159.94
203.983
215.768
203.942
222.474
199.103
198.9
202.35
211.25
205.122
203.076
201.497
218.883
205.386
191.793
235.896
263.246
235.736
197.723
178.584
191.609
177.363
165.212
185.877
163.8
166.988
157.941
153.971
153.152
152.872
169.366
189.417
136.755
129.22
127.622
126.376
126.205
125.368
143.396
128.307
126.25
125.58
126.105
124.625
124.73
139.756
132.712
127.178
126.135
125.983
125.402
124.859
135.546
128.19
126.151
125.453
124.524
127.21
125.36
124.885
137.315
126.192
126.716
125.499
122.773
124.671
125.583
137.751
125.654
125.844
126.009
124.899
125.721
124.974
142.514
131.625
126.574
126.656
125.493
125.747
126.713
125.477
136.655
128.153
126.568
126.112
127.194
125.302
125.575
142.807
127.104
124.567
125.043
125.491
125.032
124.863
143.468
150.305
179.293
177.408
174.999
139.579
143.17
131.502
129.892
130.818
131.48
129.552
130.722
147.109
131.225
130.983
129.793
129.639
129.678
129.882
147.176
131.585
130.481
129.288
129.615
130.582
130.481
146.625
131.979
129.311
130.626
130.755
129.251
129.361
143.32
133.669
130.16
129.305
129.977
129.767
130.565
140.282
132.773
133.117
130.324
129.331
129.214
129.756
155.228
172.196
148.099
141.161
141.839
141.097
145.886
143.27
141.893
140.657
141.232
142.388
142.735
168.653
151.514
148.757
148.553
150.176
148.734
159.25
150.635
151.64
150.049
147.988
147.534
169.374
148.968
146.873
148.16
147.931
146.177
166.683
153.375
153.302
152.141
150.517
150.263
165.38
151.717
157.498
152.75
167.782
146.696
159.891
144.708
174.726
175.854
178.245
187.735
177.028
175.316
173.001
176.64
176.928
190.354
175.184
176.627
176.498
173.987
190.465
177.827
172.955
176.733
172.71
178.388
176.528
176.588
175.775
172.978
175.337
193.262
176.411
175.981
176.741
176.223
189.232
176.068
176.889
176.446
176.528
188.504
174.03
176.016
172.4
177.555
193.815
175.656
172.537
176.854
172.567
176.982
190.518
175.559
172.089
176.498
176.496
189.527
174.02
177.196
176.941
176.561
186.669
174.425
172.319
176.748
175.921
187.83
177.254
174.889
173.406
176.835
172.654
189.935
173.49
176.49
177.006
175.334
190.389
178.261
175.534
175.982
173.031
178.339
176.357
173.716
177.064
158.078
179.808
159.844
123.339
119.694
117.912
118.973
117.321
117.059
128.965
116.355
113.826
113.282
113.315
114.494
114.057
114.962
172.442
144.242
134.589
131.932
133.384
132.007
140.6
142.569
135.216
133.369
131.708
130.561
132.316
147.474
138.287
132.556
131.53
131.537
130.551
130.544
148.626
155.433
148.59
143.961
143.344
143.428
153.79
144.21
144.37
145.275
143.392
155.18
151.771
157.061
147.714
143.351
142.966
150.164
132.773
189.545
157.142
135.183
129.237
128.76
131.501
128.316
127.862
128.03
127.998
127.928
127.817
147.867
128.794
127.752
127.888
127.881
128.732
127.098
154.09
131.648
128.169
127.059
127.561
128.28
127.757
144.987
131.563
133.158
130.334
130.521
131.186
132.095
145.913
132.442
160.61
144.654
126.669
125.96
126.715
145.298
128.982
128.396
127.886
127.862
127.236
127.743
147.37
129.453
126.983
127.256
127.652
126.989
126.084
142.356
143.118
142.767
153.995
143.233
143.25
157.252
176.6
174.909
164.54
182.101
188.267
173.522
172.04
173.224
142.895
138.36
166.219
175.848
172.216
142.468
173.16
171.742
187.025
175.548
174.745
193.5
151.652
171.824
148.053
178.458
178.389
198.636
231.604
217.797
214.365
186.263
178.656
184.971
198.485
216.344
203.277
238.11
217.473
219.258
219.521
216.699
201.249
181.259
194.365
182.066
179.617
195.173
179.508
194.519
179.789
177.179
192.736
182.739
179.241
180.905
181.604
183.975
180.604
193.369
177.89
182.165
185.53
179.762
179.514
179.28
179.803
190.495
208.342
213.439
182.678
173.563
235.006
227.267
222.408
223.186
229.952
227.767
224.88
226.919
242.352
226.944
224.368
223.304
234.136
225.218
224.435
229.333
226.549
224.868
225.877
223.808
192.931
222.83
221.936
220.958
220.841
196.309
183.738
182.302
176.681
178.393
179.728
175.18
178.652
176.947
177.185
192.611
179.962
177.713
176.858
175.812
216.005
182.778
176.097
176.413
176.877
190.66
180.481
175.947
178.081
177.747
177.015
189.064
176.634
178.278
177.533
177.65
189.383
180.79
178.488
177.129
181.153
211.782
221.776
204.568
189.086
180.257
191.812
178.228
178.84
176.513
177.479
190.993
176.016
177.87
176.73
177.512
193.254
180.248
177.297
176.52
179.114
215.227
178.632
145.986
177.552
177.325
178.944
192.958
177.277
181.293
175.36
177.403
181.686
177.422
175.541
177.485
177.818
191.401
180.54
175.597
177.633
177.484
188.895
177.68
176.022
177.084
176.902
177.138
188.837
188.228
265.721
230.872
231.84
187.762
151.074
135.297
127.712
144.529
128.567
127.376
124.704
125.621
125.593
125.062
141.8
131.368
126.592
125.453
125.12
124.991
124.529
124.515
138.036
124.866
129.369
153.373
146.618
144.116
159.254
144.734
143.277
142.405
142.833
174.735
178.876
176.348
177.436
177.159
183.024
190.027
179.881
177.262
177.493
177.56
177.623
193.824
179.608
177.211
181.059
178.609
194.896
175.314
176.642
177.382
176.658
191.866
179.056
176.949
176.744
178.261
182.565
176.797
177.255
176.856
177.096
180.522
183.828
179.583
177.036
176.977
180.988
187.424
175.65
176.627
172.281
176.843
188.78
177.801
176.868
175.935
176.798
179.421
177.229
146.345
143.434
174.359
176.5
188.775
175.942
146.555
157.77
151.373
146.509
150.281
146.071
146.933
148.13
146.728
158.428
145.917
146.312
145.911
146.937
159.17
147.719
146.468
195.1
161.671
186.064
180.937
177.349
177.042
177.416
164.694
144.612
139.538
136.209
140.306
135.569
136.775
182.302
178.542
177.419
176.052
175.499
193.743
179.16
179.258
179.036
177.542
190.669
179.845
180.029
177.786
177.987
190.501
179.837
181.734
176.472
176.203
176.518
184.815
176.334
177.602
177.641
188.603
177.548
178.456
175.541
177.857
147.277
155.234
138.381
137.108
136.263
136.92
136.29
144.404
138.405
135.918
134.727
135.009
143.2
160.45
158.001
157.184
156.483
157.87
155.896
156.64
176.102
155.95
156.733
157.512
153.98
167.357
148.826
146.604
146.833
140.906
131.772
203.528
210.162
200.855
172.916
140.51
131.836
150.272
131.769
131.643
131.607
130.727
130.626
129.36
145.176
130.565
128.936
129.995
129.339
130.167
128.808
143.056
130.625
129.078
129.135
130.003
129.563
130.345
146.763
130.612
130.199
129.276
128.944
129.067
130.014
147.538
131.38
129.815
129.89
129.843
129.774
130.218
142.955
131.17
131.976
130.212
129.226
129.22
129.78
140.868
131.09
130.705
129.061
130.181
129.63
129.015
145.544
133.289
130.014
129.86
128.75
129.639
130.655
137.052
132.192
129.849
128.997
128.196
129.743
128.581
129.526
143.782
129.032
128.721
129.235
129.249
128.764
128.902
142.78
129.617
128.507
130.924
129.753
129.166
129.556
145.286
131.568
129.687
129.626
129.779
129.191
129.258
144.216
131.25
130.792
128.879
128.537
130.495
128.417
142.666
131.673
130.185
129.373
128.264
129.634
128.962
143.295
131.19
127.819
127.323
127.946
127.364
127.541
159.735
158.465
147.852
145.911
143.154
143.19
142.413
154.613
143.511
177.523
177.854
179.166
190.383
179.367
175.279
179.626
176.841
187.265
178.002
175.871
178.633
178.838
177.9
191.067
177.196
176.26
175.882
176.012
183.611
178.327
177.535
182.278
174.946
192.403
178.234
177.656
178.421
181.051
211.571
200.507
200.744
173.767
140.583
132.643
148.396
133.663
132.561
131.559
132.437
130.651
130.989
145.76
131.646
131.156
131.377
131.508
130.763
