391.132
192.039
162.903
141.306
135.995
134.333
157.153
138.376
133.975
132.326
132.368
131.962
131.896
150.549
133.085
133.667
132.942
134.071
132.632
132.886
147.473
135.548
132.915
132.461
132.127
133.168
133.98
149.189
134.77
133.389
134.017
133.421
133.994
133.252
149.824
133.697
134.528
134.36
133.857
133.646
146.138
136.17
132.466
185.307
194.565
165.727
205.964
171.48
158.091
155.932
154.823
156.934
173.283
155.868
154.256
156.699
156.257
157.667
163.019
157.299
164.825
169.226
209.72
251.457
204.829
226.978
203.334
231.311
273.14
342.134
341.174
268.994
238.449
231.991
249.841
182.464
231.026
344.665
325.727
230.743
211.431
234.157
256.435
223.875
264.21
356.494
251.432
432.623
234.245
196.939
207.333
210.492
213.436
263.216
263.355
288.935
261.817
217.427
216.46
239.053
215.63
216.59
217.579
194.913
170.491
164.596
165.079
165.772
166.415
179.835
168.646
164.039
164.534
166.233
177.125
168.292
166.11
163.654
165.471
164.151
178.317
166.88
164.416
164.834
164.36
181.742
166.003
165.59
164.449
164.27
164.839
172.403
165.79
166.642
163.353
163.23
176.585
166.661
163.35
161.413
161.953
161.973
173.977
201.802
196.649
176.335
161.224
181.357
163.701
162.475
163.742
185.212
173.082
169.65
170.744
168.341
169.269
170.95
192.517
204.366
263.655
182.198
182.685
196.564
198.946
194.913
191.358
223.38
188.531
193.183
190.02
190.439
208.131
193.974
188.49
188.901
190.182
207.882
191.551
188.854
188.126
167.137
186.549
184.248
167.742
167.207
166.109
188.662
167.765
165.416
163.89
165.613
166.186
185.704
167.515
165.982
170.235
169.006
187.453
168.816
165.817
165.941
167.049
165.592
169.195
164.815
165.471
170.409
166.496
184.407
168.424
165.33
168.432
161.376
167.586
158.578
153.744
154.024
155.369
153.898
153.46
158.927
154.938
153.633
154.824
154.166
154.262
158.075
155.05
152.738
169.159
177.012
164.09
137.635
132.147
131.81
131.986
131.868
132.394
146.473
133.675
131.21
133.139
132.905
131.188
132.191
146.532
132.465
131.294
132.043
131.539
131.09
131.348
146.34
132.999
132.128
131.268
131.769
131.585
131.675
146.109
133.413
131.498
131.221
131.1
131.083
130.382
147.305
131.345
131.365
130.84
131.052
179.481
173.008
149.57
149.47
153.242
148.434
149.119
145.619
164.779
147.11
147.814
147.685
146.556
149.55
162.232
148.124
146.135
146.986
146.037
148.835
161.936
149.052
146.981
148.454
145.72
146.854
162.496
149.303
146.509
146.161
148.139
148.033
147.184
164.244
149.026
146.419
147.603
148.144
148.071
163.144
146.61
147.314
146.229
146.25
147.309
162.758
149.826
147.014
145.556
147.837
147.294
161.855
150.112
147.727
148.097
170.034
182.471
219.581
201.987
195.431
193.305
211.17
221.098
191.965
144.752
131.075
129.429
128.656
138.616
133.262
133.528
132.596
132.469
131.949
142.321
156.365
134.932
142.562
135.35
134.168
225.956
163.985
160.661
156.526
157.94
157.873
174.024
157.81
158.53
157.811
158.31
157.636
175.086
158.992
158.136
165.579
188.172
167.077
147.442
143.314
144.019
143.714
142.266
142.098
161.425
145.707
143.069
142.878
142.528
141.53
159.587
149.381
144.737
143.236
141.913
142.084
142.298
154.953
145.068
143.314
143.023
142.84
143.971
150.315
155.185
183.648
169.416
190.042
201.917
172.387
168.92
186.073
161.092
147.146
162.307
145.409
177.278
148.687
142.079
139.851
157.267
143.198
142.42
141.582
142.845
143.187
160.838
145.903
142.091
141.045
139.178
140.992
139.581
155.761
141.476
139.581
142.473
142.45
142.237
154.362
139.372
138.606
185.81
168.13
150.046
160.484
149.176
142.127
139.712
142.132
139.579
140.093
143.061
141.4
139.778
138.794
139.967
139.886
155.057
141.467
140.422
163.061
141.543
139.464
139.033
161.04
140.836
140.046
139.576
140.948
139.212
152.23
141.102
140.168
139.563
140.524
140.28
139.87
144.037
159.846
140.682
140.027
140.595
139.802
153.029
142.64
140.698
141.29
139.544
139.582
140.522
154.184
140.918
140.42
141.252
139.926
139.69
140.108
147.138
141.895
140.624
140.618
140.229
139.658
150.335
141.019
140.614
141.002
140.373
140.658
140.719
151.384
142.503
141.761
140.046
140.27
139.435
142.98
144.869
140.65
139.823
139.739
140.03
139.883
154.807
140.975
140.298
139.919
139.97
139.425
140.126
150.447
140.658
139.405
139.485
138.967
140.863
155.859
143.535
138.981
139.94
140.711
140.374
140.728
146.332
138.193
137.23
137.371
153.273
195.769
176.547
150.411
146.452
147.211
146.374
145.884
158.792
149.873
147.096
146.421
146.024
147.477
146.359
149.824
147.715
146.856
147.547
145.917
146.691
162.93
146.938
145.265
145.77
147.063
146.538
162.411
146.829
146.335
146.596
146.837
147.372
164.381
150.188
146.927
146.429
146.017
147.668
146.525
148.781
146.899
146
147.584
147.631
146.224
159.226
147.896
146.501
147.421
147.812
147.02
162.06
148.333
146.131
146.669
147.485
145.92
165.466
150.648
146.569
147.126
147.277
146.351
146.218
150.813
146.512
146.853
145.806
146.305
146.155
157.105
148.27
147.293
147.538
146.673
145.425
160.367
148.633
146.528
146.108
146.288
147.231
157.09
150.168
148.548
147.785
146.959
147.403
147.966
160.363
147.44
147.207
146.919
147.051
147.645
160.681
146.789
146.976
145.329
145.436
157.717
200.557
171.873
166.636
165.13
164.934
175.31
171.761
166.139
165.295
164.039
164.708
178.642
165.81
166.395
166.123
165.117
163.827
179.63
164.717
165.951
164.133
163.627
175.608
167.812
166.033
166.907
168.152
170.772
196.263
171.494
168.54
167.779
165.415
180.751
204.177
167.669
160.602
160.316
169.916
162.162
163.918
175.228
200.557
154.636
143.439
135.329
134.755
135.139
134.993
134.723
134.323
146.319
134.861
134.794
133.814
133.38
133.603
134.984
149.805
134.539
134.245
133.738
134.175
133.841
150.192
137.36
135.053
133.583
133.811
134.332
133.493
144.751
136.758
133.865
135.141
133.66
134.136
132.611
149.414
134.969
133.751
134.589
133.775
134.216
134.842
159.362
134.252
132.942
134.099
132.744
134.273
133.889
150.975
134.846
133.311
133.353
133.287
133.821
143.492
137.383
134.409
133.588
133.985
134.024
133.666
143.602
135.964
134.857
134.262
133.013
133.38
134.387
148.993
134.601
134.097
133.581
132.895
133.904
132.674
148.57
135.363
134.262
133.745
133.952
133.132
134.463
145.91
134.346
134.999
133.48
133.825
134.169
133.811
148.999
134.643
134.19
134.055
134.201
134.55
146.767
137.279
134.132
134.015
134.527
133.423
133.828
143.67
136.285
134.004
133.152
133.901
134.033
134.045
148.954
135.031
132.665
133.434
134.876
134.509
133.851
148.955
134.382
135.077
133.377
134.523
134.208
133.296
148.891
134.637
133.017
132.751
134.77
134.86
134.673
139.626
133.837
134.533
134.643
134.254
134.446
144.13
136.451
133.365
134.015
132.719
133.918
133.807
144.755
135.896
133.24
134.165
133.333
133.657
134.391
148.307
133.997
133.898
133.901
134.292
133.681
134.757
147.618
135.115
132.966
133.083
132.361
133.606
134.172
149.717
133.531
134.486
133.865
133.888
133.39
133.725
140.975
134.088
134.819
133.907
134.616
133.523
143.639
138.056
135.008
133.693
133.032
133.071
134.118
144.738
135.294
133.453
133.26
133.938
133.708
133.799
144.668
136.743
133.607
133.87
133.326
134.103
132.738
147.435
134.532
134.934
132.553
132.51
133.046
132.922
144.796
134.981
134.274
135.027
133.825
133.293
133.635
146.649
131.421
129.373
129.58
127.495
129.29
127.904
150.526
135.071
134.559
133.757
134.203
133.601
146.268
136.735
133.917
134.666
134.134
134.075
133.053
148.033
138.265
133.751
134.792
134.877
133.202
134.299
148.123
182.085
160.331
152.18
153.353
157.841
163.41
150.822
150.496
150.306
150.789
149.444
159.535
149.747
149.507
149.874
150.515
150.134
175.576
163.381
163.301
159.368
174.116
167.904
156.818
152.743
151.579
150.389
150.657
149.314
171.044
150.731
148.277
149.526
150.887
150.8
159.264
153.399
151.408
150.341
150.413
151.217
162.349
150.383
150.906
151.408
151.242
150.702
166.984
152.105
151.742
151.328
150.773
149.455
166.966
151.696
152.945
151.014
150.247
150.302
163.755
151.593
151.468
153.433
163.026
161.643
178.088
161.882
178.303
162.053
178.503
179.744
162.669
162.145
162.645
162.039
165.33
162.463
160.568
162.22
161.745
166.546
161.751
162.156
163.946
163.321
164.804
162.006
162.953
183.519
175.426
165.529
164.225
161.757
162.491
177.604
165.814
164.124
160.975
161.192
173.059
164.625
161.447
164.371
163.53
186.425
162.87
181.353
163.401
162.759
172.27
163.864
163.793
162.857
162.891
171.469
161.489
161.608
161.756
160.418
177.524
162.867
161.263
161.852
163.2
175.079
158.917
152.137
148.708
152.187
151.83
163.97
150.644
148.34
148.714
147.956
150.316
165.825
163.386
161.624
163.011
157.7
186.313
167.194
164.763
162.717
161.801
179.335
163.444
162.259
164.027
159.806
179.672
166.664
162.772
162.688
157.653
150.161
183.443
184.01
190
179.364
176.507
176.477
180.02
176.137
154.008
147.497
147.229
152.663
147.254
147.457
147.651
189.113
218.646
190.929
189.265
191.06
190.305
207.899
190.732
188.14
189.581
187.168
194.236
191.109
187.927
191.712
188.162
191.816
191.542
191.257
192.429
192.421
221.006
204.468
188.167
188.48
186.321
263.795
239.161
215.033
236.984
204.774
193.124
190.135
190.419
200.477
194.506
191.067
188.751
189.875
203.109
191.725
188.868
188.483
189.319
203.138
191.146
189.61
190.906
189.737
203.692
191.416
188.874
188.138
189.232
198.252
189.156
189.86
188.15
188.733
194.997
190.608
177.469
178.489
176.594
205.31
189.807
188.674
189.335
189.632
193.232
187.1
189.089
191.234
190.372
195.559
195.184
189.365
189.487
188.721
192.692
188.771
186.174
190.239
188.189
194.573
187.605
189.349
189.417
189.013
193.818
188.995
190.389
190.291
190.067
194.324
188.2
189.761
187.926
185.851
190.158
191.347
189.821
190.973
189.553
192.308
191.439
190.555
188.527
189.737
189.617
189.392
187.244
191.043
190.141
238.675
235.692
238.104
237.045
241.496
203.234
189.243
191.334
198.625
195.22
186.932
188.985
189.178
209.224
195.066
189.208
185.654
187.432
200.387
193.183
191.458
189.165
190.453
205.067
190.599
187.644
189.181
189.235
206.646
190.106
177.277
188.637
185.692
201.365
190.003
188.727
187.99
188.974
204.119
188.938
177.272
176.688
202.569
225.472
192.902
178.082
175.124
220.306
285.376
226.688
218.132
157.692
156.079
142.991
141.68
141.327
141.329
140.984
142.005
155.611
141.713
141.121
142.076
141.15
141.866
155.163
142.408
141.73
141.543
141.623
142.405
154.763
143.619
142.481
142.953
142.168
142.489
141.573
157.77
141.824
142.503
140.947
142.291
142.495
152.5
142.899
141.611
140.982
142.44
142.308
140.831
156.908
142.332
141.762
141.786
140.816
141.001
155.758
142.079
141.68
141.106
141.33
140.931
141.43
151.549
143.382
142.394
141.47
140.576
141.653
155.965
140.591
140.672
141.801
142.565
141.166
148.831
144.822
141.944
141.259
141.764
141.737
142.362
156.744
141.915
141.67
141.108
141.515
141.165
153.209
143.956
141.757
142.148
142.452
141.503
140.464
156.547
142.091
142.023
142.123
141.248
141.577
154.766
141.614
142.224
141.794
142.982
141.82
155.072
142.051
142.868
140.675
140.917
139.848
142.023
151.325
140.691
141.53
141.506
141.292
140.82
153.935
144.803
142.353
141.73
141.433
142.167
141.053
167.476
160.926
150.903
193.938
191.288
209.565
190.596
190.46
193.189
191.044
191.115
194.719
191.699
191.944
193.236
204.211
191.799
191.751
192.494
188.954
198.503
194.196
207.097
193.92
205.733
189.944
192.033
189.757
193.817
203.218
193.07
190.924
192.999
193.847
204.918
193.651
192.514
192.755
194.015
209.645
193.714
191.475
192.698
208.746
196.608
192.077
192.21
192.654
210.091
193.433
192.776
191.778
188.987
199.302
189.748
188.652
193.363
189.999
208.41
193.767
189.516
191.936
192.425
212.217
193.293
188.701
192.765
205.684
194.673
191.061
189.423
192.195
208.2
192.148
190.854
178.265
191.977
206.574
193.132
190.863
178.429
154.433
158.887
148.836
147.874
146.692
146.93
146.992
159.69
154.095
188.445
193.667
184.301
158.129
171.285
184.494
218.984
216.238
225.147
218.685
238.415
229.636
266.055
274.218
272.237
259.701
264.353
275.712
252.056
274.236
274.752
280.498
236.575
244.1
273.263
274.887
275.518
251.13
292.032
275.055
222.996
237.184
284.64
275.8
237.419
280.624
270.072
234.599
266.721
275.135
277.018
252.3
277.235
233.384
271.17
269.229
249.548
277.346
286.157
272.511
271.816
230.8
221.987
250.414
233.709
233.941
236.513
250.366
274.809
224.564
271.162
271.872
270.216
248.144
272.072
270.512
276.46
274.916
289.139
275.635
249.8
223.41
282.197
276.294
249.669
246.259
267.846
278.657
278.154
224.744
233.581
251.875
277.846
232.434
272.186
275.857
273.064
248.387
292.381
279.057
223.242
269.631
275.149
250.79
275.909
291.714
273.016
271.374
279.424
270.72
251.136
276.67
277.079
275.207
262.422
275.825
251.902
276.447
275.826
280.631
275.461
276.664
248.408
277.927
289.846
270.983
276.216
274.887
274.161
273.245
280.982
274.931
274.553
255.945
275.836
247.129
293.522
275.506
249.599
236.89
283.263
276.814
273.992
288.584
278.164
271.699
211.627
182.9
197.425
255.428
246.637
226.833
229.972
228.225
242.228
229.638
230.173
228.501
243.331
199.782
211.731
196.848
213.12
205.189
193.671
196.587
164.544
178.862
190.896
170.087
164.447
169.989
169.443
179.192
169.469
170.248
165.848
167.632
168.574
188.517
167.768
167.133
169.707
167.515
174.865
169.155
171.785
166.88
164.113
169.586
189.867
194.021
195.978
195.676
205.954
197.927
193.761
197.115
195.575
207.608
197.61
194.815
195.542
195.076
205.403
225.451
227.377
229.212
253.479
249.296
227.345
228.393
230.962
229.293
231.963
230.85
229.984
228.801
206.048
222.354
245.431
213.632
197.686
193.911
194.448
199.488
214.518
194.272
194.061
225.416
212.985
211.414
195.027
213.927
200.406
196.346
210.913
212.384
203.608
195.701
194.329
195.951
186.111
202.622
219.556
225.004
198.034
190.616
211.179
173.935
186.894
186.128
186.697
237.343
209.908
214.161
212.333
254.602
214.338
208.956
195.809
206.41
209.192
207.434
212.097
213.219
217.717
228.684
229.911
198.489
221.387
194.052
195.614
214.245
194.145
216.917
213.753
200.585
197.638
209.141
197.109
213.061
213.611
198.322
199.657
198.111
195.043
213.279
208.074
195.868
197.058
211.698
193.623
200.68
202.237
208.938
194.672
206.597
198.662
214.807
212.117
208.002
210.585
197.349
192.925
195.445
211.157
184.022
194.432
193.596
195.955
207.184
197.403
206.99
195.078
194.296
205.451
194.899
195.021
214.81
193.205
204.774
197.156
214.899
195.923
208.216
199.906
195.136
206.967
215.479
210.421
198.663
211.733
194.037
195.431
225.427
194.304
212.457
191.562
219.598
196.467
195.364
195.454
202.273
207.894
195.65
194.961
198.793
194.692
209.644
193.933
195.464
193.462
205.74
195.959
193.661
212.213
193.865
213.373
195.722
195.043
196.458
195.959
214.485
194.124
194.793
192.92
196.083
227.948
212.857
192.711
196.195
221.844
215.364
211.397
213.118
193.463
209.39
214.973
210.098
192.919
206.302
218.564
211.25
197.336
207.271
208.986
195.25
197.512
212.754
225.797
198.203
213.442
196.504
194.92
199.743
195.628
193.987
196.25
195.627
210.613
208.461
192.852
194.652
208.61
211.95
191.38
192.567
212.998
208.477
211.227
194.136
213.906
194.529
198.961
211.975
195.455
196.083
209.051
193.566
211.087
193.109
197.93
214.208
195.484
194.642
193.534
186.606
206.086
195.129
212.557
209.571
210.555
198.465
202.06
195.557
212.138
214.436
192.103
196.032
213.72
206.114
197.362
195.117
194.977
220.943
207.214
195.458
194.265
196.978
198.254
216.925
198.085
194.525
196.096
205.042
197.723
206.158
194.139
219.928
209.5
194.743
194.221
196.161
200.938
207.32
197.425
212.691
191.846
204.678
195.605
194.657
215.234
209.286
208.161
209.362
196.52
212.426
190.967
208.489
213.256
196.844
212.879
208.657
196.417
193.946
197.103
195.599
220.952
210.716
194.861
191.325
221.972
196.164
195.462
212.947
196.179
210.131
197.89
213.594
216.163
193.015
211.825
211.568
195.965
194.952
227.442
196.765
201.366
206.867
192.039
199.656
195.698
197.492
196.792
206.087
209.99
193.596
193.205
192.631
209.574
195.858
193.801
195.247
195.706
207.268
196.872
211.79
194.432
211.32
210.044
193.737
194.732
193.368
221.216
194.639
213.213
194.32
211.181
208.444
197.761
212.471
208.962
192.584
228.426
195.295
197.557
214.796
206.565
197.822
211.575
193.061
193.305
195.147
197.152
196.6
194.558
196.029
210.672
196.651
195.906
195.766
229.726
194.956
195.138
213.235
210.5
212.443
196.657
178.249
212.006
227.866
196.852
195.208
195.304
195.961
210.927
196.555
213.129
194.36
197.064
197.728
197.863
195.812
213.091
205.713
201.546
211.779
195.852
196.754
210.425
210.453
212.404
193.249
192.444
227.111
212.041
193.53
195.497
207.254
198.516
195.929
209.245
196.257
209.502
194.302
210.188
195.557
196.032
228.414
226.07
225.102
226.731
239.234
217.051
229.281
228.32
217.787
229.267
229.346
229.761
255.292
228.34
198.543
194.506
234.557
222.911
225.216
219.759
241.087
278.613
279.091
291.451
278.832
238.268
221.083
257.954
272.177
254.896
284.514
279.96
274.208
251.035
221.946
242.782
217.712
235.646
240.592
231.642
174.081
198.596
233.62
216.335
218.776
217.975
275.22
248.462
232.749
224.925
274.932
248.567
278.172
239.821
276.464
248.423
279.178
232.894
266.827
249.8
275.437
275.595
237.635
253.758
275.004
275.494
274.078
233.33
219.062
244.363
279.319
275.097
248.554
289.628
274.8
247.788
281.219
275.592
223.097
264.032
259.18
256.83
215.96
226.696
195.505
195.472
189.109
190.929
203.358
191.619
192.213
191.133
190.361
196.408
191.244
163.884
192.871
203.07
190.947
192.333
195.43
191.148
194.683
190.776
189.008
191.769
190.94
204.417
193.082
192.354
191.514
191.288
211.515
189.396
190.258
187.578
191.762
194.044
193.115
195.144
191.548
190.976
207.87
189.53
191.16
191.494
203.257
191.566
200.979
192.612
190.065
188.58
198.081
191.402
190.814
188.618
184.26
194.939
189.716
191.157
192.701
183.592
194.004
190.991
190.964
192.477
210.835
192.117
191.118
192.053
192.972
208.941
193.914
190.483
192.313
207.47
196.203
192.859
190.749
191.885
198.739
190.004
192.062
191.238
190.919
191.232
195.73
195.524
195.165
190.308
179.14
191.508
195.681
196.113
191.153
177.954
186.94
188.493
191.575
190.976
211.154
190.612
190.717
191.806
191.072
212.838
190.689
190.468
191.789
204.159
199.555
187.338
187.34
188.794
202.512
201.657
187.637
188.142
187.781
203.022
190.802
189.372
188.536
189.269
206.455
191.297
189.715
188.634
189.443
209.985
192.123
185.114
184.354
200.302
204.716
191.053
189.052
188.571
202.735
191.203
190.003
189.14
189.079
202.828
191.324
189.315
189.164
189.21
202.892
187.613
189.784
188.661
189.451
192.699
187.122
189.459
188.015
203.79
190.969
188.433
190.731
187.865
190.087
190.061
188.601
188.89
189.732
199.216
190.469
189.259
188.517
187.033
202.665
190.595
189.041
188.734
189.681
202.337
186.975
188.563
189.234
190.562
212.262
184.184
185.747
157.178
145.726
155.547
148.951
141.308
141.008
148.944
145.457
152.825
145.142
141.418
142.601
141.872
142.5
143.094
158.514
141.717
141.055
142.583
141.943
142.158
150.732
145.381
148.436
164.754
152.385
155.206
156.815
156.964
149.562
149.498
148.81
148.966
148.178
160.906
150.504
148.73
147.901
148.496
148.393
160.092
149.084
148.084
149.977
148.065
148.086
173.482
151.745
148.177
148.403
148.644
148.236
159.934
151.748
148.426
149.068
147.789
148.427
147.575
163.518
150.024
147.788
147.558
147.94
147.303
161.483
150.294
148.262
153.657
152.114
149.171
162.29
149.285
147.456
148.433
148.223
148.493
159.902
152.59
148.43
147.694
148.857
148.431
147.461
162.733
149.522
181.684
164.691
150.98
147.604
164.512
151.648
150.943
149.245
149.977
150.948
153.552
151.661
149.188
148.941
150.067
151.374
165.008
151.233
150.267
149.736
151.089
149.503
160.93
151.687
150.297
150.79
150
150.594
160.128
151.801
149.625
147.487
147.976
147.139
147.187
160.425
151.213
149.017
149.034
148.192
149.963
164.376
152.536
155.474
152.55
149.026
148.376
161.288
150.828
150.289
149.525
150.133
149.35
163.176
154.548
150.849
150.501
149.405
150.167
158.497
167.751
149.848
149.836
149.649
149.819
150.294
173.309
150.256
160.067
150.073
150.758
149.763
165.652
150.728
150.331
150.834
150.1
150.501
155.718
152.083
149.673
150.763
149.285
150.862
165.197
151.426
150.151
151.29
149.997
165.589
166.747
152.007
150.24
150.619
149.831
150.297
165.244
152.899
149.65
149.242
152.199
150.07
165.666
159.846
156.641
150.836
150.414
150.364
162.003
156.292
151.642
149.632
149.789
149.025
160.045
152.941
150.467
149.943
149.874
150.16
150.31
166.325
151.527
149.717
151.18
150.391
149.842
161.459
151.484
149.459
148.696
149.552
149.585
163.765
152.533
149.91
148.932
149.877
149.586
163.347
152.424
151.143
148.148
147.461
148.917
161.399
153.462
149.257
150.217
147.387
149.647
160.452
154.708
153.714
150.244
148.757
149.748
149.237
165.272
151.08
150.255
150.649
149.625
149.688
153.907
152.242
150.461
150.501
149.501
149.888
164.132
151.948
150.684
149.846
149.291
148.857
165.167
152.482
150.049
150.321
150.551
150.135
164.923
155.914
151.29
150.331
150.529
150.224
159.974
153.408
150.882
149.886
149.943
149.793
149.251
165.335
150.617
151.374
149.706
148.903
150.589
161.773
151.484
150.127
149.275
149.745
150.642
165.984
152.242
150.742
149.435
149.589
149.721
171.294
151.48
151.282
151.113
149.511
149.592
163.08
151.698
150.524
149.744
149.822
150.674
164.626
155.524
150.052
151.828
149.676
157.15
152.917
153.816
151.138
149.89
150.98
149.599
150.268
163.42
148.726
147.159
148.659
147.769
146.823
165.75
155.366
150.803
150.502
150.514
183.48
178.002
185.804
188.15
197.475
216.333
250.3
272.044
271.651
284.525
271.632
271.039
288.416
273.637
271.813
272.668
270.891
204.024
259.238
275.334
226.442
217.754
263.884
274.216
277.783
268.849
278.126
270.534
233.673
236.667
215.719
212.985
169.178
210.197
169.755
162.941
177.11
177.293
163.708
164.695
161.953
161.288
160.875
161.377
163.615
160.72
161.128
162.19
175.053
164.12
161.176
161.831
161.257
177.555
164.175
162.319
160.921
163.945
173.482
163.621
163.233
161.101
161.387
192.867
164.795
162.512
160.52
162.599
177.386
162.559
161.091
162.087
161.563
183.879
165.451
162.231
162.936
161.224
173.243
163.354
162.231
161.609
161.813
175.264
162.632
161.148
160.335
162.689
164.821
161.266
161.498
161.836
160.975
163.608
162.548
160.977
160.903
161.022
154.935
150.097
148.699
148.126
147.578
188.749
184.706
165.643
164.235
163.604
165.934
163.616
162.157
164.235
164.061
164.094
162.47
161.269
162.093
174.166
164.534
161.937
162.442
161.325
206.909
166.229
163.31
162.803
163.507
177.383
163.822
161.922
162.725
160.998
174.978
161.462
161.537
160.416
161.75
164.187
162.174
161.822
162.247
161.209
172.38
161.175
161.395
160.777
161.188
175.782
161.24
160.427
160.707
160.524
175.45
160.644
161.408
160.216
162.257
163.233
162.722
162.749
162.554
161.962
165.619
160.352
161.284
160.226
160.379
165.591
160.19
161.445
167.282
171.961
166.593
160.151
160.175
162.213
176.355
163.111
162.147
162.253
160.926
202.025
194.813
190.886
192.457
168.433
179.703
163.804
162.391
162.283
160.905
174.599
161.783
161.144
160.86
160.695
176.803
161.683
160.676
162.265
159.302
173.93
161.442
161.555
159.309
160.539
163.347
160.753
161.03
161.381
160.686
163.664
159.991
162.313
160.442
161.986
162.497
160.415
159.544
160.256
159.179
163.561
159.558
162.253
162.563
159.958
162.886
161.095
160.797
161.763
161.137
164.148
161.131
160.395
164.354
162.027
163.618
160.168
160.463
161.221
160.852
163.351
160.355
161.275
164.833
172.433
164.848
168.623
161.876
161.411
177.028
164.536
162.147
160.814
156.334
150.896
163.052
152.168
160.392
161.29
160.359
176.232
160.216
163.082
160.634
161.003
165.084
161.017
160.418
160.466
160.783
172.396
161.516
159.982
161.294
161.745
174.672
160.953
161.081
162.247
161.669
175.583
160.965
161.739
159.98
160.195
163.898
162.616
161.648
163.735
162.233
163.372
162.19
161.155
159.507
161.946
162.345
157.456
156.867
156.724
155.85
164.302
159.429
160.806
159.985
158.752
161.679
159.861
159.892
158.739
159.41
163.197
160.211
160.186
160.123
159.266
162.448
158.394
157.965
160.189
158.719
160.165
159.33
158.96
160.175
158.367
173.498
158.484
162.798
159.44
158.223
161.663
159.968
158.598
158.249
158.891
160.009
159.541
157.717
158.287
159.928
161.452
158.127
160.282
159.333
158.759
162.474
159.556
159.111
158.625
158.975
162.1
159.997
158.866
159.651
159.303
161.477
158.244
160.311
159.096
159.734
162.665
158.164
159.043
159.634
159.357
162.337
159.589
159.052
158.918
158.458
161.196
157.84
158.238
159.086
159.447
163.801
163.641
159.497
154.792
147.911
161.902
161.826
160.427
158.574
159.13
195.754
161.672
155.615
148.713
158.06
159.935
162.714
159.988
161.371
159.743
171.839
163.069
160.722
159.988
159.977
158.013
162.16
159.982
160.205
160.075
159.548
162.339
160.262
160.634
159.14
159.431
162.854
158.929
159.541
160.075
158.682
161.565
157.804
159.613
159.179
159.082
160.744
159.389
159.456
159.63
157.639
175.828
160.223
159.455
159.474
158.999
162.681
159.477
160.138
158.965
159.122
159.699
159.615
160.246
159.553
159.083
161.891
159.013
160.035
166.714
161.769
161.456
159.545
159.176
158.926
159.463
160.849
158.782
159.083
159.214
159.974
160.824
159.011
159.372
158.695
158.983
161.535
159.247
158.828
159.316
158.725
175.2
158.77
158.602
158.649
159.213
161.833
158.307
158.845
159.717
158.755
162.187
158.755
159.212
160.053
159.059
162.133
159.911
159.405
159.33
159.32
161.385
159.844
159.055
157.93
159.396
161.149
159.056
158.427
158.776
158.632
177.038
160.472
159.296
159.32
158.027
162.268
159.324
158.746
158.859
159.431
161.595
159.206
160.112
158.755
159.787
161.337
159.05
159.864
159.173
159.006
161.632
158.635
160.727
159.879
158.678
161.756
158.461
159.808
158.602
169.675
196.093
165.883
161.522
162.277
161.231
163.134
154.866
147.002
148.463
146.998
173.281
160.965
159.523
159.531
160.791
194.944
164.239
160.034
161.943
159.016
174.662
159.184
158.986
157.739
159.597
171.574
158.825
159.055
159.976
159.871
171.847
160.168
159.684
159.182
157.947
171.603
158.615
158.635
159.125
158.317
170.872
158.091
232.106
218.784
240.71
199.628
178.936
166.788
154.021
175.154
180.372
159.24
145.565
140.269
142.474
155.96
147.506
142.561
142.319
141.214
141.584
142.02
154.515
141.533
141.521
140.883
141.968
140.973
157.054
145.428
142.962
140.63
141.8
141.334
142.221
173.336
157.416
172.515
153.682
153.073
153.344
170.42
153.328
153.735
153.879
154.336
151.724
168.222
154.018
153.692
154.387
152.844
152.81
168.858
153.457
152.866
154.748
152.693
151.271
171.61
155.484
153.791
153.983
152.661
152.996
170.732
155.433
155.139
154.688
156.445
154.928
171.49
155.906
154.732
154.486
154.711
154.249
171.059
155.409
154.239
154.75
155.267
154.558
161.716
155.891
154.732
155.353
154.741
165.912
157.238
155.58
154.675
154.7
155.306
164.471
158.964
157.812
156.73
155.296
155.183
169.996
156.742
155.034
156.693
156.131
154.654
168.221
158.762
156.405
155.71
155.974
155.249
160.212
156.732
155.897
154.754
154.495
156.772
167.125
157.705
156.074
154.735
155.262
155.048
158.467
156.889
154.515
153.902
155.238
155.048
166.925
157.514
154.817
154.981
155.872
153.977
159.894
156.443
155.355
154.691
155.158
155.447
168.095
157.211
154.928
154.214
154.762
155.029
160.362
157.614
154.6
155.724
155.34
155.823
160.027
153.469
179.541
249.222
210.701
150.654
141.525
137.062
133.118
130.983
130.421
132.764
143.691
132.072
132.726
131.586
132.374
132.502
131.786
146.511
133.642
131.865
132.342
132.202
132.178
149.856
168.706
151.594
147.843
146.705
148.078
147.825
162.443
147.701
147.36
147.122
146.401
146.869
165.636
154.066
147.592
146.894
146.527
148.296
148.583
152.412
146.999
147.781
145.959
147.179
146.878
163.998
146.418
145.78
147.41
146.099
146.538
158.314
150.16
148.813
148.493
148.338
148.572
162.909
151.955
148.232
148.391
147.937
147.916
148.677
158.042
148.011
148.524
148.087
148.292
149.642
161.612
149.225
147.821
147.693
147.638
148.598
160.563
148.791
148.432
146.217
147.633
148.389
158.92
147.361
148.965
147.454
147.461
145.53
159.567
150.864
148.616
147.645
148.058
148.216
146.357
158.451
150.619
147.183
147.681
147.094
148.63
162.744
148.376
146.879
149.531
148.256
147.754
159.965
149.622
149.588
148.219
148.777
147.741
157.603
151.353
147.857
147.227
148.041
146.992
147.762
162.258
149.239
147.527
148.827
147.377
146.685
160.59
146.53
147.759
147.83
147.767
147.717
161.094
153.164
146.839
145.679
145.66
146.37
159.468
149.542
149.248
147.573
146.605
148.909
147.801
160.116
149.622
146.414
147.4
147.759
148.834
160.493
149.142
148.262
147.919
147.934
148.393
160.064
149.185
163.34
158.322
151.431
148.082
155.532
226.563
188.168
209.036
212.037
222.579
212.737
218.646
157.326
149.493
162.916
146.258
145.927
145.463
146.943
145.439
158.572
151.491
146.415
144.377
144.965
146.622
145.435
166.886
144.393
146.477
145.309
145.472
149.403
163.186
145.595
144.973
146.69
144.787
145.721
150.936
146.751
146.618
145.336
144.315
144.363
146.135
164.477
156.339
163.337
159.412
158.454
211.648
198.255
192.469
193.092
199.532
201.857
194.778
191.014
193.112
199.331
208.05
191.966
192.423
194.104
197.824
201.776
192.859
192.236
193.977
197.963
221.185
179.514
180.13
173.295
200.199
194.72
192.254
190.192
186.679
199.599
192.582
186.508
185.827
184.377
202.228
177.39
190.648
187.496
187.575
210.826
194.104
192.133
191.608
191.341
203.692
188.162
188.688
188.825
196.948
203.084
189.77
190.924
188.42
187.223
192.627
188.494
191.671
187.702
189.379
193.724
193.27
188.299
187.487
191.157
189.995
189.112
186.706
184.518
186.579
191.882
192.624
186.526
189.366
187.906
193.039
190.011
189.957
188.798
188.217
193.327
187.472
192.053
187.971
187.722
193.217
188.17
188.706
190.089
188.014
191.709
189.379
187.121
186.88
185.8
190.784
189.333
188.394
194.158
193.756
194.847
190.492
185.628
188.037
184.961
191.081
190.195
191.232
192.754
191.848
207.408
189.893
191.425
190.401
188.669
201.903
190.312
187.786
185.552
187.361
166.061
148.608
145.957
145.864
146.194
145.644
164.116
149.632
147.37
146.29
147.175
146.808
156.311
151.256
146.976
147.98
147.891
146.402
155.468
148.074
149.142
146.368
147.34
147.586
146.077
158.585
147.744
148.127
146.696
145.365
146.568
160.684
148.066
146.381
146.856
146.354
145.96
204.702
185.86
186.997
189.44
175.916
180.672
191.247
153.667
145.229
142.011
141.74
153.058
142.596
140.849
143.896
143.053
142.235
140.703
156.754
143.842
141.82
142.688
142.702
141.322
154.964
142.79
142.308
142.422
142.128
140.759
140.038
158.789
142.208
140.868
142.772
142.488
141.565
156.832
141.653
142.606
141.449
140.985
142.663
156.7
144.107
140.714
140.53
140.011
140.437
140.685
160.541
142.625
141.154
140.669
140.149
140.661
140.45
146.261
143.34
142.251
141.95
141.309
142.216
155.662
142.498
141.148
140.765
139.828
141.364
140.33
155.331
139.499
138.953
138.281
138.979
171.52
168.688
150.157
156.484
150.86
142.576
141.609
157.737
143.511
145.015
143.441
143.274
140.713
155.004
144.414
143.19
142.338
141.898
141.478
140.982
154.993
141.284
140.835
141.74
140.486
140.92
155.809
146.305
142.937
143.019
142.037
141.195
140.341
155.405
142.341
141.319
142.257
139.996
142.351
152.865
143.045
142.101
141.563
142.663
141.963
141.59
156.552
142.623
140.487
141.269
141.86
141.532
154.832
141.921
141.336
141.607
141.065
141.243
141.624
157.629
141.449
140.553
140.571
142.51
140.36
155.593
143.022
141.36
140.329
141.714
141.181
141.515
145.173
140.832
141.8
141.917
140.873
139.559
155.234
894.611
165.454
144.473
142.202
141.834
142.101
142.044
155.736
142.782
141.148
142.84
141.111
160.904
163.181
146.559
144.059
145.868
144.838
143.926
156.432
147.431
144.757
144.555
143.785
144.396
144.104
160.531
145.03
143.758
144.33
143.788
144.491
160.426
148.458
143.936
145.315
145.155
144.523
143.695
159.942
146.565
145.093
146.66
144.519
146.504
159.592
145.703
144.603
144.998
143.902
144.976
144.279
160.711
145.981
144.029
144.207
145.632
143.776
160.359
145.076
145.878
143.993
144.387
143.238
158.973
148.043
145.002
144.45
145.5
143.768
144.126
150.923
145.827
145.018
145.045
148.329
146.427
157.178
145.987
144.968
144.627
145.171
144.694
144.189
159.915
144.636
143.9
145.303
143.815
144.711
158.12
145.589
145.633
144.486
144.375
152.543
156.14
147.369
142.745
143.541
143.607
143.918
142.616
187.47
177.822
163.575
160.621
158.161
172.081
160.688
161.004
158.068
157.061
159.163
172.737
159.485
160.624
160.282
157.135
159.424
174.448
161.319
158.876
159.117
158.101
156.577
181.674
158.653
160.488
157.833
161.626
162.795
178.934
161.984
162.082
159.608
160.678
171.649
164.072
186.074
159.01
148.399
145.398
159.1
147.478
146.139
146.422
147.075
146.174
158.943
152.138
147.351
145.98
180.213
156.167
152.423
149.049
146.201
143.223
143.485
145.164
213.927
213.932
211.743
210.55
215.256
215.409
213.115
213.801
209.73
221.524
214.174
211.18
220.724
214.512
215.65
216.12
208.918
215.532
218.445
209.96
212.263
211.236
227.568
215.828
216.658
209.49
213.316
227.205
219.886
209.875
209.139
223.903
215.774
212.399
209.557
209.637
217.59
211.959
212.692
215.712
228.197
215.706
210.617
209.888
218.748
215.288
214.194
209.447
213.92
228.183
215.659
213.656
216.892
227.879
215.563
209.49
224.061
196.602
188.912
159.519
146.88
143.659
143.775
157.679
144.51
143.084
143.098
142.522
142.737
154.075
145.58
143.188
144.283
140.642
142.826
143.008
157.152
143.244
141.89
142.136
143.16
143.29
153.386
145.778
143.274
143.009
142.488
142.772
141.433
160.601
145.339
143.104
141.539
141.853
141.853
152.414
145.001
141.777
143.19
141.933
142.675
142.733
157.903
143.304
142.709
141.695
142.449
141.505
155.073
144.453
144.24
142.631
145.338
142.769
141.691
158.105
143.716
142.499
140.973
141.83
142.242
153.62
141.389
141.84
141.586
141.827
141.74
141.87
156.901
142.759
142.985
141.635
141.635
140.991
152.961
143.322
141.801
140.748
141.018
141.667
141.782
158.291
142.019
141.827
141.86
141.746
140.977
154.221
144.129
142.489
143.671
140.901
141.827
145.966
196.846
165.493
162.329
158.322
355.319
173.051
171.855
169.265
169.509
180.314
174.098
168.685
168.022
168.958
168.832
170.564
169.114
169.593
167.172
166.413
181.932
173.121
171.642
168.306
167.527
167.899
189.954
169.81
170.566
169.316
169.195
180.974
171.157
170.054
170.421
169.115
176.493
171.592
170.604
169.743
169.858
168.605
180.441
165.072
164.179
164.865
164.531
187.722
173.687
171.264
169.954
170.061
169.945
172.853
170.599
169.728
169.232
169.443
184.453
172.313
168.513
171.048
169.716
188.537
171.304
170.38
168.356
169.036
168.135
173.096
171.959
168.751
170.318
169.95
186.919
169.65
171.075
169.784
169.701
182.39
172.718
168.333
171.644
170.126
168.611
172.417
169.466
169.822
167.521
169.074
205.931
197.058
167.73
167.828
167.103
179.043
167.31
179.852
167.23
166.269
166.826
169.343
164.003
164.91
163.885
163.923
187.361
167.234
167.101
166.286
166.014
166.681
184.459
166.301
167.282
166.528
167.972
180.296
166.955
182.649
179.746
184.059
181.369
171.431
169.626
168.852
170.21
168.898
192.197
172.398
169.924
168.624
170.889
180.988
172.282
168.931
169.96
168.73
181.687
172.985
170.958
169.039
171.085
169.084
185.49
165.276
165.058
163.668
162.03
183.111
175.485
171.106
167.923
169.198
169.031
189.729
168.741
168.751
170.367
169.158
178.199
172.257
168.871
168.488
169.001
176.658
170.311
169.428
167.451
169.704
165.965
187.051
170.642
165.61
167.939
164.53
173.653
170.532
164.639
207.204
182.702
174.91
174.986
171.736
172.183
169.77
171.963
187.638
170.688
171.217
171.014
172.363
187.91
161.603
160.563
178.122
172.303
170.446
174.125
171.217
168.942
170.065
165.384
184.185
168.273
168.363
168.423
166.702
177.677
174.011
170.97
171.307
172.339
171.446
189.436
171.228
172.092
172.327
171.776
186.796
171.557
172.041
169.701
170.097
187.554
177.051
173.8
172.163
171.043
166.609
186.619
170.927
166.76
171.809
172.13
189.475
169.891
171.319
170.367
170.516
180.404
170.027
168.961
170.155
168.955
160.732
187.255
170.408
173.051
170.986
165.472
184.621
169.055
170.212
171.102
169.665
170.465
211.057
180.246
169.045
167.956
167.301
181.018
164.688
211.411
180.14
201.547
207.199
163.572
163.341
159.34
160.437
175.962
158.434
161.199
163.114
161.099
161.918
182.462
160.968
158.649
160.143
158.907
158.829
174.451
159.03
157.647
159.896
159.526
169.905
170.501
159.695
158.73
160.39
160.236
170.75
160.203
159.771
160.437
161.55
159.762
176.858
159.049
160.296
158.329
159.872
179.596
161.457
157.546
155.337
153.262
154.419
169.818
159.427
157.162
157.901
157.683
362.065
228.444
196.85
190.932
200.314
189.803
189.626
195.451
173.442
142.419
159.285
144.284
142.651
141.15
141.456
141.526
159.421
149.727
199.071
195.825
183.328
150.454
232.868
210.519
210.61
181.904
163.664
190.386
200.947
209.484
171.692
160.468
204.793
196.899
186.719
169.95
147.632
211.902
188.09
165.217
146.365
142.53
164.488
144.567
137.944
137.861
136.561
135.951
156.708
139.699
137.386
138.516
137.579
136.518
135.01
156.263
138.663
146.218
139.836
144.691
154.15
173.865
151.285
150.634
152.493
153.547
148.771
174.709
151.581
148.558
154.669
153.361
151.298
170.378
154.282
149.07
150.14
149.659
152.764
180.55
159.1
158.556
159.687
154.951
155.337
181.836
176.273
172.702
172.399
172.64
188.18
175.996
174.275
174.615
173.496
184.744
189.694
188.022
173.009
154.804
152.329
164.558
172.134
169.041
168.213
168.707
163.641
175.238
172.308
176.814
174.441
174.511
204.003
183.906
181.932
181.756
181.095
194.777
179.996
183.736
185.138
182.802
204.483
178.087
178.245
177.992
176.24
192.895
162.592
185.331
205.167
165.594
177.323
163.488
161.02
145.393
144.452
141.895
154.957
144.085
142.085
142.168
142.804
142.876
153.823
168.541
162.061
180.196
202.055
219.486
227.699
187.443
170.725
202.818
224.635
208.608
187.573
184.836
203.145
228.743
208.385
178.734
170.47
219.643
212.214
203.943
189.489
165.537
194.258
170.379
166.169
168.033
187.741
203.144
189.396
183.233
167.475
210.375
233.37
200.591
204.156
202.027
207.181
219.906
201.97
206.289
204.096
228.614
211.298
198.555
169.04
165.956
184.825
168.302
164.494
163.115
165.743
164.532
178.883
163.054
162.769
165.322
165.715
175.999
184.113
167.555
168.637
168.333
166.926
190.365
172.327
177.936
168.384
178.155
190.869
170.351
272.553
221.332
221.746
223.041
171.108
213.591
173.978
177.808
167.188
165.366
169.667
167.202
168.21
174.109
169.439
167.9
167.272
166.536
177.233
167.312
202.606
188.271
173.116
190.004
164.736
211.423
175.118
170.557
186.244
171.305
167.709
167.959
168.461
166.806
188.805
171.054
171.093
167.063
167.844
182.75
182.383
173.179
170.816
171.796
179.427
171.949
162.663
151.218
148.371
148.559
157.962
148.096
147.79
147.374
145.92
146.533
177.196
156.554
147.99
146.032
147.181
147.831
146.941
148.521
146.79
146.8
146.785
147.194
144.655
162.419
146.484
145.607
145.063
146.52
145.432
155.372
147.829
146.457
144.646
145.854
146.334
146.867
158.205
153.191
148.241
147.014
146.568
166.851
161.191
157.456
151.682
146.039
226.218
189.233
164.403
164.146
161.208
161.332
173.647
165.066
165.699
161.623
159.983
160.699
175.95
163.624
163.845
162.239
161.914
160.992
163.809
162.158
164.219
163.21
160.197
168.07
154.707
150.582
202.787
176.117
156.793
200.378
205.542
192.062
175.746
157.307
186.432
145.514
145.855
164.868
192.204
201.049
204.775
192.852
192.447
174.333
152.249
145.413
142.94
142.227
143.497
144.106
142.714
174.359
168.471
175.128
137.624
133.679
132.274
143.299
131.832
130.368
130.858
132.788
131.368
132.244
144.057
130.807
129.717
145.009
152.427
144.366
155.587
144.029
143.054
143.019
141.944
155.173
160.451
137.317
147.284
135.672
135.202
134.446
133.909
148.538
136.808
172.198
163.782
146.886
144.086
156.482
141.006
139.785
147.261
141.684
141.68
142.673
147.157
141.938
171.836
188.023
175.95
171.072
153.435
152.192
189.265
176.031
174.507
157.91
155.865
152.081
183.762
175.313
174.767
242.542
188.109
202.027
232.279
183.383
190.212
184.523
197.67
186.633
182.344
183.731
180.919
176.853
203.451
183.428
184.439
180.965
204.772
190.848
169.067
165.227
162.926
149.52
166.322
147.643
145.621
144.25
143.534
144.298
155.956
147.194
145.712
145.009
144.962
145.847
145.387
185.266
152.806
143.188
141.242
141.792
140.752
156.448
139.112
137.564
136.34
136.451
137.078
161.428
143.537
142.064
141.244
140.168
150.478
140.853
160.532
174.459
150.017
142.339
143.822
143.318
156.477
142.515
142.777
143.025
141.603
142.757
156.245
143.364
143.472
141.619
144.26
142.766
143.411
143.679
140.407
141.355
140.907
139.127
140.951
158.047
160.84
151.286
182.085
192.521
210.548
185.497
191.845
157.946
150.445
148.41
171.176
193.609
156.629
147.958
148.489
163.012
154.558
179.233
196.915
179.994
179.928
198.824
183.935
181.902
180.924
181.977
194.297
180.572
185.435
195.038
192.22
211.177
190.622
192.19
189.585
203.105
157.837
180.599
155.477
148.86
149.005
159.877
150.225
148.199
149.447
148.924
149.862
161.034
153.074
147.317
147.871
148.155
147.955
146.995
165.39
148.352
147.856
147.684
146.896
148.205
159.817
147.787
145.916
144.694
145.261
142.821
171.348
150.966
148.691
147.835
148.492
147.964
158.996
148.647
148.069
147.591
147.708
147.709
160.511
152.235
149.414
147.979
148.262
147.871
147.094
163.868
148.568
147.724
147.464
147.474
152.339
169.158
151.64
149.383
147.936
149.311
149.831
153.369
150.198
148.533
192.634
161.582
156.286
170.397
155.556
154.364
155.582
154.661
154.494
170.988
155.603
156.109
154.087
154.853
155.762
169.919
155.491
154.798
156.015
153.296
153.861
171.009
155.885
155.64
154.554
153.807
155.609
171.637
155.167
154.345
154.705
154.485
155.363
170.722
154.878
153.66
153.869
155.048
154.473
170.725
156.727
155.28
154.421
154.668
153.499
159.994
155.865
155.179
153.883
166.08
164.544
156.911
155.79
163.625
153.45
151.524
195.184
189.175
188.124
186.706
188.138
201.512
188.855
191.107
190.873
186.937
204.41
189.142
190.011
187.575
194.758
208.709
190.339
190.023
187.999
190.047
194.405
186.946
189.005
191.088
194.375
162.562
152.544
150.384
148.726
181.279
198.459
186.378
156.761
159.582
200.162
214.636
192.386
179.605
182.14
190.432
195.678
192.098
193.022
191.608
180.107
196.57
180.711
192.929
179.42
178.801
196.347
190.956
180.764
194.375
190.913
197.861
191.802
191.969
191.695
192.24
204.373
192.922
192.161
191.764
192.357
208.917
193.403
191.548
191.583
204.925
193.801
191.184
190.82
192.069
227.906
193.313
191.833
194.438
190.182
206.955
190.931
191.851
192.702
190.946
204.885
192.955
192.45
190.211
192.922
196.251
190.91
192.425
192.407
192.531
209.048
190.877
190.946
189.148
192.01
210.897
189.005
193.653
191.661
202.419
195.286
189.514
192.657
192.368
230.715
212.7
215.116
211.534
166.709
182.836
151.032
147.198
146.491
146.491
147.176
163.026
146.411
144.539
144.476
143.166
143.564
145.645
146.545
144.875
145.483
144.094
143.961
144.214
160.778
145.309
145.328
144.53
144.477
142.957
161.839
148.274
187.315
182.996
186.614
151.966
155.764
147.432
145.93
144.632
142.347
170.992
190.457
161.814
156.004
155.254
165.834
154.685
166.349
158.487
163.297
164.947
157.619
156.484
168.445
159.056
157.51
155.173
166.794
169.348
157.077
156.948
164.777
155.736
153.228
178.07
154.779
143.266
141.242
141.11
141.275
140.349
154.1
143.29
140.566
139.395
141.281
139.8
154.388
143.283
139.667
139.61
140.346
141.733
140.03
154.247
141.27
141.182
140.542
140.409
140.66
147.852
174.86
167.381
164.115
164.447
164.632
179.945
171.372
171.684
172.797
172.605
184.022
177.618
176.922
168.139
152.276
148.59
162.886
148.99
161.94
152.256
151.564
148.719
164.499
154.79
151.466
151.868
151.019
151.591
158.504
156.145
152.302
149.438
150.785
147.934
163.852
157.134
151.229
149.191
149.606
147.718
147.296
165.45
151.26
151.043
149.292
149.679
148.696
159.183
153.859
152.259
152.566
150.402
150.079
164.218
156.422
153.555
149.347
150.355
148.349
160.79
156.156
149.48
148.391
170.209
162.557
169.863
163.694
161.695
161.001
161.694
168.125
161.28
163.628
160.402
161.231
171.538
164.223
163.064
160.985
161.76
177.823
159.407
164.203
163.274
161.582
161.778
167.915
163.756
162.074
161.422
172.026
167.339
161.617
161.121
161.669
163.337
172.375
162.194
163.126
162.41
161.316
173.2
167.184
160.744
202.49
170.843
168.451
147.294
147.212
145.603
144.34
144.687
160.856
147.807
146.905
146.469
146.262
144.142
157.188
150.339
144.494
143.936
143.044
143.826
143.904
161.313
145.281
143.558
143.949
144.148
143.353
156.478
144.983
144.622
143.087
147.071
146.326
159.173
147.679
144.763
144.677
144.113
144.36
143.814
165.889
144.431
144.538
144.211
143.382
143.364
166.623
146.416
143.585
143.997
143.3
143.993
154.576
149.078
143.826
144.281
143.672
143.617
143.735
157.129
144.394
144.247
145.187
142.384
144.084
161.17
147.76
144.652
144.317
144.492
143.598
143.934
173.71
148.1
146.205
146.837
145.708
144.972
167.951
151.294
149.935
224.899
219.345
219.486
215.334
218.325
219.97
217.928
223.168
215.872
214.419
161.522
199.633
232.533
162.74
153.463
162.473
189.802
218.664
201.684
165.053
138.576
129.931
204.026
159.532
150.413
148.64
212.273
226.182
213.172
216.276
210.17
218.745
216.667
216.633
213.156
213.339
227.334
212.941
213.281
210.275
226.188
215.592
216.652
209.676
231.812
217.764
212.824
210.787
213.259
222.116
213.554
211.373
212.751
223.475
214.574
215.738
211.774
213.079
243.819
215.929
214.558
216.225
216.381
215.217
209.827
219.394
212.266
216.544
209.193
216.838
213.696
226.937
214.894
209.476
219.322
222.931
215.374
217.38
209.539
225.163
215.956
212.153
212.917
211.593
217.391
213.995
216.186
208.995
221.447
199.201
193.525
183.942
185.041
198.238
188.255
181.473
184.746
181.269
195.48
184.451
181.642
185.475
185.387
199.366
183.212
181.297
185.636
181.408
204.714
184.717
186.107
185.252
185.728
172.322
183.818
185.54
185.195
186.876
201.964
185.88
184.961
185.495
185.093
195.624
184.256
185.185
185.341
182.141
196.642
191.828
184.389
185.285
185.207
197.447
185.571
181.232
184.839
181.432
194.822
203.12
180.556
173.285
228.383
226.896
208.623
209.812
213.894
210.955
214.893
212.009
208.309
211.234
240.233
220.744
214.138
210.462
193.864
191.122
190.535
184.306
185.411
188.108
187.679
184.356
187.155
202.475
190.117
175.808
192.083
240.963
234.524
236.34
235.198
231.228
220.974
170.303
161.074
158.45
161.665
176.144
159.904
160.633
160.444
160.472
157.935
176.716
158.847
161.695
158.423
161
177.283
166.874
161.676
160.686
160.152
159.195
172.85
170.572
166.42
167.126
161.919
159.914
175.121
163.215
162.979
165.846
167.148
188.136
176.138
137.347
131.299
128.732
129.009
129.821
177.397
131.973
131.412
131.149
134.107
133.481
153.626
134.273
131.339
130.441
133.108
134.227
130.24
142.318
134.915
132.832
132.706
133.073
132.786
133.378
146.152
134.681
133.424
133.373
133.391
133.695
132.69
146.624
133.474
133.384
132.669
133.706
133.827
132.95
149.875
133.838
132.371
132.492
132.913
132.928
133.158
145.716
134.159
133.578
133.241
132.382
133.13
133.722
147.773
133.291
133.923
134.052
133.597
133.355
148.93
136.879
134.069
133.057
133.825
132.555
132.783
146.464
138.105
133.124
133.253
131.845
132.566
131.428
146.26
135.054
131.897
132.687
132.796
131.262
131.304
145.048
135.653
132.809
130.721
132.536
130.935
130.459
145.68
133.668
131.577
131.514
130.885
131.078
131.009
145.515
131.903
131.425
132.083
130.768
132.047
130.792
145.055
132.826
133.253
133.361
131.593
131.225
129.849
145.172
143.777
184.751
174.675
169.64
182.806
172.638
167.752
165.805
168.249
168.85
189.101
168.69
167.92
165.823
168.103
180.337
174.003
166.715
165.873
168.483
166.736
174.388
166.098
172.237
169.78
171.263
183.051
172.88
168.849
169.551
171.685
170.329
193.349
167.365
173.006
173.5
170.796
180.702
171.788
167.019
168.874
168.3
177.867
167.574
167.67
168.564
168.067
168.24
178.128
167.249
168.348
166.035
169.403
183.388
171.972
171.378
165.225
165.573
166.345
182.725
171.569
165.346
166.227
167.431
176.525
168.129
164.908
165.385
164.224
165.299
180.186
169.477
166.296
166.125
165.653
182.94
168.888
168.173
165.989
163.394
165.998
180.754
167.977
165.256
163.388
166.294
175.18
170.288
164.083
164.908
163.29
164.624
182.691
170.827
163.965
167.475
165.426
163.652
170.706
163.989
167.924
168.363
166.666
182.922
167.21
163.725
163.746
163.374
180.499
170.985
164.995
163.14
163.816
163.634
175.826
165.773
162.93
164.423
163.49
165.473
182.665
162.689
161.87
163.755
164.41
187.2
186.007
166.796
164.443
165.746
163.921
170.703
166.056
166.895
164.906
167.496
186.354
171.021
167.643
165.491
167.009
177.597
169.22
164.689
160.508
159.333
162.88
176.064
165.929
163.294
161.556
163.66
163.631
178.336
163.368
165.675
163.891
161.584
175.299
164.064
164.339
165.32
166.389
163.819
176.649
165.795
165.101
165.734
164.355
175.626
165.996
165.815
165.532
164.164
161.087
171.36
163.98
162.025
160.994
161.052
160.823
183.115
160.73
159.888
159.485
161.048
184.025
167.035
165.158
162.856
162.822
164.786
175.403
164.368
162.751
161.286
162.997
173.604
167.178
163.688
162.33
163.015
164.779
174.59
165.354
165.448
165.983
162.892
164.573
171.124
168.101
164.348
165.98
164.94
178.065
168.041
165.896
161.692
162.398
162.374
174.817
161.792
158.164
159.8
161.196
170.585
166.546
162.513
162.195
162.791
159.977
174.153
164.718
159.836
158.758
159.392
158.487
168.227
160.919
160.682
157.996
159.425
159.295
173.836
160.829
158.63
161.592
160.478
169.839
164.904
163.563
162.142
163.65
159.677
173.774
162.185
161.692
159.271
159.433
157.982
163.343
161.229
160.603
159.405
159.764
160.906
174.337
162.852
163.538
163.903
162.906
176.516
165.454
164.619
165.556
163.599
163.078
178.976
166.314
163.662
164.359
162.732
173.932
165.057
163.633
163.503
163.283
164.408
173.12
164.627
163.874
163.142
162.146
163.162
181.729
163.577
165.75
166.432
165.689
181.935
168.354
164.097
165.514
167.316
164.951
177.018
164.626
166.687
164.356
164.924
228.173
195.418
174.145
170.212
168.634
179.578
169.72
169.875
168.661
167.771
165.325
193.576
168.564
170.599
168.45
169.857
180.838
169.645
167.067
166.967
166.603
167.16
183.353
167.763
166.626
169.843
168.329
178.657
170.056
165.148
169.746
169.365
167.494
193.193
167.382
168.732
167.581
167.909
182.275
173.158
171.374
168.895
169.837
178.829
173.126
168.414
167.207
166.82
168.194
179.424
167.385
167.912
166.179
167.07
180.173
172.327
167.782
166.11
168.073
166.359
174.182
170.281
168.981
167.526
167.692
176.306
171.775
167.558
168.044
167.969
169.692
181.566
171.126
171.541
169.96
166.532
182.531
177.51
170.899
172.708
166.362
165.182
180.162
171.151
166.997
169.512
172.3
181.71
174.983
169.487
166.585
166.803
165.874
193.379
199.778
206.961
205.677
200.501
177.869
167.379
168.183
168.995
166.291
181.707
168.131
166.238
168.548
166.603
170.058
175.614
187.826
169.749
181.97
164.955
179.822
163.616
164.763
163.184
163.515
179.501
166.486
164.641
173.62
183.86
163.435
173.821
163.191
162.71
160.722
160.502
176.01
163.473
161.461
160.966
159.08
158.617
175.359
162.133
161.311
160.572
160.524
157.971
184.12
161.714
160.157
160.662
160.395
169.792
165.026
160.717
160.643
161.035
157.988
178.702
165.062
164.556
163.239
164.373
162.075
175.925
165.667
165.045
164.247
163.98
178.452
160.912
156.584
166.831
156.057
154.955
175.42
164.457
164.214
164.049
163.894
163.619
176.117
165.496
165.336
164.263
165.059
175.492
165.013
163.224
163.14
162.49
164.018
172.956
163.57
162.794
163.092
162.744
163.221
186.663
163.207
164.652
163.606
164.388
177.206
164.255
161.645
165.4
164.196
162.716
174.686
162.039
162.783
164.782
163.215
180.722
166.604
164.261
162.333
163.619
164.334
180.935
164.26
163.647
162.339
164.241
164.464
174.034
165.294
163.473
161.622
162.987
166.516
164.542
162.049
162.827
162.529
164.34
176.872
164.019
163.182
162.569
162.331
162.98
184.178
164.053
162.132
161.564
162.008
174.472
164.777
163.441
163.144
163.481
164.247
175.281
165.774
164.408
164.681
163.071
174.265
166.854
164.113
163.242
163.699
163.021
186.59
165.212
161.91
164.017
164.761
163.142
179.225
166.84
165.352
164.601
164.187
178.47
165.765
164.892
170.441
181.729
167.771
182.486
167.648
167.858
167.638
167.378
184.083
171.244
167.267
166.501
166.9
180.908
173.998
170.842
167.351
168.994
169.195
182.324
170.426
168.364
166.479
166.783
178.391
170.787
166.976
168.45
167.228
167.766
189.052
167.869
169.792
167.053
167.717
172.29
167.207
162.345
162.64
161.427
159.289
169.412
163.826
162.732
161.65
161.305
158.264
181.286
166.889
165.607
165.55
166.913
183.592
170.224
196.985
172.864
167.782
179.299
170.84
166.598
168.033
164.316
165.406
177.611
168.721
197.773
200.695
172.019
178.149
197.358
171.271
166.679
168.558
177.713
171.481
197.221
171.524
166.662
167.524
183.32
167.352
163.993
165.653
164.227
176.086
171.936
165.939
164.594
164.867
165.965
179.966
167.928
170.312
167.505
168.482
180.308
168.963
167.082
166.81
165.592
166.967
178.928
165.971
165.446
168.227
166.645
178.93
169.82
165.619
168.541
168.443
166.068
177.265
166.414
166.801
168.26
166.354
183.224
169.833
166.104
164.955
165.803
167.917
181.707
168.309
168.884
167.368
166.386
177.372
171.201
168.687
166.441
169.555
165.806
177.713
168.083
170.368
170.907
195.652
194.609
169.506
170.525
167.668
166.053
176.07
170.987
195.48
201.844
172.056
178.578
170.136
166.762
165.123
168.784
196.621
188.012
169.91
167.268
169.379
170.194
183.839
170.916
168.303
167.568
168.209
167.316
171.38
167.708
169.153
169.292
165.936
181.68
168.971
166.844
168.35
166.302
166.779
170.023
167.65
164.032
166.766
168.299
184.444
171.674
169.235
166.506
166.147
180.511
197.5
176.364
168.528
166.922
168.189
179.301
168.745
167.798
164.644
167.933
180.572
170.66
169.101
196.784
200.662
220.492
178.051
169.5
171.226
168.035
176.517
173.984
167.461
164.373
165.714
167.818
179.861
167.304
167.181
166.693
167.19
180.326
167.975
171.761
167.444
168.461
168.557
184.477
167.454
169.603
167.44
166.503
177.011
164.959
161.386
163.231
159.045
157.432
169.798
158.272
160.497
159.185
158.271
158.346
166.805
159.514
159
157.574
156.985
158.39
180.006
157.858
157.394
158.084
158.526
170.279
162.307
158.536
157.167
156.225
159.034
162.192
159.82
157.287
155.903
158.223
157.942
166.717
160.033
155.486
157.678
156.716
158.7
191.17
155.301
152.834
151.023
150.787
151.866
186.766
162.988
155.196
156.086
157.69
154.116
158.75
155.17
153.976
153.704
154.736
166.799
159.042
154.579
154.152
153.491
156.121
170.564
157.045
154.308
153.68
153.587
155.947
170.23
158.01
153.663
152.865
152.928
154.762
167.896
151.698
155.233
152.612
153.139
156.768
167.56
154.877
153.72
153.33
153.852
153.493
176.2
157.165
154.475
153.078
153.323
168.607
159.337
154.097
153.963
153.577
154.783
165.964
188.46
165.257
164.19
164.533
163.247
173.198
162.562
160.376
162.355
161.272
160.616
167.891
160.115
159.356
160.734
160.239
178.116
162.448
160.542
157.85
159.499
158.888
172.323
162.584
161.997
161.796
164.93
161.76
177.226
164.352
163.614
164.346
164.045
175.884
166.027
162.731
162.109
160.643
159.673
171.18
163.196
161.552
160.87
161.203
162.939
173.332
162.996
160.589
162.467
164.451
171.159
166.624
163.362
163.992
162.488
162.033
181.528
164.282
163.381
161.849
161.282
162.147
177.717
162.983
162.815
159.844
161.623
167.763
164.491
161.77
162.677
161.278
165.135
175.874
166.809
164.743
174.587
178.096
163.909
179.334
159.547
159.892
157.652
157.686
171.635
165.901
161.237
158.792
190.766
164.773
174.052
194.631
198.281
201.933
169.399
205.237
198.691
200.206
204.312
197.336
205.698
199.186
200.185
167.426
207.623
198.108
169.244
195.071
200.352
218.431
198.132
168.445
195.621
202.818
210.165
197.635
196.746
202.421
213.247
216.528
172.549
195.473
195.243
215.404
201.933
197.171
186.159
200.366
188.636
201.453
197.388
199.179
198.826
202.883
196.427
198.298
198.318
173.111
203.314
201.214
205.943
203.119
213.047
206.29
204.4
173.194
166.467
181.508
167.426
166.467
165.447
166.313
165.431
179.082
166.518
165.63
165.191
161.72
179.05
168.723
163.035
192.665
186.061
162.752
173.443
158.725
157.832
157.195
155.601
156.349
166.419
161.41
159.177
159.688
157.555
168.514
161.802
157.485
157.777
157.416
156.557
176.571
158.935
157.435
155.794
157.084
156.296
184.37
167.818
165.649
168.166
167.597
182.481
169.959
168.306
167.888
167.55
165.428
182.983
167.884
167.097
165.906
167.339
178.836
168.9
172.206
191.731
170.868
166.501
169.74
166.153
165.153
163.388
162.729
189.088
170.249
169.586
167.549
164.119
164.969
171.328
166.308
165.211
164.039
166.215
179.986
167.11
165.131
163.875
164.805
164.2
178.118
163.139
166.545
167.95
167.346
178.954
174.983
179.298
180.113
169.122
164.42
178.175
163.828
163.173
163.445
161.984
176.146
165.633
161.765
163.568
167.157
164.7
175.298
163.855
162.742
164.675
162.292
176.627
168.403
167.914
162.025
163.529
163.578
180.164
165.365
165.466
165.436
166.506
166.065
188.765
164.42
163.454
164.259
163.861
179.054
163.999
165.503
162.459
162.161
163.733
183.86
167.12
163.471
163.328
163.428
174.214
167.645
165.156
162.616
163.769
167.03
178.353
168.026
164.54
165.74
164.835
165.415
176.086
182.423
178.932
181.843
191.672
214.893
201.334
214.793
207.99
199.301
170.91
164.744
165.259
163.758
164.658
191.652
167.394
166.236
164.555
164.825
176.595
166.197
164.891
160.819
167.999
188.328
193.265
186.569
159.622
161.3
159.864
163.916
144.296
143.09
142.533
145.228
144.39
157.424
144.82
143.701
144.507
141.611
144.772
144.958
155.225
143.945
143.836
142.84
143.927
144.406
157.274
143.797
144.206
143.71
143.254
143.812
167.304
147.566
143.891
143.502
142.733
145.724
143.836
149.166
143.24
145.398
142.218
143.186
144.27
161.96
166.8
151.382
148.732
179.863
154.524
163.413
149.414
147.271
148.699
147.196
147.748
159.659
150.462
147.52
147.863
146.32
147.422
164.305
149.683
147.352
147.669
147.861
147.803
161.554
148.503
148.412
148.071
149.033
147.145
150.401
151.75
148.431
147.964
146.775
147.103
148.819
165.168
147.108
147.693
148.408
146.594
148.326
160.937
150.276
147.816
147.671
146.008
146.707
159.61
170.586
172.171
148.386
142.212
164.023
157
145.765
173.56
212.258
206.045
197.92
181.642
167.98
166.021
167.569
180.73
173.295
166.63
166.348
167.174
168.964
179.221
169.87
166.752
166.479
165.876
178.973
171.608
166.274
165.563
164.481
164.974
179.051
170.808
170.736
168.937
167.37
167.905
171.545
167.338
168.129
194.06
161.298
171.157
160.311
158.091
157.401
179.019
178.859
187.09
180.209
179.334
182.267
180.792
196.961
182.188
182.297
181.628
178.802
183.315
179.891
178.997
182.315
181.385
192.102
181.55
192.55
191.725
192.07
208.808
192.043
180.587
180.95
179.936
194.282
181.358
180.306
180.157
189.154
201.639
193.599
190.089
192.961
191.921
206.185
191.019
181.665
191.448
192.062
196.955
188.765
193.76
191.114
193.857
194.418
194.616
190.767
191.959
190.826
198.415
191.806
190.835
191.952
190.715
205.247
181.196
180.864
181.026
178.465
188.414
180.814
180.146
179.195
189.015
197.33
193.199
194.071
161.045
159.325
204.667
192.167
198.561
161.379
168.754
195.373
193.33
180.811
178.747
188.85
216.088
217.966
213.415
214.58
215.386
218.215
204.317
192.005
213.795
227.768
216.215
214.49
215.467
203.721
203.672
201.701
213.162
189.733
223.536
215.891
215.319
214.199
216.965
219.665
217.375
219.216
214.384
228.543
216.278
215.092
214.14
234.003
214.627
215.289
222.709
219.527
218.413
219.487
220.285
219.455
225.241
216.409
220.371
217.355
206.625
206.326
196.425
190.432
188.192
206.396
194.642
190.407
190.772
190.955
227.336
219.292
190.951
190.553
187.987
209.859
190.901
213.658
213.16
232.125
215.426
203.503
187.449
158.306
179.274
203.054
192.725
191.848
191.394
225.455
213.897
211.524
212.104
212.918
216.023
209.47
212.721
211.939
223.052
213.276
212.947
212.708
227.915
214.742
213.9
201.821
191.168
230.807
212.095
212.276
210.268
226.819
207.174
188.545
198.573
208.864
227.254
211.939
209.927
208.923
227.427
214.85
211.398
213.186
221.593
215.665
217.619
209.837
212.51
215.291
200.146
200.121
211.615
227.097
213.934
192.043
213.876
210.234
226.444
200.469
199.564
210.929
222.91
215.086
209.367
210.606
198.903
207.695
211.046
211.735
198.85
220.433
202.238
191.278
210.716
215.068
200.491
232.096
218.473
211.208
145.637
151.213
132.258
131.87
130.266
131.07
131.285
131.619
148.037
133.201
131.499
131.451
131.955
131.108
131.135
148.175
133.274
132.883
131.298
131.124
131.656
140.064
133.175
130.751
131.403
129.223
129.093
130.994
129.4
132.84
130.132
130.197
130.847
130.637
129.397
130.266
146.543
130.738
129.568
131.52
130.182
130.821
131.993
137.394
129.424
145.337
170.326
136.66
132.321
147.911
133.216
130.868
132.008
130.133
131.444
128.775
145.854
131.84
131.256
131.182
131.091
130.41
130.7
144.579
148.047
133.504
132.393
131.499
131.692
131.005
140.422
132.732
131.138
131.04
131.836
131.713
131.28
141.458
132.272
133.091
132.826
132.816
131.868
131.746
145.989
135.8
134.754
134.53
135.307
133.614
133.882
140.023
136.501
134.81
134.784
133.464
134.738
152.359
137.914
135.526
135.737
134.627
133.852
134.914
148.768
133.755
132.116
149.635
201.129
162.154
167.027
151.621
149.168
149.102
146.873
146.559
160.945
149.971
146.829
147.725
150.131
150.457
154.774
154.776
151.037
150.244
147.28
147.334
147.635
168.831
152.072
149.897
150.59
150.014
150.185
165.96
151.3
148.768
148.461
147.881
150.18
155.751
150.673
150.408
148.068
148.788
146.248
164.645
147.241
147.313
146.75
146.158
147.439
162.125
150.573
147.013
146.934
146.561
147.487
147.331
151.249
147.474
146.381
147.551
146.034
146.778
158.636
147.113
147.541
147.292
145.987
147.282
162.542
150.8
147.444
146.495
146.931
146.86
150.158
149.095
147.05
145.909
145.5
146.621
146.21
164.552
145.71
146.172
146.375
146.579
145.753
165.382
149.516
147.133
146.751
147.551
145.804
158.532
149.119
148.377
146.595
146.772
146.377
159.187
142.161
138.351
137.166
137.285
147.99
168.016
268.178
159.021
150.811
156.833
146.469
153.665
144.705
142.337
142.095
141.535
140.068
139.846
154.301
141.684
142.458
141.975
139.951
140.658
151.94
141.508
134.942
133.222
132.712
133.06
133.107
152.856
141.478
140.66
139.488
139.222
139.042
139.205
155.785
146.015
144.576
141.43
141.974
142.006
154.591
143.8
142.008
140.749
142.733
141.691
141.267
149.534
137.004
136.237
136.264
136.229
135.584
136.398
164.765
158.101
159.266
158.572
157.974
176.053
159.581
158.994
159.442
160.52
160.803
195.425
182.913
179.605
178.985
181.978
197.353
181.415
190.339
193.07
190.896
204.885
192.432
186.787
190.064
186.962
204.591
189.015
190.132
188.89
190.308
204.561
189.783
189.894
188.55
186.862
172.618
191.044
187.073
195.358
160.762
163.22
220.834
217.502
181.842
142.922
149.872
135.599
133.341
132.071
132.315
133.728
132.342
145.999
133.688
132.055
132.354
133.518
133.11
133.034
146.089
134.32
133.665
132.91
131.8
132.302
132.146
140.538
133.758
133.512
133.575
132.387
132.814
144.658
135.563
132.94
134.1
132.398
134.183
132.139
143.68
134.834
132.943
133.324
131.944
133.22
132.141
146.754
134.281
132.735
133.248
134.166
132.797
132.87
145.527
134.988
133.043
134.504
133.249
133.057
133.15
148.983
134.934
134.152
134.741
133.717
134.177
132.633
144.91
133.478
133.797
133.62
134.447
132.659
133.041
147.987
134.48
132.648
131.599
133.37
132.388
140.462
133.548
131.786
131.934
130.703
133.237
131.181
142.507
133.431
131.9
132.299
131.543
131.553
132.024
147.876
135.44
132.946
131.349
132.144
131.748
132.184
142.982
134.444
132.061
132.348
133.328
132.793
133.621
146.733
132.311
130.777
164.886
166.45
138.447
146.812
136.642
134.336
133.779
133.271
134.323
133.711
138.814
136.071
134.399
134.383
132.786
133.088
132.737
148.479
136.109
132.573
132.873
132.655
132.745
132.389
147.664
134.038
133.765
133.351
132.549
134.137
133.256
147.803
134.477
132.489
132.876
133.912
133.839
132.745
144.314
133.689
134.674
134.19
132.871
132.609
133.78
144.872
129.679
127.9
128.028
127.566
127.786
127.638
159.193
133.327
132.14
131.61
131.018
131.737
131.105
146.861
133.732
133.409
132.269
132.251
132.044
142.119
135.569
132.712
134.484
132.903
133.518
132.225
150.958
135.953
132.897
133.421
133.443
133.344
132.532
142.91
134.5
133.307
132.589
132.827
133.16
132.695
144.426
135.045
132.525
132.416
133.829
131.698
134.244
144.306
134.991
133.705
133.087
134.305
132.168
132.616
155.76
144.24
140.916
141.204
142.383
142.242
151.283
141.283
138.546
138.36
145.078
160.272
161.822
142.698
142.934
140.9
142.212
140.87
156.483
140.651
141.243
139.923
140.044
138.765
139.006
166.437
148.612
144.966
145.214
145.279
145.861
158.247
145.258
144.117
144.629
144.338
145.003
160.814
149.006
144.859
145.04
144.96
144.973
145.13
158.313
144.666
161.966
140.806
134.529
145.959
161.283
138.32
135.097
134.138
134.002
134.581
134.065
147.292
135.116
133.812
134.44
133.611
134.426
133.717
150.464
134.621
134.674
134.97
134.528
134.354
165.896
139.182
134.714
134.694
133.768
134.138
134.558
148.653
135.031
133.514
133.508
132.672
133.313
133.635
146.678
134.523
133.467
133.909
133.373
133.842
134.286
147.873
134.934
133.999
134.597
133.264
133.899
133.671
140.303
133.664
135.192
134.634
134.413
134.332
146.014
137.554
134.333
135.276
133.737
133.741
134.483
146.834
135.74
132.312
133.299
133.988
132.324
172.249
182.258
142.715
142.031
142.529
140.905
142.011
153.779
143.297
141.637
142.946
142.907
142.237
144.314
143.825
142.579
140.876
141.482
149.446
141.716
153.003
141.375
140.155
140.198
140.907
140.366
151.401
142.261
140.34
139.475
139.554
140.32
139.654
150.779
140.329
141.135
139.575
138.819
140.552
144.035
140.718
138.78
141.55
139.743
139.629
139.208
153.164
139.354
139.828
139.355
140.52
139.785
152.47
142.477
139.033
140.674
140.79
139.073
139.837
158.585
142.356
133.241
132.559
134.082
132.936
133.551
137.036
172.353
147.531
142.946
141.181
142.177
156.363
142.539
142.528
142.205
141.89
140.544
155.32
143.671
141.88
140.688
142.054
140.917
141.43
155.266
140.748
142.753
141.247
141.44
141.602
153.119
140.45
138.6
139.827
139.558
140.431
138.633
144.473
140.965
141.202
139.956
140.098
143.271
151.578
139.093
176.775
170.561
146.925
156.327
161.685
149.268
143.686
141.37
142.135
180.291
199.62
184.571
181.766
182.958
181.942
187.175
185.034
181.752
183.999
181.653
195.819
184.826
182.252
182.048
182.907
196.188
184.151
182.504
181.975
182.958
196.369
183.753
182.814
182.727
183.406
195.011
184.587
182.126
182.778
182.284
195.552
184.846
182.294
181.782
182.516
165.683
148.958
181.891
181.695
182.093
192.696
184.438
182.113
182.165
222.571
208.53
159.128
168.136
166.874
148.797
166.483
153.68
146.022
146.46
146.406
145.627
144.297
150.121
149.297
147.011
145.668
147.164
145.778
159.014
148.923
148.774
146.078
146.633
148.728
145.784
159.285
149.037
145.414
146.554
145.035
145.788
160.288
147.362
145.372
173.426
175.546
135.889
146.924
133.242
132.108
131.656
131.1
131.605
132.301
149.825
133.227
132.886
131.095
132.649
133.187
131.89
144.742
132.848
132.102
132.328
131.924
132.257
132.003
143.672
132.259
132.076
131.736
132.097
131.681
132.53
142.727
133.076
133.01
132.133
158.523
149.053
159.649
146.273
179.336
213.921
211.111
228.98
209.923
216.99
214.147
218.066
214.437
215.063
211.23
215.915
216.132
210.515
213.525
214.581
230.769
217.515
213.917
211.543
211.414
214.612
214.705
217.552
215.664
220.356
214.872
214.775
215.991
229.768
216.611
213.666
215.796
220.362
214.253
215.832
211.346
213.723
227.347
214.154
213.95
156.647
197.789
225.371
215.657
155.918
158.284
181.749
214.838
194.549
196.382
193.977
229.437
196.843
196.573
194.374
193.102
203.304
196.537
194.988
197.933
197.744
197.805
193.325
194.261
196.404
192.167
215.208
195.983
192.885
192.825
205.756
198.188
195.714
192.537
193.126
219.905
196.447
195.277
191.716
194.308
216.495
194.619
197.182
195.173
194.612
207.741
194.94
193.791
191.871
208.428
196.203
196.763
196.151
192.42
207.093
196.471
192.185
193.743
192.127
210.793
193.336
192.504
191.96
196.099
206.961
194.489
193.523
193.056
190.935
197.443
194.141
194.666
194.188
176.79
178.111
197.92
199.53
193.052
203.777
194.105
193.283
198.787
193.702
189.831
176.477
195.106
194.209
195.813
207.645
192.827
194.709
195.704
192.487
206.362
193.172
193.303
196.705
195.047
197.801
193.911
193.737
201.363
207.05
197.088
195.608
193.837
201.075
207.271
193.375
193.031
196.516
191.755
207.499
194.956
191.706
193.68
209.902
196.252
193.479
194.095
193.602
212.887
195.685
192.323
194.72
192.627
212.006
193.536
195.822
192.437
193.891
220.247
196.034
196.371
193.209
193.38
199.475
195.972
193.539
198.202
207.061
194.807
195.548
194.793
194.505
209.77
195.382
192.961
192.707
194.021
207.298
195.837
191.561
193.449
195.484
198.615
191.512
193.399
194.419
208.928
165.56
173.514
195.07
195.526
202.068
196.331
200.233
194.669
192.819
222.098
193.644
194.076
191.62
194.949
196.146
195.364
201.77
192.958
193.032
208.768
193.368
194.087
195.538
204.384
193.921
196.792
191.773
193.56
205.841
193.891
191.436
200.734
195.244
211.304
194.041
193.422
192.999
192.669
205.138
193.587
194.087
193.515
193.671
198.926
194.986
198.793
194.462
205.072
193.77
195.144
193.166
176.724
207.852
203.555
195.29
196.861
194.599
199.587
224.538
196.959
193.442
206.381
197.661
194.247
193.015
195.545
207.093
196.524
195.408
191.876
194.204
199.654
223.733
225.758
227.515
240.766
227.579
195.635
202.023
217.737
198.909
148.363
141.857
141.545
140.618
140.75
152.992
141.947
140.176
140.657
139.909
140.86
154.616
140.657
139.397
140.604
140.721
139.701
139.331
154.572
140.882
139.701
139.687
140.42
140.744
154.038
149.999
137.154
137.055
136.116
134.733
135.413
165.236
141.566
139.938
141.225
142.246
140.771
155.374
141.577
141.604
141.626
140.329
140.581
140.805
142.976
140.847
141.268
140.968
140.921
141.082
155.093
141.392
141.021
141.357
141.669
138.983
150.215
139.803
138.281
139.364
138.687
139.588
139.144
152.754
138.973
138.408
139.091
138.856
139.051
138.951
144.885
139.348
138.272
138.529
138.388
141.009
151.687
139.565
138.065
138.196
143.918
165.069
145.891
135.558
130.503
131.141
131.149
129.907
128.971
136.804
132.979
130.389
130.552
130.004
130.269
131.034
141.226
133.816
131.461
130.747
130.476
131.157
169.623
166.728
142.419
141.877
141.707
142.207
139.605
165.31
142.538
141.088
139.598
140.377
141.207
140.718
161.383
141.208
140.075
139.236
140.7
140.815
149.398
143.368
141.38
140.07
141.816
138.867
141.384
153.399
142.197
140.841
141.939
141.049
141.556
151.945
142.897
140.047
141.874
139.713
140.441
139.403
154.364
141.072
140.442
141.428
141.47
141.553
153.319
140.608
140.917
139.818
140.564
140.186
141.729
154.135
140.494
140.248
141.543
139.996
138.853
154.425
141.947
140.715
140.705
140.835
141.638
141.572
149.48
141.067
141.674
141.012
147.544
143.529
151.625
141.991
141.094
141.53
142.055
141.605
144.089
142.598
141.399
141.324
140.1
141.166
141.755
151.686
140.961
140.801
140.724
141.801
140.974
149.499
143.29
142.486
139.323
139.491
139.036
139.328
160.166
160.119
147.443
145.831
144.281
144.453
173.346
170.489
145.96
141.191
142.468
141.346
153.373
143.129
141.436
141.021
140.718
144.564
142.33
154.053
139.951
136.895
137.9
136.917
172.056
191.782
168.64
171.539
174.702
167.052
177.824
155.511
147
145.482
145.156
145.601
144.558
161.731
146.141
145.229
144.605
145.139
145.232
195.527
152.458
140.64
140.029
139.451
137.467
151.251
143.02
139.812
138.923
138.378
138.191
136.875
159.732
139.008
140.319
137.075
137.065
136.784
151.322
140.687
139.815
139.025
138.025
138.047
136.046
157.7
144.517
142.077
142.351
141.008
140.885
152.22
145.83
141.894
141.779
140.39
139.05
140.216
153.993
139.033
138.095
138.997
137.445
136.3
136.928
147.1
141.397
141.833
141.721
140.498
141.383
155.748
143.283
141.34
141.822
141.699
141.623
151.057
143.488
142.235
143.15
140.997
140.825
139.36
158.889
171.315
167.147
135.725
131.505
128.486
149.697
135.311
133.785
132.046
132.958
133.25
132.941
147.823
134.151
132.384
131.975
132.157
133.037
133.235
147.213
133.034
132.54
133.148
132.065
132.939
132.778
143.281
133.322
132.135
132.555
132.762
131.581
133.178
147.805
133.637
131.433
131.582
132.271
132.185
132.999
147.776
132.778
132.543
132.347
131.806
131.434
132.928
140.243
133.63
132.895
132.799
132.996
132.006
136.795
134.112
132.784
132.828
132.053
133.691
132.068
146.995
136.489
134.631
132.563
132.931
132.488
132.748
146.237
135.511
132.857
132.435
132.338
132.416
132.532
146.782
133.49
132.574
133.259
132.657
133.704
131.859
147.084
133.866
135.071
132.25
132.71
133.143
132.611
168.704
167.78
154.559
145.586
145.47
145.202
159.057
144.673
145.692
144.296
144.017
143.839
161.329
146.692
145.235
143.592
143.915
145.296
144.606
159.175
147.534
151.054
184.735
155.225
145.957
159.952
147.668
144.618
144.585
145.806
144.64
159.842
145.647
146.215
145.064
145.371
145.195
157.971
145.921
145.754
144.808
145.309
145.219
145.113
160.056
144.634
143.655
144.165
145.015
145.607
156.857
147.348
144.643
144.584
145.025
145.458
144.952
157.522
144.636
144.394
144.772
144.159
146.147
158.86
144.228
144.756
144.791
144.393
144.584
144.414
147.845
145.77
144.334
144.793
144.29
143.929
159.399
145.584
144.432
144.047
145.573
144.015
158.712
147.033
145.009
144.945
144.455
144.697
143.682
151.388
145.666
144.377
144.501
144.384
144.33
157.569
147.111
144.408
144.37
145.124
144.433
144.089
159.454
144.853
144.657
144.49
144.861
144.059
157.524
146.613
145.253
143.671
143.849
144.673
144.224
148.544
145.927
144.236
144.518
144.423
144.189
159.271
143.287
143.217
142.068
158.883
191.249
173.449
150.318
143.41
142.956
141.151
139.541
150.832
144.045
140.056
140.738
140.741
138.922
138.994
153.636
141.444
139.446
139.707
139.141
138.511
139.602
154.753
140.429
139.933
140.194
140.554
139.428
154.085
143.569
140.744
139.801
140.389
138.425
139.86
146.717
140.775
139.137
138.449
137.997
139.375
153.55
169.025
159.454
159.244
159.701
158.399
167.244
161.764
159.578
159.07
158.63
158.131
204.947
190.902
191.856
196.127
188.668
177.557
188.681
187.795
177.383
159.685
190.586
191.398
188.502
188.447
177.894
178.783
179.829
189.003
189.518
176.832
185.887
180.387
189.599
188.474
187.869
193.035
188.143
173.425
189.042
188.546
200.774
189.635
187.205
187.806
188.42
174.167
193.861
187.123
203.105
185.457
254.703
180.361
165.517
160.673
158.338
170.146
160.886
158.353
157.923
158.359
171.291
161.664
159.765
158.927
158.702
175.391
158.729
158.742
157.923
156.507
163.777
159.304
152.811
159.042
156.715
169.346
159.357
157.587
159.344
158.534
190.986
229.903
212.398
214.442
228.808
245.681
244.738
220.823
176.427
165.167
149.093
146.353
147.026
147.389
156.458
149.502
144.636
144.614
145.772
144.515
152.335
158.184
147.447
144.456
143.83
145.128
144.954
156.963
145.997
145.256
144.496
144.239
144.488
144.95
159.203
144.021
142.034
144.096
142.085
189.098
192.772
170.234
167.114
175.349
166.564
177.323
166.248
168.387
163.351
164.041
159.876
184.35
167.542
169.968
167.197
175.157
177.151
165.631
203.35
164.584
159.786
177.014
193.75
191.494
191.418
178.067
180.406
183.738
190.826
188.44
178.902
194.663
179.266
190.384
188.126
176.64
195.087
191.383
189.995
191.279
195.743
181.645
192.892
191.353
190.522
190.793
172.809
190.574
191.31
176.252
179.167
191.581
193.235
187.463
191.905
188.031
194.246
195.315
190.689
190.812
191.121
178.404
193.416
188.056
188.122
188.01
179.615
191.605
187.689
192.135
188.554
176.854
190.747
191.809
191.755
192.558
195.03
190.73
188.029
187.776
188.267
191.746
190.766
188.042
191.709
192.194
208.007
191.529
190.475
190.777
198.296
192.045
190.382
191.901
188.001
188.267
205.921
193.394
190.873
190.999
190.843
197.617
189.416
190.613
192.311
198.14
192.484
189.529
190.841
190.642
188.904
191.231
183.722
186.048
186.004
189.744
190.155
187.424
186.192
186.101
191.253
193.726
187.311
191.669
191.344
193.831
189.148
188.73
187.432
187.222
191.762
192.501
188.845
188.032
188.781
193.812
191.162
196.363
191.13
187.328
175.523
190.688
187.184
189.385
187.146
195.556
190.234
188.186
186.212
188.949
171.126
188.97
189.212
186.805
189.442
186.829
189.617
189.029
188.904
190.09
184.453
192.43
188.242
188.651
190.174
196.729
191.749
191.291
187.577
191.358
175.68
189.263
188.605
188.792
190.919
191.07
188.523
188.625
188.44
190.408
169.652
190.004
189.36
189.105
188.729
186.909
191.541
187.96
188.594
189.138
193.418
191.882
191.043
191.869
195.539
177.14
189.866
191.277
191.139
188.016
175.206
191.382
188.531
189.346
188.414
189.244
192.078
188.129
188.431
188.834
184.042
196.681
192.838
190.254
190.395
207.593
190.118
190.528
190.815
187.906
206.789
193.57
190.544
190.933
190.486
199.915
188.625
190.272
190.769
187.368
203.084
187.759
188.79
188.675
189.308
222.372
187.241
191.181
191.177
203.511
190.919
191.184
191.888
191.74
192.083
190.117
187.595
187.505
188.005
191.505
189.497
188.086
188.209
191.602
200.441
192.346
187.187
187.743
187.658
196.763
189.353
190.023
188.707
193.061
202.368
195.177
187.525
187.608
187.361
200.789
191.196
190.663
188.541
188.64
206.031
194.652
188.411
187.496
191.195
203.893
188.534
186.305
189.232
188.747
202.044
190.203
187.736
187.602
187.558
200.128
190.739
188.789
187.793
187.427
207.638
187.776
186.874
188.38
188.825
199.204
190.368
188.748
191.398
193.944
193.104
187.365
189.539
187.404
190.351
192.477
191.789
189.19
188.26
189.884
192.824
191.556
189.349
188.146
204.043
189.734
191.395
189.226
189.139
193.587
191.648
188.79
188.47
190.82
202.353
190.853
191.822
191.713
187.434
204.164
190.552
191.346
188.708
190.094
205.918
191.165
188.57
192.418
191.374
216.137
196.233
194.889
153.886
147.885
161.716
187.1
151.755
144.037
144.185
143.452
163.042
146.485
145.586
144.901
146.074
144.588
155.872
147.607
146.533
146.225
145.876
145.571
145.789
161.653
146.675
146.519
145.761
144.911
145.504
160.57
149.003
145.466
144.587
144.149
145.382
150.814
147.176
144.828
144.447
145.358
144.808
146.059
158.192
147.947
143.776
144.492
144.537
143.725
159.978
146.267
144.492
144.666
144.303
144.994
148.053
150.285
145.827
146.074
145.632
144.269
144.901
195.283
193.702
188.371
191.701
187.505
208.432
189.911
190.813
191.103
202.402
193.718
190.696
190.802
187.833
201.58
190.556
188.713
187.726
190.626
209.31
191.632
190.746
187.939
191.01
193.603
191.946
187.983
191.029
191.745
207.093
192.555
189.536
189.815
189.659
166.115
147.556
147.331
146.724
147.825
146.709
152.022
147.608
147.391
147.049
146.167
146.038
160.605
148.344
147.051
147.63
175.372
165.099
172.664
157.449
157.099
154.184
157.566
154.949
169.76
156.55
156.056
154.865
156.099
155.571
159.991
155.975
154.601
155.076
155.52
155.338
160.526
156.135
155.112
155.431
154.823
155.298
162.023
155.198
155.315
154.348
155.571
154.338
160.687
156.29
155.983
154.596
154.973
155.228
167.957
155.802
155.561
155.098
154.6
155.695
169.212
155.5
155.499
155.702
156.01
157.086
169.457
155.424
156.546
155.679
156.917
155.611
171.368
154.574
155.507
162.242
155.676
167.977
157.146
156.025
155.299
156.049
154.823
170.324
158.395
155.118
155.709
155.388
154.966
166.777
157.906
156.774
155.228
156.333
155.598
166.592
157.395
157.298
154.681
155.978
156.955
166.897
154.326
153.419
182.642
159.978
146.36
156.57
142.294
141.396
140.915
140.885
141.449
141.43
145.672
143.457
141.484
140.732
141.099
141.122
155.848
143.403
141.896
140.521
141.425
140.657
141.934
151.293
141.836
142.021
141.928
141.177
141.847
157.509
143.598
141.015
141.848
142.29
141.569
151.279
144.701
141.292
141.77
141.477
140.654
141.944
154.047
143.568
142.422
141.824
141.054
141.166
151.657
144.504
142.483
139.803
141.21
140.748
141.232
152.556
143.638
140.42
140.275
141.915
140.537
151.501
143.364
140.811
141.352
140.901
141.413
141.069
155.19
142.656
142.184
141.857
141.725
141.876
154.628
142.585
140.868
141.599
140.369
140.263
141.044
156.27
142.302
141.743
142.746
139.752
140.972
154.218
142.051
142.298
141.133
141.639
140.939
141.015
159.382
143.749
143.04
142.454
141.246
140.646
150.405
144.239
141.289
140.898
142.011
142.458
140.714
156.949
143.461
142.023
142.47
141.311
