225.978
221.584
169.93
166.435
166.206
164.07
198.507
211.689
211.018
210.222
223.5
216.431
212.314
213.924
210.041
473.861
173.163
216.07
233.319
202.531
194.802
192.887
207.418
191.13
179.725
187.595
191.012
204.913
193.355
184.697
219.559
210.022
202.324
210.65
208.714
202.733
201.171
214.128
188.694
194.332
187.629
194.745
188.453
222.038
223.033
239.287
218.845
217.001
169.758
173.777
243.26
193.019
220.678
501.704
273.935
249.917
262.772
217.957
212.156
212.828
197.773
225.476
225.439
262.384
285.063
222.596
302.782
259.454
256.975
177.165
262.239
256.507
301.503
371.142
403.751
279.197
323.599
379.963
357.479
357.19
361.074
217.282
176.633
216.487
526.312
209.629
201.415
187.972
185.155
183.711
183.586
198.088
184.514
186.533
189.091
189.566
504.307
191.869
187.797
193.319
185.385
194.649
208.332
199.996
215.584
185.707
191.123
227.615
187.725
183.988
198.311
186.843
196.421
198.558
189.439
199.584
185.536
188.336
183.923
187.779
199.611
186.836
192.203
188.237
191.797
201.469
190.919
189.613
195.331
196.337
206.29
189.629
207.127
193.015
207.539
195.969
196.483
184.588
179.74
356.785
283.019
194.937
217.854
191.193
420.288
198.234
212.856
195.472
190.877
212.387
210.501
207.764
197.792
239.741
247.518
250.135
243.428
249.109
260.828
244.033
242.565
243.825
260.695
244.741
242.934
239.91
244.745
181.433
189.547
223.695
209.115
186.398
202.269
201.965
203.887
185.195
189.671
190.615
194.162
207.47
194.446
192.068
193.376
189.917
201.335
182.713
193.677
201.906
202.537
203.241
194.965
216.705
196.561
210.714
195.255
196.575
192.068
193.148
194.598
194.405
195.911
197.69
207.054
195.625
191.123
188.022
195.593
217.115
202.243
203.385
204.209
216.035
196.366
165.211
226.386
159.116
160.184
155.351
214.979
186.712
176.807
211.472
190.477
169.584
157.548
162.288
182.829
169.428
154.582
174.715
213.251
186.86
174.302
321.454
178.249
151.258
209.986
196.32
163.012
153.707
366.733
164.086
152.15
151.972
145.281
143.611
159.632
154.381
148.597
379.118
182.977
284.041
190.786
267.078
400.464
188.272
255.197
196.022
269.397
382.863
185.049
169.085
211.147
196.377
161.262
199.003
193.245
176.21
150.022
278.901
172.647
175.316
164.958
186.113
172.243
154.989
206.65
189.205
182.783
167.1
187.083
194.649
158.549
151.876
382.562
171.604
220.438
188.458
212.534
207.081
192.012
163.024
573.926
195.229
182.84
180.371
184.37
184.958
204.095
183.205
177.297
211.584
203.618
263.15
599.693
482.787
171.454
163.976
205.527
220.838
189.225
190.94
183.201
175.793
389.239
187.662
163.277
976.261
258.97
166.215
165.634
163.21
161.123
167.451
330.86
169.25
165.18
186.588
222.345
191.725
167.043
177.691
204.282
220.173
162.729
164.179
161.379
163.876
225.469
161.055
161.519
160.618
162.366
160.39
176.694
161.524
182.183
161.759
156.413
182.329
178.743
209.734
197.062
163.141
183.912
163.685
163.111
168.645
159.544
251.061
188.865
177.265
192.808
187.987
586.075
202.519
198.595
215.114
196.808
202.285
222.089
215.478
190.281
181.863
187.918
175.957
520.616
148.005
139.691
139.621
138.254
148.66
138.546
140.54
136.209
140.426
135.391
158.108
140.431
136.964
138.335
136.925
137.5
134.897
159.267
136.919
141.281
135.761
138.862
161.192
153.694
141.863
138.093
137.968
137.385
138.645
134.97
162.188
139.137
138.655
135.553
141.062
136.501
156.512
158.071
142.353
142.913
137.881
143.136
163.413
160.733
149.937
146.535
145.962
144.383
145.86
164.961
147.036
145.932
152.838
155.037
148.097
173.273
165.503
145.46
151.076
147.782
142.893
174.078
159.348
156.795
161.586
205.783
193.076
193.19
188.33
205.139
201.186
225.992
200.239
201.536
187.445
185.497
449.907
202.983
203.013
193.346
378.403
175.106
156.266
201.235
169.917
411.095
2125.48
539.101
196.694
503.816
206.375
198.285
209.583
200.628
196.765
198.672
198.095
212.754
195.535
196.543
204.701
226.053
205.396
188.826
171.755
164.648
202.869
192.081
190.856
191.618
192.718
202.495
184.794
200.726
196.754
212.387
192.17
195.652
196.663
488.759
217.539
199.262
193.206
245.142
169.524
202.834
194.853
212.324
214.87
194.258
197.308
371.797
165.753
151.551
149.685
163.084
148.163
145.746
146.074
147.684
144.322
176.26
156.902
151.109
149.65
150.886
151.614
168.333
151.956
150.018
150.242
150.889
150.245
167.425
154.296
147.875
148.407
148.115
147.312
161.392
148.507
145.193
143.896
145.746
144.517
144.181
161.192
150.451
148.341
149.021
147.501
148.687
164.384
148.26
147.578
147.581
147.234
145.794
160.792
150.949
148.717
148.167
148.56
149.664
172.901
146.495
144.203
145.905
144.555
145.65
163.247
153.509
148.67
148.18
149.243
149.404
160.204
149.079
148.351
149.453
149.884
147.484
161.867
154.807
150.09
149.262
149.283
150.422
161.139
148.534
145.62
145.157
144.917
144.546
145.707
181.358
153.596
149.963
148.444
150.263
150.008
167.809
150.87
149.917
149.172
149.329
149.303
172.221
150.483
150.438
149.398
150.05
149.049
161.747
152.769
152.317
150.652
149.206
149.445
173.638
150.769
148.303
147.922
149.668
147.231
167.404
146.106
144.638
145.467
143.307
143.983
162.041
154.061
148.666
149.259
150.625
148.07
152.871
147.771
143.334
150.776
150.281
147.708
166.309
154.642
146.963
147.322
147.959
147.019
145.944
161.481
145.466
143.659
144.163
143.444
144.618
165.436
150.772
148.083
148.344
146.621
146.766
161.124
151.605
148.283
146.746
147.835
148.347
161.906
151.148
148.579
148.188
147.427
145.863
168.025
148.826
145.981
145.108
145.01
145.085
144.905
157.153
149.505
149.944
149.795
149.232
148.591
161.881
148.135
148.34
149.522
149.67
148.586
153.275
149.007
149.22
146.449
146.7
148.778
165.685
146.187
143.459
144.284
146.291
144.277
168.059
153.088
150.864
149.168
149.064
149.951
160.955
152.82
148.777
149.725
149.873
149.475
159.806
154.537
152.13
149.079
146.194
147.665
147.849
154.8
145.909
144.594
145.181
143.695
143.845
170.741
152.744
149.563
148.768
148.613
151.024
159.337
149.289
147.22
149.028
146.769
148.708
168.379
149.563
148.149
147.502
148.399
148.658
165.228
143.791
141.523
143.494
142.902
141.355
169.938
205.122
167.407
166.087
159.253
157.336
177.993
163.948
157.716
156.989
156.784
164.947
161.751
159.472
155.822
156.3
156.427
172.624
156.721
154.064
149.699
149.866
150.485
167.451
157.559
179.214
157.255
151.736
151.608
177.308
161.289
154.652
153.887
158.017
157.376
201.608
241.933
191.279
190.853
199.923
254.68
235.167
191.166
295.115
207.746
205.476
175.795
194.718
197.569
152.351
131.108
126.669
126.261
127.592
135.087
151.444
130.618
129.025
127.171
128.708
127.704
128.994
139.985
128.122
125.662
125.339
126.028
125.52
125.493
145.537
132.774
129.967
127.508
128.454
128.333
128.724
143.56
131.767
129.418
129.259
127.22
127.855
127.515
148.255
135.866
129.018
127.807
127.742
126.037
127.181
136.225
140.825
129.71
128.497
127.099
127.687
126.249
127.728
152.197
158.333
150.959
146.745
142.449
143.097
157.129
144.44
142.783
141.174
141.209
143.56
160.464
150.526
143.698
146.592
145.268
144.868
144.524
179.133
146.396
142.377
144.263
144.741
146.792
148.256
133.876
133.43
133.102
132.613
131.761
132.633
146.621
134.679
133.223
133.268
132.266
133.219
132.52
153.479
134.384
133.981
132.246
132.755
132.706
133.62
145.072
133.199
133.921
131.768
132.657
133.911
133.259
143.989
132.772
133.56
132.647
132.193
133.031
132.374
150.194
133.19
132.879
132.531
133.921
132.16
134.058
150.484
131.625
132.877
132.089
133.034
132.273
133.028
149.235
132.952
133.27
155.067
143.851
143.365
145.697
131.711
129.379
129.456
128.302
128.512
128.097
138.432
129.81
128.021
127.852
127.848
127.381
127.312
145.587
133.322
128.703
128.369
129.463
129.857
128.277
141.484
127.745
125.61
133.265
158.495
149.34
158.438
195.46
171.232
172.882
211.779
196.158
207.989
177.012
175.915
164.972
144.08
170.455
175.982
176.675
170.753
175.488
198.883
184.378
145.469
175.948
176.949
171.097
207.944
177.136
179.712
144.734
137.322
189.904
185.903
176.773
187.551
180.046
212.941
156.936
140.517
143.039
144.627
145.211
167.662
153.393
145.288
144.26
143.578
143.187
143.247
159.653
145.239
140.05
143.187
141.171
140.691
163.18
144.242
142.543
142.728
144.33
145.482
159.361
145.911
146.632
145.74
144.865
146.348
141.523
150.522
145.698
143.4
142.383
143.238
143.04
158.157
142.088
143.371
145.081
144.072
140.176
163.974
145.583
142.693
143.47
143.301
141.87
142.522
145.505
142.221
143.003
142.465
141.61
143.511
159.869
144.287
142.836
143.118
141.854
162.846
187.828
152.427
149.895
150.753
147.913
150.565
187.698
204.317
190.281
166.642
155.241
177.007
160.886
165.216
185.98
161.536
153.423
183.458
149.42
153.918
151.855
154.91
151.858
161.144
154.595
154.058
154.462
156.594
167.803
158.652
151.524
145.671
150.357
168.951
197.921
179.087
162.729
162.242
160.874
159.123
168.717
161.562
153.466
158.546
151.484
162.814
174.615
163.378
161.444
163.799
156.447
184.657
162.678
160.85
158.161
161.476
159
176.092
159.595
156.952
174.264
160.755
169.746
171.782
157.782
157.821
158.389
156.864
162.622
195.116
179.043
177.683
176.183
167.201
183.802
177.319
167.885
166.7
164.694
194.886
180.23
183.949
177.349
179.816
189.431
179.839
177.126
180.103
175.556
177.086
195.285
177.298
178.76
175.746
176.491
181.59
175.675
176.172
178.943
176.556
204.243
199.045
206.455
209.769
203.681
200.529
204.574
197.699
179.032
182.421
183.33
159.48
142.481
136.747
134.413
133.047
151.847
136.424
134.134
133.513
133.185
133.486
132.776
150.679
136.659
135.061
133.904
133.536
134.287
134.378
160.035
137.023
135.002
134.982
134.326
134.527
133.699
152.232
135.537
134.785
134.093
134.371
133.518
143.678
137.853
135.852
134.037
133.835
133.462
134.087
151.275
137.817
134.929
133.504
134.057
133.928
134.673
151.918
136.96
134.033
134.749
133.252
134.171
134.454
152.963
136.613
133.869
133.913
132.352
132.15
132.417
149.03
132.482
131.473
132.389
164.864
170.665
177.5
142.632
135.399
133.293
133.254
133.762
133.501
158.876
143.756
122.988
120.282
119.957
119.191
120.157
144.722
125.584
120.354
119.255
119.531
119.104
118.794
119.926
133.574
121.227
129.155
120.993
119.372
119.011
119.544
141.016
119.656
118.542
118.958
118.864
117.329
117.607
120.518
123.267
117.485
118.752
119.666
117.874
119.092
117.527
143.594
122.179
118.361
119.275
118.405
118.833
157.651
156.138
140.211
138.568
137.47
137.158
138.21
141.097
143.119
138.183
137.299
136.201
177.005
176.373
179.648
175.114
172.124
172.898
172.619
184.885
146.569
136.879
138.028
136.526
136.606
146.242
134.757
133.132
131.22
179.314
148.597
126.99
155.407
129.665
127.848
160.108
159.789
155.418
184.369
158.241
157.334
204.477
161.821
159.548
147.864
144.624
151.207
569.774
179.187
203.347
205.753
191.286
214.822
193.294
193.142
196.523
208.669
197.552
197.723
198.155
199.521
211.163
169.087
158.816
159.845
193.361
219.06
184.234
174.745
156.076
159.292
169.971
151.897
152.695
155.648
144.236
143.207
167.684
160.179
152.113
148.651
147.71
153.522
166.552
151.856
165.987
161.944
161.401
147.725
158.633
153.129
149.536
154.778
133.49
133.55
132.778
154.341
151
146.23
144.527
144.171
159.688
152.774
149.463
148.04
148.427
157.499
152.272
149.75
148.421
148.125
146.395
169.668
148.266
147.458
148.658
147.715
164.564
172.597
148.672
146.903
147.564
165.92
151.243
151.111
148.022
149.096
181.324
152.774
143.418
134.612
135.47
135.123
135.304
155.849
136.246
135.097
135.856
134.984
135.187
147.822
143.016
137.055
135.788
135.35
134.201
135.388
149.938
141.891
137.088
136.177
135.388
136.149
132.29
156.124
137.953
134.364
135.969
135.495
134.288
133.91
153.424
130.024
129.202
127.857
127.962
127.611
126.751
157.956
134.839
132.889
133.84
131.087
130.696
147.193
157.583
139.373
127.806
125.539
125.304
125.901
144.261
130.549
127.876
127.297
126.9
126.408
125.539
139.528
130.934
125.939
123.747
124.185
122.774
121.145
121.908
150.117
127.467
128.207
127.289
125.887
124.277
125.701
142.047
127.769
127.141
128.252
127.267
125.505
125.655
139.465
129.333
127.812
127.294
126.653
126.022
125.181
139.118
130.11
128.22
126.777
126.997
126.615
124.914
149.455
136.257
127.147
124.591
124.597
123.03
123.343
131.772
135.078
130.111
128.386
127.079
126.659
125.988
125.854
135.07
128.651
127.899
127.899
127.06
125.71
126.594
143.761
129.867
129.316
128.757
129.205
128.296
128.434
147.866
130.99
129.671
130.188
129.925
130.091
129.108
148.152
127.02
128.276
126.409
125.813
125.894
126.803
155.141
132.431
129.523
131.234
128.908
128.306
128.223
148.113
129.421
128.369
128.531
129.864
128.339
204.11
135.531
128.681
149.232
129.416
127.594
127.822
140.829
130.167
129.436
128.066
127.969
127.261
127.448
137.947
130.729
127.417
126.985
126.574
127.003
126.422
142.434
130.97
127.111
126.117
125.746
127.006
172.667
139.617
137.422
145.913
141.359
131.713
129.122
129.406
148.39
132.326
132.022
131.051
130.33
129.556
129.854
152.426
130.982
128.985
128.575
130.257
129.578
129.76
138.254
130.715
130.098
129.974
128.817
130.793
129.752
153.095
130.034
128.603
130.498
129.947
129.129
130.732
144.185
129.58
129.903
129.443
129.216
129.574
129.219
139.835
132.447
134.481
130.324
129.891
130.191
129.779
143.975
131.412
129.856
129.105
129.219
129.547
128.953
137.827
130.255
130.552
130.297
129.273
130.215
129.645
154.796
130.007
129.061
130.234
129.673
129.596
130.114
143.826
130.779
130.326
129.941
129.895
129.806
129.485
143.785
131.193
130.11
129.871
129.178
130.349
129.978
143.605
130.619
130.696
129.864
128.918
129.512
130.98
145.179
131.073
129.637
130.304
129.242
128.754
129.182
139.541
131.355
130.199
129.806
130.408
129.439
128.95
152.306
131.261
129.327
130.194
129.667
129.141
129.696
137.821
129.92
130.942
130.964
130.721
128.738
129.246
146.108
131.174
129.455
130.74
130.041
129.573
129.156
146.368
130.314
130.049
129.526
130.81
129.547
129.034
151.261
129.705
129.599
129.442
130.066
130.134
129.972
138.004
131.178
130.926
129.328
129.602
129.12
130.381
146.896
129.958
129.322
129.541
128.904
129.776
130.455
146.362
130.299
129.851
128.838
129.569
128.176
129.161
146.679
131.648
130.046
130.865
129.602
130.022
129.715
150.412
129.095
128.715
127.828
128.333
129.256
129.512
145.707
129.743
129.195
128.979
129.337
129.519
129.58
145.493
130.44
128.758
129.509
129.606
128.981
128.641
146.228
131.733
129.686
128.991
128.791
130.145
130.719
144.768
130.905
129.55
128.947
128.814
129.656
130.375
145.694
129.77
129.963
131.164
128.741
129.195
128.311
146.014
129.787
130.862
129.062
129.109
128.544
129.58
144.735
131.067
129.847
129.242
129.539
128.941
128.898
134.904
130.573
130.772
129.984
128.621
128.219
129.664
147.544
131.944
128.354
132.447
129.325
129.276
129.045
145.476
131.358
129.409
128.717
129.896
128.059
127.521
144.146
131.424
127.912
127.009
127.62
128.477
127.081
143.688
129.876
127.959
127.607
128.173
128.57
128.291
142.63
130.174
130.422
129.132
130.044
128.92
127.487
141.459
141.867
131.488
130.422
130.813
131.163
130.207
146.144
134.959
130.599
130.936
130.285
131.355
129.251
146.134
131.725
132.176
131.478
131.614
130.763
130.936
135.376
139.908
132.029
131.87
130.612
130.464
130.873
153.009
133.115
130.907
130.432
131.992
130.792
130.769
145.613
127.105
126.212
126.639
126.465
128.24
126.726
151.654
131.307
129.346
128.963
128.764
128.597
130.224
137.954
129.963
128.744
129.119
128.73
129.562
129.119
146.161
130.251
129.265
128.16
129.051
128.107
129.533
134.568
131.647
128.744
129.102
128.69
129.151
129.082
146.495
130.748
129.081
128.594
127.646
128.023
128.931
145.365
130.541
128.567
129.939
127.833
128.597
128.798
144.73
131.457
129.499
128.062
129.7
128.892
128.559
143.942
131.146
129.045
128.889
128.477
129.626
128.575
144.254
130.025
129.575
128.13
127.797
127.745
129.6
143.706
131.698
128.811
129.169
128.035
129.358
128.354
140.507
131.174
129.499
128.75
128.898
128.143
128.44
130.733
132.995
129.596
128.799
130.425
129.643
128.152
144.874
133.643
130.996
129.322
129.075
128.648
128.85
141.279
129.78
130.18
130.598
128.621
130.314
128.783
144.404
130.697
129.83
128.523
129.726
130.271
128.164
143.8
130.645
129.443
128.685
128.516
129.683
129.122
140.461
131.804
129.371
128.798
128.371
128.748
130.305
140.7
132.516
129.074
128.319
128.894
129.129
129.078
129.888
132.48
130.029
128.946
129.305
127.888
129.045
128.861
149.331
128.4
129.517
128.02
129.67
128.3
129.285
145.61
130.826
128.998
130.257
129.19
128.373
128.529
145.69
128.714
130.149
128.673
128.774
129.057
128.56
147.177
128.097
128.605
129.613
154.474
148.137
136.576
124.39
122.212
122.121
120.927
120.714
121.199
119.551
140.591
123.858
121.482
120.967
120.407
119.448
120.227
128.988
123.533
122.693
121.358
121.126
120.417
121.246
120.658
138.643
122.95
122.423
120.732
121.495
121.097
119.734
129.596
122.444
121.626
121.356
120.698
120.76
120.52
120.874
137.433
122.837
120.794
120.988
120.551
119.127
120.306
131.454
122.428
121.809
121.308
121.512
121.115
121.539
120.718
136.157
123.548
121.102
121.589
120.657
120.762
120.642
131.803
124.253
121.963
121.424
120.832
120.943
121.379
120.457
137.025
122.669
121.27
120.868
121.821
121.451
121.156
133.199
123.605
121.77
121.097
120.607
120.765
120.31
120.681
137.013
121.865
120.617
120.771
121.286
119.638
119.3
129.576
122.257
120.567
119.648
119.193
118.996
119.34
118.963
135.625
121.722
119.317
119.785
119.198
119.899
119.782
119.201
135.298
119.445
118.327
119.134
119.068
119.077
119.647
122.453
122.726
119.664
118.508
119.591
119.398
118.539
118.948
135.425
119.689
118.903
117.319
119.415
117.308
115.875
116.029
142.599
120.738
119.938
119.451
121.136
120.666
121.315
136.2
122.431
119.304
119.981
119.364
120.369
119.863
119.56
136.545
120.617
119.524
119.772
118.959
119.785
119.718
129.335
123.472
120.643
119.7
119.204
119.744
119.022
119.515
146.077
122.679
120.529
118.913
120.346
119.679
120.934
131.043
124.523
120.61
120.045
119.862
120.413
119.533
120.724
136.516
121.62
119.842
119.434
119.851
119.691
119.493
133.357
121.482
121.302
120.079
119.498
119.617
119.052
120.01
136.077
122.057
121.132
122.155
124.684
121.018
120.17
133.376
123.972
119.972
120.453
119.778
119.163
119.885
118.943
135.948
121.333
118.937
121.078
119.401
119.616
119.167
118.932
137.272
121.396
119.28
119.738
119.401
119.492
118.679
135.605
122.432
120.65
118.561
118.867
117.533
117.205
116.898
128.492
120.506
119.487
119.37
120.106
119.855
119.2
132.467
121.99
119.781
155.538
119.868
119.213
120.461
162.845
144.856
134.199
133.751
133.406
133.779
132.573
152.717
138.823
133.235
132.54
132.642
132.953
131.691
146.655
132.781
131.424
131.301
131.845
131.929
145.238
146.602
132.564
132.736
131.926
131.999
131.611
132.747
138.482
132.982
132.079
131.643
130.506
132.026
131.641
152.017
133.794
131.238
131.567
131.668
130.8
130.741
144.434
132.804
131.337
131.006
131.397
131.737
132.242
149.673
132.995
131.65
131.567
131.174
132.048
130.395
149.33
132.426
132.426
131.017
131.562
132.213
130.171
136.467
131.759
130.916
131.631
129.804
131.073
131.448
134.822
132.85
130.528
132.727
130.901
131.94
146.258
135.253
132.753
131.378
131.09
130.579
131.678
154.386
139.307
132.828
131.712
131.354
141.439
134.396
147.47
132.664
132.212
132.904
131.852
130.676
131.605
144.901
132.783
131.999
131.969
130.822
131.055
131.468
143.25
132.48
131.334
130.275
132.297
130.344
131.478
148.458
132.879
132.192
131.187
131.855
130.843
131.247
136.6
129.857
223.436
133.162
150.074
140.119
149.537
132.546
129.984
163.559
197.818
198.703
224.822
142.405
198.859
198.601
200.902
201.464
197.354
198.011
202.636
210.664
204.143
199.077
201.47
198.123
195.926
198.543
199.355
201.088
198.017
207.855
200.759
201.284
200.544
218.979
199.111
201.172
200.129
198.081
215.788
201.135
198.917
198.649
204.679
204.357
199.626
198.83
198.45
215.571
198.717
199.819
199.701
198.215
216.387
199.511
201.71
198.689
204.766
204.816
199.349
200.092
197.925
214.862
199.93
204.427
199.307
201.691
221.714
198.582
199.277
198.795
212.128
201.112
197.536
207.996
198.804
208.564
203.123
199.241
200.438
199.608
194.363
180.363
175.548
176.637
174.964
182.349
177.192
175.698
177.097
173.71
193.539
175.034
175.328
176.933
182.263
196.24
175.855
176.04
176.323
176.974
161.81
175.446
176.912
177.169
178.131
198.056
178.093
175.808
177.475
177.213
176.939
192.27
174.302
176.933
176.796
176.534
190.769
178.654
175.809
176.21
176.026
166.875
178.369
176.587
176.563
175.983
192.697
179.869
174.23
176.347
176.959
176.403
170.639
147.762
144.792
143.383
145.075
144.564
195.767
176.977
176.287
176.703
176.57
194.989
183.738
174.89
175.999
176.92
182.258
180.227
177.322
176.985
176.327
196.784
183.094
177.225
176.985
176.918
176.898
196.764
176.206
176.526
176.45
176.327
201.205
187.126
182.456
181.71
179.564
172.375
178.115
175.23
174.479
163.075
181
177.786
174.254
175.861
174.693
178.996
172.076
151.704
150.94
151.551
154.826
153.306
151.213
142.498
152.187
160.269
157.659
150.182
157.482
155.768
160.795
136.847
128.744
129.401
149.586
129.693
127.418
128.695
128.309
128.594
127.972
143.882
130.438
126.855
127.595
129.259
128.898
129.018
142.685
131.605
129.571
129.589
129.696
129.549
129.492
143.8
130.987
129.699
129.422
129.58
129.888
130.435
147.193
150.25
136.893
135.065
134.406
134.043
143.999
138.24
133.389
132.767
132.349
132.968
132.821
142.126
136.7
135.183
133.32
132.716
133.047
134.28
151.007
134.425
134.039
133.389
133.084
133.269
133.452
151.393
136.512
133.09
132.791
133.037
133.726
133.123
152.316
135.468
133.442
132.329
133.482
134.191
148.496
139.489
135.423
135.136
133.615
133.248
132.728
144.746
134.164
133.548
131.45
159.608
134.105
122.65
138.03
121.952
120.277
119.602
119.639
120.656
119.395
120.047
127.627
120.165
120.835
120.196
120.317
118.856
119.258
134.723
121.645
119.642
120.604
118.827
119.995
118.301
119.877
133.293
120.256
117.678
119.338
135.269
164.503
144.996
149.564
139.994
140.559
141.651
139.191
139.676
164.183
144.324
142.099
142.315
143.531
144.01
145.605
143.913
142.061
143.419
142.028
143.823
141.032
172.808
153.637
149.347
149.248
168.267
155.484
169.225
154.833
156.067
151.785
153.039
158.447
182.15
155.899
154.396
155.644
154.225
162.194
158.586
171.599
186.435
179.983
180.578
186.011
152.165
146.693
146.652
146.341
146.76
157.653
146.9
179.926
180.22
181.085
194.418
182.438
181.256
179.641
179.716
180.52
182.727
180.213
181.814
178.729
181.194
198.17
180.42
182.348
181.275
178.014
181.803
180.323
182.034
181.429
183.853
196.213
182.876
181.686
177.85
185.639
197.654
181.446
183.251
198.94
161.937
175.403
142.488
136.239
135.09
133.763
134.793
133.596
153.533
134.236
130.582
131.224
130.749
130.76
129.94
149.653
136.218
133.92
133.596
133.097
133.457
133.823
149.439
135.303
133.211
133.616
132.819
133.383
132.985
157.663
134.925
133.282
134.328
132.748
132.433
132.638
152.116
133.842
133.115
133.535
132.681
131.845
133.251
145.786
133.466
132.283
133.55
134.509
133.244
133.626
144.143
132.032
145.298
155.806
130.15
127.862
155.403
138.477
132.14
132.267
132.29
131.277
130.332
146.204
134.305
157.159
134.996
159.799
139.508
138.36
134.014
127.649
127.442
127.289
126.637
125.59
125.613
145.409
123.548
122.549
121.931
153.021
143.888
126.806
142.732
126.727
124.6
122.889
138.657
168.45
175.153
126.816
122.522
121.46
121.313
119.909
121.518
133.676
126.832
122.549
122.682
122.137
120.006
143.216
147.741
135.499
141.024
134.922
132.51
131.992
133.009
148.329
138.09
132.768
133.688
132.522
133.088
130.846
148.765
180.381
176.496
145.488
136.237
135.37
186.335
224.82
198.422
173.663
129.93
122.783
122.889
121.122
119.469
119.608
119.562
119.876
119.413
148.062
123.326
119.602
119.036
119.534
120.026
119.822
132.631
126.051
120.002
119.378
119.686
119.437
119.158
119.018
123.515
150.127
150.055
122.395
121.095
119.277
119.418
133.425
120.658
119.728
118.803
119.13
119.06
118.991
133.616
122.278
119.544
119.687
119.602
119.921
119.415
119.777
140.67
131.468
180.312
145.569
131.906
129.415
128.667
140.706
134.001
131.383
132.496
131.417
131.431
135.637
133.84
131.504
130.566
130.836
131.034
131.154
144.243
135.241
132.203
131.034
131.32
131.856
130.672
144.383
134.062
137.623
170.382
142.813
135.471
132.059
137.596
133.689
130.327
131.635
132.013
133.373
131.411
136.393
133.097
131.782
131.665
131.863
133.442
131.37
137.247
133.225
131.011
131.203
130.536
132.381
132.781
136.678
131.397
132.013
131.046
131.239
131.879
132.072
137.45
133.195
132.339
130.254
131.226
131.428
132.32
151.956
134.121
130.442
131.063
129.871
130.973
130.967
143.581
132.11
132.795
130.481
130.011
129.887
131.32
143.175
131.965
131.602
131.114
130.745
130.799
130.245
144.291
131.764
131.544
131.144
130.408
130.792
129.689
147.192
132.113
130.805
131.042
131.433
131.326
130.792
147.929
131.936
130.364
130.091
131.093
131.022
131.263
146.504
132.483
130.636
130.661
130.93
131.12
131.118
149.663
131.968
130.525
130.165
131.383
131.906
129.469
154.004
133.349
131.917
130.94
131.171
130.871
143.975
134.325
131.929
131.173
130.231
130.322
131.174
143.003
132.468
130.375
129.854
168.226
161.075
139.942
150.95
137.336
133.599
135.398
132.374
131.878
132.113
148.558
131.939
131.096
131.311
131.295
131.325
132.066
150.083
133.664
130.369
131.469
130.816
130.479
131.772
140.708
133.851
129.98
131.848
131.168
132.053
145.006
135.598
172.724
172.435
173.443
177.721
182.639
175.484
174.572
173.686
214.76
240.225
223.774
223.787
223.884
243.828
196.032
177.737
177.065
176.471
192.39
174.559
178.225
176.507
176.727
189.719
178.329
175.929
176.62
176.976
176.153
179.812
174.231
174.997
174.503
177.598
194.108
178.331
175.094
178.004
176.026
193.336
178.465
176.751
174.182
174.083
178.482
180.317
175.401
177.41
174.054
167.443
209.744
178.683
175.635
177.529
210.892
179.978
135.883
129.7
129.906
134.638
170.525
162.299
177.824
177.179
175.134
142.21
132.663
152.931
131.532
132.076
130.863
130.979
131.698
129.56
154.789
171.621
177.563
172.684
176.149
201.232
175.851
175.44
174.516
173.656
192.794
178.014
175.173
175.799
175.179
175.521
196.065
175.054
177.981
175.177
178.101
212.714
228.139
224.197
224.278
230.142
221.992
223.96
227.698
209.729
180.314
175.223
177.262
175.746
189.664
180.849
178.204
175.908
177.994
175.481
196.582
178.101
175.903
177.235
175.421
183.939
177.142
178.402
176.127
176.574
189.547
178.089
177.153
177.349
173.954
181.659
177.042
175.712
177.81
174.486
178.299
192.227
176.892
175.702
174.014
176.48
234.552
190.73
175.84
173.637
181.543
175.241
209.574
144.834
141.366
129.693
126.815
144.797
128.933
127.166
126.834
124.947
124.55
124.717
144.517
138.391
130.361
127.317
125.898
126.47
126.418
142.03
126.692
230.564
131.486
128.595
126.55
142.151
132.358
128.67
127.007
127.303
128.482
128.518
139.908
131.693
129.562
128.105
128.527
128.49
128.77
129.08
131.865
129.167
128.601
128.132
128.751
128.847
129.261
146.815
128.997
129.702
129.735
127.675
127.954
126.109
145.038
128.472
126.51
126.812
126.307
127.165
126.321
148.74
128.906
126.701
126.911
126.531
126.557
126.303
139.05
128.156
128.77
128.851
129.235
127.75
129.137
137.419
127.553
132.319
166.723
151.112
151.475
172.308
156.384
150.281
181.493
203.606
252.526
207.373
158.723
123.815
120.643
120.243
118.485
133.109
118.949
118.101
118.379
117.466
118.531
118.239
131.565
123.265
119.227
118.726
118.452
118.807
119.849
118.514
128.988
118.427
116.156
116.906
126.823
160.524
128.17
134.561
119.922
118.411
117.647
117.175
116.477
117.776
117.539
136.587
119.878
117.966
117.402
118.378
117.489
118.736
117.867
123.797
116.76
117.767
116.288
116.874
115.494
117.097
127.658
118.503
116.702
117.577
117.307
116.22
116.062
118.87
132.949
119.25
119.698
117.253
117.098
116.107
116.97
118.161
132.282
118.267
118.011
118.506
117.064
116.73
117.358
133.078
122.184
119.184
118.628
117.83
118.591
116.624
115.527
133.055
121.47
119.104
117.724
119.3
117.954
118.302
117.884
133.603
119.714
117.641
118.74
118.461
118.326
117.545
126.345
122.783
117.763
117.196
115.986
116.374
116.727
116.77
125.766
116.437
117.664
116.784
116.419
116.434
116.561
116.257
121.456
117.346
116.765
116.41
115.508
116.777
116.489
115.828
127.297
116.04
116.139
117.415
116.524
116.4
115.788
116.263
132.038
116.228
116.223
116.988
115.548
116.715
116.119
129.9
118.862
115.575
116.852
116.541
116.727
116.119
117.766
155.571
162.865
190.342
158.006
147.936
185.069
202.76
156.808
138.15
135.224
131.983
131.647
143.819
133.428
132.678
131.415
133.623
131.231
132.649
149.34
133.637
129.012
129.436
129.815
128.919
128.606
151.848
133.884
132.564
132.406
133.487
133.349
131.531
150.897
132.311
131.006
131.989
130.823
132.797
141.316
134.081
131.941
130.769
130.676
130.937
131.367
141.065
160.51
148.694
141.734
149.223
149.771
149.002
163.782
146.094
143.761
143.093
143.956
143.849
159.772
145.145
143.485
142.525
143.288
143.106
163.244
149.184
144.982
145.924
143.334
143.761
144.276
159.301
144.995
142.937
143.975
143.162
143.388
158.985
145.489
144.403
143.848
143.087
143.611
160.664
149.138
144.396
143.524
143.638
142.979
143.247
161.81
144.591
143.277
143.198
142.379
143.604
159.621
144.528
143.951
144.269
143.834
143.06
156.326
144.994
143.839
141.83
142.648
141.603
146.703
194.579
151.968
136.669
139.268
133.382
131.43
143.311
133.575
132.58
131.879
131.156
131.999
130.789
142.96
132.128
130.324
132.233
131.145
131.948
131.494
141.056
132.939
131.033
132.833
132.367
131.169
132.183
147.948
133.599
131.28
131.325
130.795
132.655
131.394
153.169
135.234
131.679
130.838
132.771
130.544
131.758
144.499
132.243
132.444
132.079
131.485
132.709
132.741
149.265
132.854
131.471
132.306
131.728
132.256
132.177
154.004
133.749
131.761
132.353
131.315
132.627
144.832
134.762
132.439
132.133
130.718
130.811
131.725
146.038
135.737
132.796
132.241
131.31
131.83
131.291
134.883
135.113
132.399
132.254
131.541
132.239
131.782
139.768
134.86
131.905
131.709
130.908
131.86
131.518
142.542
134.495
131.685
132.162
132.22
131.891
132.276
144.627
134.144
133.8
131.452
131.274
131.711
132.29
146.312
133.475
131.851
131.776
131.417
131.24
132.64
147.885
150.889
158.864
144.5
142.186
140.543
153.893
145.963
142.688
141.455
143.604
143.978
141.963
159.16
150.38
142.182
141.881
143.545
141.613
157.604
142.816
142.685
141.55
142.909
142.329
156.941
144.156
142.648
143.709
142.616
141.753
142.125
159.361
143.391
141.719
141.126
140.771
140.801
156.721
145.115
140.26
140.326
143.265
140.366
141.751
155.779
141.008
157.202
179.207
161.45
174.826
213.607
210.357
209.754
205.687
228.831
201.944
145.198
154.469
153.884
138.315
156.625
129.807
127.379
141.647
150.047
143.228
160.367
146.528
145.914
144.838
145.213
145.066
158.865
157.632
144.842
145.349
145.379
143.82
144.681
160.203
145.001
145.631
144.795
144.383
145.09
162.221
145.205
144.882
144.968
145.352
145.116
160.493
145.482
142.489
142.769
143.166
146.028
158.756
147.364
144.463
143.788
158.913
178.87
165.927
141.168
136.498
136.486
135.725
134.161
133.994
150.174
136.347
135.912
135.568
136.074
134.006
135.012
142.676
135.855
134.522
136.14
135.198
134.511
134.747
144.431
136.011
135.208
135.692
134.299
133.704
134.846
146.569
136.366
134.997
135.812
134.435
134.324
147.605
138.087
134.877
133.846
136.501
135.137
134.859
148.486
135.816
135.909
134.402
134.862
135.364
134.558
146.669
135.314
134.964
134.552
134.957
134.114
135.12
148.537
136.591
133.759
134.812
135.801
134.84
147.739
138.787
135.431
135.103
134.061
135.174
135.175
142.188
148.168
133.757
132.889
132.874
131.866
132.61
149.162
133.56
131.552
131.019
132.788
131.493
131.965
147.632
134.104
130.84
132.431
131.409
132.477
130.916
146.435
133.493
132.6
131.926
131.083
132.363
131.01
147.776
132.905
132.521
132.39
132.363
130.56
130.935
146.582
132.685
129.226
129.42
129.776
128.962
173.422
169.313
138.525
134.208
133.145
175.598
173.185
176.917
176.603
173.705
174.621
180.873
186.288
177.178
173.774
141.539
131.527
130.197
144.286
134.185
131.412
130.01
130.258
130.142
130.613
143.491
134.32
172.814
173.006
172.588
173.479
159.197
137.345
133.275
131.521
132.139
130.338
131.144
146.976
160.844
131.535
119.353
121.854
119.646
119.899
136.134
123.109
120.129
119.151
118.931
119.378
119.027
120.008
135.285
120.798
119.658
119.391
118.982
119.273
118.85
128.476
122.796
118.897
119.983
117.974
117.085
118.321
119.842
141.868
122.886
121.615
120.367
118.843
118.598
119.132
129.664
120.758
120.968
118.907
119.614
118.212
118.685
118.994
132.748
121.89
118.362
118.405
118.769
118.743
117.662
118.231
133.789
118.702
117.956
119.902
119.939
117.817
118.208
128.859
121.419
118.473
118.555
119.825
119.299
118.104
118.769
135.207
120.934
117.865
118.442
117.965
118.964
119.06
129.052
120.684
144.196
155.665
123.84
120.135
120.303
118.545
132.052
119.781
118.678
118.437
117.788
119.467
118.69
129.753
119.562
120.249
119.767
119.919
120.035
120.519
118.883
136.05
120.356
119.527
119.101
118.534
119.782
118.629
134.198
127.127
120.119
120.51
120.089
119.235
118.842
118.469
140.997
122.318
120.133
119.953
119.866
118.916
120.61
129.69
124.889
119.404
120.086
119.069
119.936
118.97
119.819
134.177
121.563
119.888
119.501
119.201
119.257
119.641
119.552
123.147
121.309
119.926
118.834
119.554
119.672
118.713
129.054
122.302
120.185
119.314
118.528
120.067
119.06
118.696
140.948
132.379
130.805
130.251
130.953
130.116
130.068
143.043
129.878
128.377
128.624
127.301
129.025
127.966
146.74
130.273
129.74
126.074
127.565
126.311
125.724
138.829
128.049
126.846
126.709
125.587
127.141
126.948
137.204
127.541
125.941
127.05
125.676
125.974
126.393
141.094
132.112
126.705
128.182
128.025
128.627
127.237
131.139
127.731
124.387
139.578
176.969
141.544
134.308
148.104
135.988
134.02
133.884
133.319
131.965
132.224
145.235
134.506
131.382
132.296
132.416
132.187
131.809
148.781
133.615
131.999
132.547
132.567
131.815
132.639
149.613
133.968
132.363
132.082
131.079
131.638
131.794
136.79
133.904
132.457
131.671
131.635
132.861
132.357
136.648
132.825
132.263
131.998
131.931
132.429
144.766
138.164
132.383
132.276
132.357
132.871
132.219
148.481
135.924
134.962
132.132
131.945
131.918
132.407
146.161
133.126
133.211
132.18
131.501
130.886
130.845
146.116
132.75
132.738
132.49
131.622
131.86
131.136
146.147
131.889
131.061
133.409
157.875
152.222
139.891
156.302
136.978
135.377
136.068
167.965
208.056
219.882
205.211
201.791
209.74
221.645
210.366
204.125
204.31
202.057
219.598
204.093
206.916
202.106
242.904
216.908
204.655
271.748
261.626
237.025
236.675
237.458
208.421
228.975
266.122
264.06
216.287
216.448
224.187
260.203
236.473
238.011
278.759
220.643
213.511
228.902
265.336
236.533
262.875
267.144
236.102
236.411
246.684
236.164
220.731
228.945
233.165
263.336
236.996
237.662
255.271
220.848
207.384
208.064
221.832
238.383
236.919
250.136
211.006
208.018
260.758
239.244
266.169
209.605
204.43
236.026
262.836
216.841
187.401
239.864
262.669
236.185
235.672
268.326
239.885
236.545
213.199
218.569
240.604
238.685
223.259
209.934
192.108
209.196
161.017
149.185
136.854
134.641
133.037
135.606
131.624
132.094
144.425
134.066
135.29
132.759
132.47
131.768
131.882
150.321
137.134
131.705
135.038
132.553
132.229
132.907
148.3
132.837
132.162
134.738
132.963
131.851
132.718
147.32
133.071
134.913
132.268
131.688
133.395
130.996
150.402
133.152
135.888
132.336
130.986
131.157
132.619
145.017
132.202
135.182
133.053
132.71
131.982
132.602
147.634
133.18
131.481
132.272
130.939
134.616
132.105
148.07
134.231
132.34
135.2
131.634
132.116
131.074
137.964
132.506
133.607
134.38
133.125
131.57
132.412
144.87
132.451
131.822
132.403
134.735
131.876
131.236
148.346
133.615
135.612
131.918
132.963
132.062
131.126
146.89
133.652
132.223
131.819
131.458
133.271
131.894
146.013
133.568
132.095
131.838
131.537
132.473
136.748
164.058
161.071
132.717
128.687
128.73
128.55
141.851
132.688
128.501
127.49
127.969
128.019
129.874
138.873
131.27
128.282
131.09
136.885
129.864
127.527
143.124
136.005
130.212
128.107
129.76
126.696
128.471
143.594
130.891
128.795
127.899
128.059
130.802
128.805
142.666
129.226
129.917
127.687
127.544
129.544
128.69
132.105
130.913
129.102
129.773
129.427
129.382
131.344
143.379
134.97
128.979
124.914
127.866
128.634
129.181
144.281
131.418
125.024
122.91
136.536
129.025
140.184
168.98
156.586
137.26
135.266
133.225
132.358
133.294
158.589
133.736
132.692
132.977
132.178
135.083
133.167
151.312
134.74
132.473
132.458
132.608
131.731
132.262
153.054
134.168
133.826
135.277
134.006
133.444
131.976
140.023
137.504
133.3
133.273
132.096
133.769
143.119
137.645
137.112
133.588
132.018
133.748
132.262
144.309
137.525
134.195
133.046
131.784
131.946
133.298
143.666
135.691
147.732
153.726
137.645
135.754
134.368
149.071
134.244
134.485
137.495
134.027
133.264
132.432
147.3
135.33
135.035
133.569
133.625
134.223
133.505
149.66
133.166
134.321
134.099
133.84
133.092
134.106
149.002
134.524
133.191
134.465
133.663
133.425
134.172
139.979
136.493
135.173
134.277
134.614
134.467
147.617
136.779
133.916
133.783
133.628
136.202
134.069
138.174
135.661
135.233
133.465
134.081
134.602
133.294
144.189
131.19
133.516
130.09
130.503
130.15
129.609
156.449
144.904
136.814
138.803
153.064
208.012
222.525
208.778
203.064
202.896
203.1
219.867
208.822
209.375
221.057
279.695
221.15
209.905
208.137
237.569
237.664
221.267
213.076
212.448
209.221
210.336
208.959
231.806
220.485
210.186
208.133
225.855
222.754
182.186
207.814
235.952
203.586
202.001
137.494
124.457
122.592
136.939
125.423
122.746
122.239
124.926
122.002
121.948
122.116
144.144
125.694
123.185
121.982
124.055
122.396
121.639
133.303
126.065
123.753
123.509
122.686
123.341
122.699
122.65
138.232
123.552
122.376
122.64
122.603
123.655
122.084
136.227
124.782
123.571
122.205
123.015
123.345
123.585
135.673
128.675
122.794
123.648
122.778
122.749
123.366
122.781
133.6
123.172
121.854
123.609
122.59
122.262
122.208
132.415
124.05
122.298
122.063
124.123
122.931
121.825
122.599
134.235
122.93
121.999
122.822
122.977
122.499
121.827
136.046
124.601
122.88
121.551
122.502
122.519
122.083
123.134
130.153
124.033
122.917
123.158
122.246
124.244
122.295
138.251
123.291
122.884
122.075
122.24
122.936
122.445
132.99
126.755
122.851
123.338
123.134
121.64
123.639
127.226
143.26
124.798
122.506
123.179
122.958
123.031
122.766
134.974
123.471
122.009
121.474
122.61
121.45
138.749
179.721
142.315
121.777
120.514
118.737
120.024
118.405
129.711
121.423
120.44
119.467
119.205
118.253
119.062
120.14
133.982
122.826
121.504
119.158
120.325
118.523
119.299
118.574
133.417
118.797
121.517
119.661
119.859
119.359
120.823
122.593
121.437
119.873
119.751
120.473
118.989
119.605
120.979
133.437
121.353
120.12
119.772
119.512
119.112
117.838
120.857
125.67
121.279
120.63
121.768
120.861
120.114
119.715
135.185
122.172
121.3
120.608
121.564
120.488
130.007
122.008
124.694
122.099
120.963
120.991
121.723
120.851
118.786
134.566
122.079
120.828
119.73
120.464
121.297
121.54
120.686
128.06
121.17
119.664
118.977
119.161
120.16
118.82
131.73
120.562
120.02
119.097
119.426
119.034
120.282
119.212
132.768
119.741
120.066
120.247
119.208
119.221
120.451
130.008
122.366
118.575
120.102
119.081
118.289
118.509
119.663
131.993
120.209
118.69
118.773
118.333
118.529
118.867
119.693
133.991
120.805
120.391
121.183
120.28
120.13
123.639
148.174
159.425
164.274
130.061
121.687
120.108
119.999
136.731
121.747
119.736
119.962
119.782
121.224
120.912
132.472
123.278
121.467
119.822
120.28
118.871
120.529
118.542
130.028
119.753
120.38
118.77
119.7
117.694
120.848
118.649
132.074
121.28
120.295
120.687
118.295
119.732
118.788
129.67
121.252
118.974
119.17
119.693
118.724
117.6
119.239
135.435
121.116
120.517
120.829
119.883
119.673
120.028
132.755
123.318
119.976
120.169
120.755
119.75
120.733
120.06
134.992
121.874
119.512
120.687
119.985
119.946
119.66
119.859
126.389
121.909
120.117
120.983
120.679
120.217
120.184
131.947
122.74
130.248
121.049
119.098
119.01
118.905
119.083
132.938
120.752
119.09
118.428
118.73
119.052
118.52
129.183
121.25
119.992
118.607
118.189
118.93
119.308
119.145
131.398
120.685
119.712
119.268
119.121
120.734
118.643
119.172
125.314
119.333
119.748
118.724
118.58
118.497
118.601
130.943
120.175
118.059
119.258
120.147
120.081
120.558
120.388
138.061
131.208
148.29
178.311
153.944
147.683
161.712
145.397
147.913
147.237
145.521
146.338
161.898
151.652
147.658
145.888
144.818
147.685
146.806
150.41
147.091
146.179
145.617
145.192
145.685
164.076
146.089
145.886
145.533
144.785
146.988
159.234
154.436
149.307
150.587
149.132
150.163
161.955
149.491
148.677
149.693
149.158
149.04
149.495
154.235
147.008
151.218
150.12
168.227
145.229
146.425
131.842
127.444
129.167
128.839
129.619
139.027
133.765
130.024
129.567
129.944
129.219
129.071
129.604
134.192
130.289
130.699
129.383
129.349
129.63
128.788
137.557
130.475
129.294
129.167
129.434
128.839
129.071
136.41
131.533
129.187
130.037
130.056
129.847
129.014
135.341
129.718
130.463
128.514
128.371
129.012
129.747
146.925
129.961
128.827
130.538
129.005
128.515
128.56
145.223
125.853
126.25
125.783
126.042
125.816
125.281
147.202
132.635
130.159
128.176
128.836
129.076
129.015
142.042
129.767
128.985
128.872
128.686
127.669
128.313
137.434
130.944
129.269
129.715
128.668
128.744
127.495
144.906
129.728
129.119
129.126
130.142
128.618
128.504
134.911
131.393
129.038
129.111
129.111
128.463
128.283
143.736
129.377
129.406
129.294
128.875
128.764
129.447
143.387
130.139
129.026
128.869
129.48
128.556
129.961
143.161
129.962
129.035
129.272
129.701
129.79
128.842
142.827
131.252
128.772
128.605
127.91
129.573
128.846
142.436
130.909
129.471
127.786
128.559
128.517
129.473
139.324
131.424
128.457
128.213
129.353
128.695
129.48
132.313
131.258
128.954
128.978
129.365
128.46
128.096
142.44
133.263
128.938
128.595
127.865
128.324
128.779
138.724
131.65
129.868
128.454
128.318
128.027
128.1
127.365
135.829
130.478
129.928
128.491
128.94
128.388
129.065
135.576
130.202
128.906
129.342
128.785
128.267
128.263
145.129
128.973
128.127
128.133
128.421
128.25
127.705
145.132
129.964
128.794
128.598
128.518
129.076
127.919
144.299
130.578
128.581
128.852
129.253
129.01
129.423
145.527
130.048
129.353
129.171
128.19
128.107
128.145
142.292
130.067
165.236
146.96
140.188
137.578
152.317
144.283
138.945
138.013
138.229
137.502
136.173
152.315
136.984
135.846
137.303
137.324
136.674
137.079
140.097
137.279
137.14
137.43
136.104
136.706
135.727
150.811
138.104
136.491
137.491
136.388
136.517
152.405
139.618
136.601
136.208
136.875
136.514
136.131
149.58
161.681
150.312
123.831
121.49
119.311
120.132
136.622
122.873
120.992
120.174
119.508
122.112
120.133
133.212
123.199
121.287
119.833
120.465
118.677
120.791
153.834
183.162
147.457
143.738
142.02
143.907
187.44
210.368
190.606
151
144.134
205.313
204.453
203.616
202.21
201.717
220.79
199.851
201.905
202.325
220.644
204.347
202.449
200.844
217.135
201.362
201.01
200.495
212.836
203.337
201.8
200.451
216.127
200.891
205.257
200.998
214.658
206.088
199.833
202.252
216.143
200.866
201.376
204.851
203.087
199.969
201.82
202.413
216.401
201.582
201.848
199.201
216.227
202.217
202.646
205.261
215.931
202.079
201.102
203.776
216.782
202.119
201.473
201.212
216.498
203.148
203.849
201.796
231.963
265.921
261.523
239.374
228.157
208.9
204.948
254.974
265.262
263.1
263.217
264.547
237.926
263.776
228.925
221.217
210.069
222.16
208.922
223.368
221.529
221.278
223.511
234.583
259.488
236.324
279.752
223.669
259.805
238.835
258.186
261.396
236.845
223.341
221.32
208.659
260.233
238.483
259.117
231.415
169.098
223.516
219.719
219.61
249.395
220.093
258.64
220.34
259.441
235.418
220.466
255.813
264.082
242.107
269.167
262.904
263.204
262.218
214.771
218.13
237.442
195.582
193.726
181.008
178.419
177.829
180.22
177.767
194.072
181.314
179.757
178.924
179.492
184.117
178.096
182.984
179.134
178.569
192.254
179.974
178.755
180.404
179.689
191.309
182.99
178.269
185.043
178.509
178.686
182.569
178.593
179.395
180.341
179.639
189.33
181.253
179.582
179.288
178.417
181.744
181.531
181.211
182.268
180.304
193.949
179.47
254.952
278.066
208.283
261.771
262.202
262.364
278.79
262.567
270.234
268.681
237.282
240.231
241.474
196.876
181.903
179.646
178.725
194.901
184.269
181.541
178.929
179.919
178.796
182.451
178.828
178.448
179.006
180.09
189.916
180.379
178.368
179.483
180.729
193.699
179.906
178.816
178.526
179.523
198.301
180.205
200.663
264.038
211.636
194.259
262.162
260.694
250.794
238.031
261.638
236.736
277.182
237.363
237.663
274.055
260.865
237.51
237.809
272.233
237.774
237.692
262.369
262.081
240.83
269.199
231.833
238.926
238.155
238.99
237.974
237.888
274.252
260.841
238.174
262.269
223.846
238.591
237.724
262.093
236.084
259.772
270.281
242.828
237.088
238.384
256.446
262.442
237.393
274.207
259.977
261.379
237.729
260.798
236.947
238.576
261.068
242.628
261.8
262.59
260.346
260.508
241.599
263.309
236.862
239.122
272.711
260.991
237.009
266.294
242.706
237.605
262.509
279.278
237.327
236.759
201.16
182.5
182.346
180.899
180.116
185.978
183.171
180.376
180.731
181.64
180.728
185.002
178.395
181.468
181.877
180.289
195.583
181.993
181.48
181.932
182.58
193.684
185.682
181.453
181.988
181.62
157.646
181.528
181.15
180.551
181.11
197.634
179.756
179.662
178.797
179.774
195.661
181.038
181.597
181.073
181.711
185.916
182.607
181.908
181.207
181.621
194.089
183.326
180.698
180.515
181.609
181.249
182.64
181.664
180.133
181.398
180.445
195.02
182.055
184.097
180.728
181.159
190.894
182.295
181.273
181.523
178.156
193.711
181.693
180.503
180.974
181.642
193.023
180.358
179.773
181.6
182.488
194.419
182.271
181.387
183.144
180.732
196.674
181.401
181.549
180.676
181.504
196.181
181.048
183.351
181.094
181.15
194.216
183.892
181.944
182.449
182.897
199.438
186.069
182.045
177.28
177.868
193.802
182.175
179.899
178.346
177.844
177.678
192.375
179.486
178.472
178.133
178.783
194.275
179.255
178.066
178.514
172.753
193.493
156.865
150.973
151.181
157.379
151.18
162.762
152.133
156.549
150.894
151.168
148.931
166.634
153.927
150.432
151.315
152.468
150.952
162.348
153.132
153.514
150.405
150.185
149.302
175.566
179.872
178.451
177.963
179.575
195.638
171.153
183.475
176.299
178.997
148.203
182.213
177.536
177.279
176.297
177.195
156.73
174.499
178.642
174.335
176.504
161.828
178.326
174.829
175.229
176.474
176.026
189.734
179.898
190.778
177.603
176.173
210.018
178.598
183.768
177.013
191.602
211.415
221.992
224.698
219.452
204.867
223.672
223.656
219.215
222.142
226.342
192.39
184.514
179.59
157.911
176.167
176.664
177.823
179.247
141.304
183.586
175.163
177.744
177.752
175.762
169.111
139.6
136.961
136.161
136.938
135.09
151.124
181.946
179.377
180.464
178.742
142.038
155.92
180.363
178.717
177.524
176.143
144.283
131.674
128.089
127.273
128.433
125.863
127.37
125.65
649.943
146.886
131.695
149.947
129.246
127.875
127.437
127.662
128.334
129.375
161.222
131.599
130.669
128.781
128.243
129.433
128.499
156.156
136.464
129.953
129.637
129.593
129.535
130.6
137.039
131.27
130.121
129.957
130.486
128.521
128.909
147.436
131.554
128.597
128.491
129.365
129.425
128.985
149.251
133.012
128.52
127.856
128.782
129.833
128.674
145.47
133.453
129.064
127.962
127.818
128.079
128.54
141.169
132.82
129.215
127.8
126.376
127.635
127.598
142.702
131.268
128.249
127.829
127.401
126.815
127.172
133.083
150.101
135.671
133.827
132.643
132.663
132.253
135.063
135.617
131.533
131.164
143.972
136.239
125.353
144.979
127.429
127.11
125.295
125.623
125.636
123.953
139.54
130.128
126.621
126.185
124.787
124.849
123.602
136.693
136.489
129.777
129.62
131.33
130.478
127.772
138.234
133.281
128.551
126.448
128.464
128.77
126.892
138.782
132.062
124.621
124.573
124.009
125.852
123.628
123.442
154.995
130.619
129.4
129.713
129.482
130.359
129.865
135.24
128.349
126.812
128.745
127.184
128.558
127.445
135.331
128.667
127.339
127.927
126.648
135.945
128.892
130.668
126.658
128.32
125.496
127.421
127.695
128.018
142.167
126.541
124.937
125.546
124.724
124.676
125.553
140.795
129.626
127.127
125.758
127.873
125.864
126.467
142.685
128.558
126.386
127.079
127.662
126.175
126.936
140.407
127.815
127.057
126.134
127.716
127.342
126.061
140.212
127.736
127.445
127.177
126.675
126.11
126.305
137.363
129.427
126.128
126.675
126.579
125.138
126.755
129.71
131.68
128.233
127.541
126.679
127.018
126.935
127.154
132.246
128.705
126.427
126.378
154.519
137.436
138.435
132.51
140.2
128.367
127.13
127.214
127.437
136.57
130.813
129.342
127.661
127.1
126.804
127.304
136.299
131.867
128.67
129.36
127.864
127.174
127.206
137.499
130.951
128.964
128.185
129.078
128.498
128.199
127.953
129.973
129.589
127.616
128.465
127.692
128.558
126.916
134.502
128.575
127.713
128.474
127.692
127.852
127.484
143.469
126.86
126.314
127.223
128.116
126.266
126.285
141.814
128.131
127.411
126.562
128.852
127.301
126.519
141.153
127.498
126.623
126.943
127.076
128.269
126.416
142.395
128.102
126.656
126.81
126.593
127.037
128.543
143.801
127.758
125.218
124.841
126.198
124.777
125.178
143.159
128.738
126.956
126.472
129.292
126.038
127.986
137.393
128.616
126.183
125.953
125.417
126.368
125.867
139.199
129.222
126.846
126.134
126.873
126.733
127.189
126.981
129.229
126.041
125.894
125.932
125.953
127.819
127.146
142.121
127.16
126.94
127.649
128.39
125.486
128.092
140.663
128.944
126.63
126.438
125.804
126.066
126.09
143.153
127.582
126.568
127.228
126.291
126.576
127.744
141.002
128.687
128.621
127.83
125.646
126.781
126.011
140.438
127.311
127.759
125.607
126.236
125.68
126.696
136.323
129.155
128.257
126.519
125.805
126.929
125.587
137.065
128.33
126.68
126.441
126.753
125.815
126.143
125.89
129.837
126.552
127.668
126.826
127.572
128.047
127.914
142.262
126.993
127.022
128.068
127.535
127
127.16
140.558
127.584
127.252
127.927
127.962
127.247
127.339
157.373
142.152
137.888
169.943
177.8
178.982
152.661
139.292
166.789
153.767
149.75
158.291
148.077
146.371
145.031
146.937
145.987
148.833
145.95
145.704
145.009
146.869
157.68
147.331
145.891
145.639
146.215
182.567
149.964
146.602
146.108
146.84
157.208
148.714
146.96
145.601
146.32
145.063
157.452
145.446
155.213
146.007
145.951
160.062
146.188
146.128
144.496
144.173
159.301
150.207
144.979
144.915
145.357
145.401
160.225
145.496
145.142
145.262
145.534
158.064
146.452
145.286
145.539
145.783
145.656
149.252
146.095
144.217
145.44
144.346
156.73
146.872
145.903
145.079
144.738
158.447
147.659
145.737
146.041
144.958
144.179
147.151
145.045
145.365
146.378
145.541
166.789
146.654
145.71
144.594
145.376
182.576
177.323
177.099
176.154
173.079
176.209
174.381
177.61
178.074
177.87
188.676
181.433
177.442
178.618
178.549
177.727
182.048
179.685
176.608
176.3
176.356
193.449
174.97
176.524
176.663
176.267
181.413
175.616
175.896
176.675
178.225
188.901
178.943
175.993
176.393
177.647
189.213
178.754
176.393
176.101
178.539
185.749
180.992
180.471
176.721
176.318
180.08
177.012
176.154
176.414
175.676
188.685
176.252
177.307
175.939
172.551
177.181
189.153
174.7
175.915
176.036
176.025
182.375
174.829
179.797
176.086
175.826
190.6
177.71
176.958
176.504
176.352
186.712
151.707
295.46
180.985
180.766
195.382
178.973
179.929
180.46
176.149
193.435
179.217
176.534
179.945
177.165
193.235
179.274
176.097
176.183
175.876
193.355
181.533
181.356
177.629
177.499
191.458
179.277
179.923
180.457
176.838
188.969
178.673
176.564
176.513
175.851
242.47
187.912
224.046
225.64
225.923
215.527
209.288
195.063
154.828
159.955
147.912
146.932
147.917
145.949
179.119
146.619
146.353
146.052
146.164
158.316
151.284
146.588
147.251
147.039
146.073
159.607
147.056
146.517
147.318
145.014
161.025
146.657
147.146
145.934
147.759
158.739
149.676
146.541
146.25
144.762
146.923
160.159
146.102
145.952
145.119
146.409
207.922
188.472
160.429
159.266
155.614
154.632
134.201
131.681
133.831
131.4
130.761
130.296
148.285
131.369
130.743
130.282
128.914
130.036
131.84
145.295
133.269
131.25
129.609
130.207
132.846
130.664
146.461
132.329
132.276
133.366
131.016
130.036
129.999
145.047
131.413
130.454
131.718
130.401
130.2
130.752
144.222
132.497
131.179
130.316
130.449
130.495
130.608
135.63
133.702
134.624
130.421
132.118
131.639
130.147
146.24
134.241
130.737
130.097
129.573
133.88
132.021
143.015
133.483
130.28
130.634
131.54
130.407
129.321
146.361
182.005
137.92
156.117
171.247
139.605
130.483
133.737
132.266
130.994
131.233
130.699
129.899
133.175
144.955
131.978
130.224
131.481
133.587
130.712
129.316
144.858
130.568
131.872
131.044
130.689
130.117
129.649
142.074
130.439
138.693
132.844
132.543
132.45
130.813
142.796
131.027
131.662
129.776
133.365
132.296
130.552
137.569
131.592
130.514
130.633
129.586
130.516
131.527
147.03
130.913
130.526
130.161
130.615
129.917
131.568
146.427
134.513
130.394
130.693
130.539
130.708
131.195
146.589
132.978
132.774
129.583
130.604
130.636
130.027
144.942
131.711
133.5
130.796
130.576
130.02
129.9
142.225
132.249
133.821
132.236
130.354
130.222
129.689
135.926
132.778
130.963
130.269
132.076
130.786
129.487
143.918
135.899
130.496
129.894
129.374
130.172
130.763
140.938
137.075
133.054
131.38
130.538
131.514
130.856
139.474
132.678
133.746
129.857
129.725
129.46
130.178
129.97
144.637
131.478
131.073
129.998
130.128
129.364
129.861
145.898
130.959
130.462
129.887
130.508
130.483
130.446
143.782
132.266
130.969
130.402
129.289
129.978
131.307
143.875
130.793
131.222
131.553
130.063
130.109
130.107
147.523
160.297
143.794
190.131
213.605
217.806
208.179
207.093
206.829
200.865
206.17
262.917
236.993
224.123
220.249
204.534
259.105
278.218
262.979
236.08
265.665
209.136
256.143
235.585
235.341
261.706
262.117
236.12
274.964
237.675
263.292
282.09
262.709
235.913
270.818
268.58
263.233
238.633
267.082
235.367
239.969
249.673
267.157
237.189
274.351
222.616
257.547
235.466
247.259
261.068
261.624
276.153
265.36
260.671
237.113
238.948
238.259
220.124
256.979
278.121
238.442
262.973
263.482
266.329
264.197
255.739
260.122
261.532
249.858
264.174
260.083
236.113
263.133
240.22
219.579
206.878
267.776
265.951
262.989
263.169
267.155
210.669
205.517
263.925
242.42
219.62
206.162
256.244
260.076
263.289
264.271
262.162
236.311
279.365
262.956
227.943
210.717
204.535
208.635
256.394
271.728
274.597
261.392
239.546
252.329
262.94
236.937
262.604
262.454
262.3
266.378
264.663
262.612
234.588
257.451
261.761
236.932
261.779
262.331
263.998
261.905
277.178
261.478
237.201
253.526
262.994
236.08
259.151
269.219
222.823
197.278
170.122
269.459
237.172
237.245
239.567
220.64
202.629
256.3
250.384
237.139
220.315
220.457
263.482
237.408
236.263
261.069
220.464
202.84
257.406
268.32
235.993
220.369
237.805
206.154
259.01
234.958
241.451
240.538
236.61
239.873
223.007
207.673
261
236.42
260.478
235.6
233.863
223.971
262.911
238.449
220.635
222.756
232.973
235.034
238.309
220.304
202.746
258.312
247.156
265.094
223.793
237.195
264.6
262.255
237.717
248.76
220.464
239.86
236.916
238.643
237.703
208.738
237.503
275.666
207.5
238.035
239.996
238.18
234.972
205.868
201.709
210.246
191.436
235.207
217.781
164.178
138.481
134.548
154.063
138.223
132.166
137.763
132.493
131.146
130.191
129.713
130.649
130.667
146.508
132.118
131.955
129.961
130.28
129.562
131.35
148.667
137.468
132.229
131.223
131.176
130.687
130.755
145.426
131.865
131.125
130.547
129.743
132.83
130.938
144.909
131.236
131.497
130.572
130.768
130.192
129.458
147.089
131.709
132.121
131.967
130.411
130.655
130.283
148.526
133.757
130.996
131.188
130.021
130.357
130.043
143.898
130.62
130.02
132.773
131.263
131.56
129.896
144.363
133.805
130.34
130.22
129.924
130.571
130.136
142.648
132.215
130.011
130.95
133.712
130.908
129.692
144.743
132.22
132.048
129.552
131.209
131.016
129.96
144.124
132.436
134.224
131.633
130.571
130.21
130.343
153.252
134.213
133.416
132.015
131.709
130.919
129.963
144.896
132.216
130.608
130.384
131.336
130.4
130.33
142.325
132.583
131.909
129.973
130.926
130.623
131.612
135.426
132.637
130.087
129.904
131.285
130.174
130.027
143.838
132.849
129.774
133.541
130.357
130.527
129.526
141.117
132.698
130.224
128.877
130.612
130.816
130.652
131.249
146.271
130.722
130.535
129.77
129.883
130.178
131.51
146.445
134.464
132.138
130.617
130.247
130.956
130.885
145.441
131.808
130.195
130.547
130.59
130.464
129.848
142.436
131.135
130.644
130.133
130.364
130.604
129.899
135.895
131.206
134.514
131.239
129.772
130.902
130.104
145.961
131.771
131.386
130.849
130.407
130.71
130.321
158.35
146.869
150.087
150.232
159.273
154.825
165.382
149.866
132.857
131.573
130.65
130.625
130.29
147.244
132.386
135.501
131.901
130.611
130.581
130.698
139.428
132.566
130.608
131.43
130.159
132.82
130.175
148.793
132.463
130.011
133.145
132.145
130.864
129.573
147.615
132.721
133.23
130.138
130.545
131.136
130.407
147.106
133.492
133.037
131.366
131.865
131.724
130.565
147.958
131.526
133.762
131.146
130.544
131.273
129.97
146.317
132.039
130.853
131.047
130.394
131.456
131.073
144.382
131.969
129.556
130.361
130.668
131.08
131.018
142.499
133.251
134.382
131.342
130.484
131.675
131.116
141.715
132.816
133.563
131.104
130.644
129.816
132.311
144.472
135.453
133.85
131.409
132.149
130.698
130.6
143.038
133.853
132.928
131.089
130.009
131.005
130.331
145.018
134.589
130.695
130.565
130.919
131.086
130.895
143.406
134.256
131.904
130.957
131.46
130.022
130.851
143.477
135.216
130.586
130.637
130.13
130.239
130.201
130.578
133.793
131.884
129.509
130.566
130.217
130.25
129.251
142.939
131.179
129.784
130.129
129.802
130.806
130.078
135.624
129.967
132.907
153.152
155.502
154.96
126.274
121.507
120.093
118.829
121.458
131.035
138.484
123.474
136.265
119.757
120.423
119.607
119.63
118.575
117.836
137.392
123.882
119.239
120.229
119.437
119.156
118.912
118.45
134.38
120.336
118.926
119.103
118.955
117.261
117.732
116.485
126.635
119.48
118.126
119.196
117.118
117.883
117.251
127.908
119.083
118.551
117.693
118.31
117.446
117.82
116.718
122.772
117.501
117.542
117.09
118.638
118.21
117.699
117.502
131.4
118.627
118.741
118.825
119.073
118.518
116.806
141.582
125.024
120.395
120.416
119.283
118.8
117.603
118.512
131.857
118.286
118.114
120.821
118.902
120.947
119.409
119.506
126.13
119.868
119.795
120.773
120.034
125.903
121.303
132.93
121.061
119.729
119.513
120.71
119.45
120.242
120.255
135.005
120.869
119.802
120.41
121.091
119.835
120.114
131.103
122.688
120.466
119.829
119.778
119.72
119.312
120.887
132.653
120.827
120.751
119.778
120.633
121.05
120.636
133.766
125.209
120.903
120.148
119.834
119.621
121.859
120.587
136.827
121.239
121.372
120.055
119.451
119.85
121.164
131.997
123.61
120.529
120.783
120.452
120.616
120.74
120.85
132.051
121.594
120.62
120.272
120.623
119.851
120.428
128.747
122.752
121.168
120.028
122.29
120.707
120.111
120.638
134.471
122.217
121.112
119.701
120.051
119.561
120.072
120.021
134.695
121.419
121.029
119.846
119.976
118.821
119.667
132.693
122.668
120.723
118.457
119.458
119.11
118.153
119.055
131.38
120.105
119.248
118.211
118.671
118.736
118.024
129.206
122.388
119.305
119.898
118.608
119.443
118.634
119.916
131.946
120.376
119.404
119.179
119.824
118.38
119.258
117.739
132.757
118.515
119.481
118.327
119.684
119.313
119.491
131.216
123.375
119.289
119.459
118.942
119.494
118.972
119.226
129.663
118.571
117.849
117.883
117.004
131.107
145.776
142.786
137.209
128.925
128.15
127.81
128.132
127.28
133.686
130.302
127.885
126.304
127.644
129.202
128.077
138.388
133.096
126.636
124.516
125.93
133.736
133.104
126.838
119.994
117.462
117.281
117.185
116.67
116.314
133.846
149.65
135.12
130.201
130.425
130.254
128.398
128.671
148.551
132.183
130.362
132.341
132.392
132.192
132.528
145.838
132.817
134.065
132.146
132.42
132.404
132.401
151.133
196.439
193.47
198.381
139.424
156.146
202.005
199.007
197.849
197.47
203.831
196.066
199.584
197.248
198.091
239.174
198.64
197.454
197.49
206.844
197.677
197.971
199.497
197.825
202.381
206.44
198.052
176.044
176.242
180.805
175.809
172.915
172.801
172.965
190.565
175.431
174.516
172.488
172.434
188.854
174.92
174.318
176.941
176.249
185.751
174.438
172.588
174.01
173.022
175.836
173.911
172.47
189.854
176.661
146.454
148.198
129.09
127.545
128.107
127.868
128.163
126.957
141.837
128.841
126.872
126.254
126.233
129.208
127.088
141.816
129.606
127.47
127.063
127.383
126.649
127.764
141.576
128.513
127.535
127.144
126.341
127.076
126.267
139.124
127.988
126.672
127.577
126.749
127.096
127.093
137.927
131.194
127.903
127.153
127.826
145.46
173.403
150.144
129.469
130.02
129.246
129.214
128.543
131.778
144.032
131.09
130.596
130.187
130.515
129.704
131.07
146.368
130.121
129.939
130.685
130.211
129.611
129.78
163.355
141.313
138.422
136.119
168.594
176.129
194.087
176.971
177.451
225.101
226.967
224.516
226.022
225.357
186.235
237.529
227.157
224.644
225.497
227.599
226.616
225.409
225.44
251.678
231.979
224.48
226.275
233.834
220.872
221.154
220.17
215.868
231.565
224.895
225.25
242.875
189.619
225.542
224.255
237.108
233.914
223.265
224.871
224.195
241.801
224.337
225.556
224.056
238.324
226.585
188.217
224.91
241.671
226.645
226.923
225.726
241.31
227.076
225.47
230.967
244.273
223.629
228.781
226.275
243.529
223.346
225.499
225.987
237.268
223.217
225.367
226.014
237.636
226.371
224.36
225.67
225.849
231.32
225.63
231.436
237.547
229.509
224.757
230.721
234.583
225.506
224.961
224.029
226.622
247.933
224.906
224.401
226.427
242.369
226.639
225.674
230.044
245.313
224.459
225.536
224.474
225.5
229.869
225.269
225.803
239.147
188.444
224.412
224.474
241.292
223.347
224.222
226.071
235.471
222.325
224.976
225.847
200.533
237.214
224.732
225.433
225.414
226.017
224.11
204.974
189.788
163.448
171.32
173.871
220.952
220.794
228.73
229.385
225.349
224.534
243.614
223.831
224.076
225.47
243.171
223.641
227.893
225.189
241.456
222.724
223.438
226.777
240.547
229.753
223.274
225.156
230.366
222.99
190.385
224.932
239.331
225.978
223.692
225.547
225.412
232.623
187.488
176.561
177.811
237.304
222.789
225.671
226.665
237.265
223.51
224.447
223.992
240.425
223.755
223.985
225.148
231.975
224.711
224.946
226.114
221.473
225.643
225.603
226.034
225.93
243.738
223.539
224.424
225.469
239.475
223.952
225.113
224.263
227.542
222.809
225.364
225.397
270.426
273.199
218.442
216.601
205.653
204.831
204.289
203.325
217.24
204.721
201.915
204.366
202.272
217.967
202.877
203.713
204.24
213.894
205.154
203.596
200.944
200.75
214.929
202.426
210.953
201.641
200.841
221.62
203.431
202.739
205.292
216.161
203.672
204.574
207.328
200.774
214.095
203.461
200.948
201.052
205.477
204.062
204.817
202.926
202.185
218.242
202.007
179.662
202.375
201.249
217.894
203.059
200.5
202.492
210.811
210.162
204.667
206.513
200.63
204.935
203.443
204.485
201.238
215.879
202.175
203.445
200.726
199.577
217.741
202.946
201.21
201.075
200.947
205.192
203.581
204.706
201.705
214.632
203.094
200.357
201.795
204.654
221.248
204.588
200.731
200.802
214.288
202.481
204.57
200.781
200.627
216.23
175.591
138.452
133.108
134.255
139.965
145.786
135.166
177.326
137.241
132.98
169.363
211.982
203.358
203.936
201.064
217.299
201.764
200.935
170.613
140.095
131.799
188.698
204.366
201.743
204.495
211.443
202.98
201.217
201.717
205.12
210.474
204.128
200.848
201.806
200.323
217.62
202.522
201.831
205.112
204.817
205.055
198.848
201.145
200.92
214.367
203.569
202.052
204.996
214.91
205.245
203.972
202.501
201.403
218.192
201.886
203.354
201.22
201.483
217.512
203.317
202.197
201.445
202.339
203.418
201.192
200.531
201.719
205.731
204.002
204.515
202.107
208.784
205.553
203.564
203.027
205.175
217.276
203.348
206.125
199.515
204.339
218.052
204.414
198.024
201.289
210.398
204.522
204.221
199.261
202.712
204.297
203.786
200.858
202.793
249.285
253.136
254.931
244.938
290.566
253.662
253.428
248.558
298.852
254.746
236.197
222.703
202.405
200.23
202.111
198.221
214.709
203.24
200.721
202.391
205.081
204.942
204.367
200.811
206.525
216.243
204.035
200.637
205.512
215.936
204.97
204.079
204.368
201.064
211.648
202.242
203.391
200.591
219.65
249.435
248.971
213.239
235.843
238.46
247.842
210.483
200.002
203.407
200.525
201.996
201.782
210.435
207.985
198.192
201.424
194.18
207.445
199.184
197.721
198.592
197.801
222.088
197.75
198.034
198.288
200.724
207.796
199.31
197.743
198.041
215.578
199.812
197.634
199.26
198.507
215.482
203.097
199.497
198.565
200.287
203.288
204.417
199.863
194.442
213.485
198.85
204.63
198.064
198.269
212.615
200.29
204.173
199.968
201.77
201.635
199.624
198.095
199.984
215
199.751
207.99
197.957
193.349
211.969
200.213
197.851
200.612
202.255
197.238
197.891
199.893
201.178
215.578
199.385
199.043
198.813
201.41
211.589
199.508
200.428
200.012
212.393
202.981
200.498
200.564
197.804
211.901
199.569
200.472
201.091
197.981
211.996
196.127
200.236
200.714
210.907
200.252
197.516
200.336
200.461
211.849
200.531
201.145
198.088
200.34
208.136
199.969
201.578
201.914
213.723
199.118
200.702
201.513
208.564
213.289
200.336
201.731
197.921
204.671
211.184
200.185
201.499
201.597
202.282
204.661
197.75
194.098
206.815
213.228
199.761
200.045
198.592
198.53
209.886
200.306
200.113
197.846
210.909
214.391
201.997
199.736
199.087
213.873
199.879
201.009
200.872
198.78
217.319
201.927
200.457
199.599
204.922
203.942
199.769
199.936
200.081
210.02
205.535
198.168
200.364
200.202
204.513
201.497
201.118
199.788
212.292
200.26
200.741
200.68
201.586
212.684
199.445
200.611
201.677
211.079
205.978
196.504
197.721
198.519
223.719
197.959
201.189
202.096
201.626
217.419
200.934
202.178
200.301
203.16
201.169
200.207
201.89
201.161
211.719
206.088
197.903
202.453
201.387
203.81
199.887
200.197
204.61
212.427
200.12
200.604
200.337
200.132
212.58
198.729
200.35
142.237
199.22
215.771
199.719
199.821
204.13
203.072
202.041
201.81
200.74
198.916
215.915
199.514
201.406
198.525
202.122
218.243
200.04
201.199
198.392
203.391
201.412
200.594
197.807
198.482
216.119
198.729
200.173
199.501
201.62
218.829
199.139
198.793
198.775
203.418
204.14
186.604
200.871
197.449
215.51
199.38
199.926
198.398
199.024
215.38
198.886
199.852
198.519
203.598
198.215
201.669
201.06
215.358
214.672
199.361
201.36
200.444
199.026
215.885
200.735
198.807
205.826
202.288
203.947
199.675
198.532
201.644
214.894
199.455
196.944
198.931
199.562
214.535
199.34
200.64
199.87
201.847
202.847
201.213
200.423
199.838
212.663
200.887
176.822
200.002
195.382
209.737
199.127
198.33
197.911
218.753
199.915
197.229
197.76
198.044
212.717
199.536
199.226
198.966
203.338
200.397
199.755
199.986
197.24
216.427
205.338
196.853
198.092
197.81
217.44
199.079
197.477
198.049
201.486
209.972
199.429
198.207
198.365
213.445
209.777
199.51
198.923
201.512
208.108
206.989
200.103
198.195
197.58
202.305
196.838
194.539
193.196
138.051
141.914
128.829
131.18
129.436
128.548
128.846
128.323
142.339
128.666
129.691
129.165
127.266
129.577
127.351
140.682
128.236
129.178
128.627
126.408
128.814
127.27
140.493
128.79
128.199
129.229
129.201
128.353
126.007
140.744
129.235
126.606
126.199
126.966
127.231
126.297
141.813
133.972
127.575
126.995
126.588
126.275
126.275
137.018
128.549
127.413
126.525
126.077
127.364
126.287
125.359
130.572
126.591
126.263
126.294
127.75
126.657
126.919
139.181
127.972
126.882
126.131
126.675
127.621
126.317
144.613
149.025
136.661
131.734
131.914
132.834
133.357
261.612
173.021
149.578
134.525
134.463
142.915
171.15
156.36
157.347
159.824
156.427
173.258
163.981
159.153
155.062
156.585
163.499
162.458
164.296
162.747
162.892
164.534
178.967
139.244
133.135
132.065
130.886
130.001
132.844
143.775
131.18
131.378
130.005
131.367
130.452
130.845
142.258
131.132
132.188
129.59
131.342
129.165
130.576
135.799
131.372
130.158
130.167
130.357
130.703
130.498
150.398
136.453
133.499
133.65
132.945
133.556
132.554
148.23
134.29
131.407
130.705
130.696
129.312
130.465
146.449
132.124
130.215
130.338
129.837
130.345
131.388
146.206
131.391
131.255
130.565
131.765
131.104
130.074
147.587
131.84
130.191
130.519
131.12
130.098
129.924
146.736
131.241
131.097
130.6
130.747
129.533
130.205
147.831
131.13
130.184
131.231
130.243
131.529
131.14
151.27
132.263
130.746
130.835
130.661
130.266
131.698
133.336
129.312
129.971
129.253
129.22
129.837
130.662
171.626
144.663
181.225
175.599
181.105
197.905
180.059
179.983
180.42
144.98
138.221
143.725
181.653
179.157
180.39
178.64
157.519
187.743
208.304
186.194
156.755
162.097
151.252
147.206
146.966
145.314
144.521
145.597
156.154
149.546
146.821
146.973
148.95
164.662
155.161
149.488
148.981
148.62
148.84
155.187
150.791
150.465
146.739
147.781
145.752
150.298
165.038
156.376
156.021
153.205
154.725
152.045
166.1
150.374
148.995
155.616
170.356
166.168
147.955
131.3
128.533
127.958
127.513
127.717
140.325
131.303
128.515
127.536
128.082
127.356
127.494
127.577
145.291
128.816
128.132
127.019
127.496
128.236
127.898
142.244
132.415
129.609
127.185
127.168
126.505
127.374
140.792
127.663
128.12
126.725
126.357
127.482
126.791
137.826
128.222
127.524
128.371
127.584
127.17
127.334
138.473
130.447
127.483
126.767
128.067
129.031
127.263
127.641
142.896
128.455
126.795
127.303
127.786
127.581
126.53
143.058
130.201
126.704
126.325
126.843
127.794
127.762
141.65
127.678
126.823
126.558
126.773
126.561
126.725
133.287
128.761
127.744
126.644
127.249
126.527
126.68
128.162
131.583
126.972
126.645
127.705
127.139
126.481
126.464
137.793
129.548
128.336
127.748
127.17
127.673
126.931
141.197
128.914
127.553
127.302
126.763
127.2
127.717
140.096
128.821
128.469
127.748
127.879
126.648
126.228
129.451
127.532
123.916
123.414
123.334
122.49
122.659
218.687
195.782
851.583
147.937
123.327
119.621
119.146
119.47
117.997
137.372
122.375
119.765
119.832
119.703
120.253
119.487
130.253
124.242
116.459
114.794
116.786
115.359
116.379
113.916
120.753
138.274
129.612
128.61
128.488
127.63
127.243
133.459
133.252
129.008
127.871
126.288
126.214
125.476
126.398
139.906
126.114
125.464
125.378
125.774
125.341
125.569
140.999
126.951
126.487
126.986
126.372
125.669
126.004
146.041
129.983
124.749
124.236
126.154
126.555
125.02
138.872
133.552
128.026
126.076
127.41
127.068
126.895
138.175
129.473
125.81
125.631
125.456
125.642
126.287
124.691
140.517
125.682
125.544
124.183
124.346
125.181
125.116
136.659
129.221
129.114
128.65
127.688
128.114
127.549
142.715
127.949
127.502
128.229
127.353
127.527
126.656
146.905
129.805
127.548
126.815
126.779
127.212
127.002
140.717
128.974
126.88
127.516
127.258
127.748
128.238
136.439
281.516
143.785
139.219
137.792
136.529
151.138
169.187
204.104
205.702
208.005
223.211
237.142
243.598
220.184
222.975
202.043
205.625
206.409
212.885
208.704
208.057
208.583
205.513
212.244
206.509
208.722
209.625
206.127
210.285
209.45
204.106
206.392
225.417
208.322
207.826
208.277
208.472
210.036
213.775
209.667
206.5
225.4
208.535
206.506
208.165
220.482
208.011
205.742
209.704
206.786
221.481
208.701
211.138
208.816
221.216
207.168
205.832
207.627
200.401
216.876
198.657
162.166
136.708
129.63
127.97
142.46
132.067
128.376
126.8
127.121
127.504
128.003
141.928
128.736
128.506
126.937
126.232
126.779
127.552
141.182
128.983
127.517
170.919
165.96
147.437
153.458
146.568
142.95
142.743
142.257
142.098
144.35
159.013
145.797
143.264
144.826
144.173
144.219
153.284
195.687
206.14
204.134
205.764
223.078
211.596
239.497
242.718
233.979
204.659
259.919
243.9
266.007
218.225
210.74
216.741
149.014
138.73
134.081
133.233
133.965
132.081
148.359
191.503
204.589
205.184
206.021
235.291
199.174
201.183
198.305
202.255
212.052
200.28
201.828
201.496
208.113
201.824
198.369
200.979
200.91
199.488
202.324
193.46
200.384
197.68
203.404
198.315
198.078
201.903
214.976
207.974
182.153
178.511
178.467
151.27
135.391
129.873
126.33
126.878
127.673
128.359
138.608
128.385
127.955
125.745
130.087
161.289
149.981
160.638
144.648
144.922
144.07
145.108
144.733
159.367
146.947
143.358
144.023
144.369
143.819
148.01
147.879
144.666
144.226
142.035
144.999
142.606
149.824
142.986
144.961
143.658
144.545
143.604
154.333
139.946
134.322
174.283
203.793
205.127
211.938
206.32
237.905
239.358
223.137
220.989
214.067
233.542
266.303
236.878
220.153
215.024
259.295
237.444
237.44
233.956
209.368
264.751
237.41
264.096
216.542
210.277
260.042
262.947
237.674
237.016
233.784
209.501
260.58
276.121
265.898
237.71
239.583
267.288
236.742
231.827
253.148
240.29
239.008
180.864
193.599
246.097
234.403
232.235
231.719
178.287
173.301
191.267
230.643
220.987
177.423
171.357
172.865
182.531
145.87
156.914
150.494
135.754
129.879
128.672
140.456
129.742
130.003
128.41
129.014
129.258
128.198
140.243
130.237
129.074
129.074
128.876
129.209
128.367
136.533
132.664
129.025
128.262
128.108
127.784
128.292
128.406
144.905
131.126
128.265
128.005
128.656
129.348
127.754
138.809
130.087
129.59
128.469
127.554
128.199
128.637
155.784
155.051
148.547
146.687
146.95
146.519
160.823
148.347
147.993
146.533
145.874
146.485
152.663
149.181
146.593
146.291
146.534
145.052
146.058
163.365
145.69
145.243
147.82
144.784
144.586
157.539
146.345
147.551
146.573
146.492
144.691
178.026
152.387
145.944
179.231
176.187
147.621
157.286
164.277
233.092
228.787
242.769
168.207
169.891
160.48
155.458
154.212
167.883
162.356
154.062
124.059
119.304
119.407
118.338
133.306
118.372
118.095
117.078
116.921
117.009
119.394
129.556
122.402
118.79
118.634
118.714
118.24
117.927
118.545
129.674
120.527
119.375
118.317
116.943
117.968
116.857
118.358
131.815
120.193
118.425
118.594
118.42
118.24
118.204
129.752
120.849
118.921
117.595
117.045
116.405
118.357
118.459
130.954
120.982
118.937
118.548
118.374
117.589
119.027
118.509
130.799
119.601
118.727
118.179
118.995
118.537
117.265
131.32
121.58
119.665
119.018
120.199
118.904
119.153
118.438
133.426
119.812
120.256
119.683
119.022
118.109
117.452
116.487
131.554
119.478
119.228
118.531
119.024
117.256
117.992
128.774
124.136
118.606
119.574
118.201
117.757
116.76
117.379
130.658
119.187
117.497
118.117
117.84
117.794
116.82
117.664
131.14
117.66
116.897
118.041
117.831
117.85
117.034
127.174
119.734
117.683
116.681
116.638
117.239
117.706
116.811
129.896
119.505
117.724
117.232
119.304
120.066
118.84
119.019
136.907
117.403
115.712
149.028
152.548
124.58
120.296
135.377
119.051
118.461
119.394
118.77
119.137
119.782
119.49
122.232
119.166
118.829
118.931
117.489
120.043
118.796
134.318
121.156
118.856
117.001
118.819
118.048
118.161
119.139
131.147
119.704
119.072
118.886
118.702
118.625
118.908
130.563
120.476
119.665
119.154
117.77
118.762
118.191
118.675
132.924
120.25
118.842
118.685
117.545
118.107
118.817
119.337
130.79
119.88
118.365
118.331
118.753
118.699
119.298
131.659
122.017
119.171
118.074
118.08
118.568
119.316
118.27
133.493
120.748
119.017
117.981
119.012
117.775
117.98
118.476
133.974
119.451
118.993
118.718
117.466
118.043
118.004
128.453
126.014
120.307
117.6
117.547
117.56
116.925
116.593
131.413
119.568
117.647
117.472
117.275
116.945
116.563
117.672
130.907
118.161
118.465
117.794
116.952
117.56
116.844
125.843
119.749
118.718
117.759
118.24
117.361
117.513
117.141
130.254
119.515
117.635
119.532
117.67
117.249
118.173
118.603
136.483
118.905
118.547
118.473
125.662
164.747
139.129
157.406
133.502
130.121
129.539
127.892
128.033
127.792
143.4
127.448
127.19
128.1
127.315
126.835
127.14
144.339
127.771
127.461
127.441
127.891
127.06
126.809
143.285
129.303
127.851
126.895
127.939
128.477
127.133
141.542
129.643
127.156
126.458
127.158
128.368
127.027
139.834
130.177
127.776
127.437
126.89
127.962
127.283
138.321
130.281
127.209
126.686
127.081
127.348
127.668
132.155
130.355
127.682
126.582
127.024
126.255
127.611
127.388
134.478
127.003
126.462
126.723
126.509
126.84
127.815
142.044
127.204
126.509
126.612
127.321
126.685
127.805
142.582
128.398
127.108
126.108
126.184
125.929
126.549
142.441
128.192
125.93
126.893
126.575
126.582
127.19
139.952
126.122
123.117
122.468
122.916
122.254
123.578
132.563
138.625
127.918
126.031
125.232
125.523
126.028
125.512
142.509
126.2
125.154
125.593
125.596
125.55
125.5
132.44
127.145
124.82
124.531
124.655
124.928
158.092
217.379
150.601
144.575
145.48
135.377
129.041
142.621
129.289
128.11
128.618
126.529
127.123
127.388
141.051
128.195
127.858
127.224
127.853
126.536
127.114
139.935
129.316
126.823
127.634
126.646
127.825
126.579
142.401
130.753
127.935
127.086
127.321
126.777
126.867
138.065
129.424
127.473
127.067
126.04
126.172
126.772
126.111
140.621
127.759
126.843
126.609
126.516
126.287
126.425
138.87
127.684
126.474
125.379
125.416
125.607
125.762
139.605
126.382
124.865
124.934
124.724
125.668
124.354
136.724
125.617
130.345
126.107
124.029
123.244
123.849
135.084
151.638
148.852
145.64
146.207
149.072
147.738
167.532
152.612
151.02
150.104
149.355
153.192
164.366
153.523
142.435
127.962
128.447
128.725
143.801
132.092
129.25
129.028
128.768
128.399
128.167
138.748
130.034
129.27
129.192
129.867
127.469
127.638
140.582
130.531
127.24
126.311
128.31
127.986
127.066
139.15
147.688
187.468
144.49
134.484
134.97
191.816
181.126
178.812
177.738
142.824
178.078
188.8
182.085
181.41
179.599
178.205
181.428
184.24
177.868
178.039
180.037
190.469
178.73
176.304
177.931
178.24
188.451
180.283
176.427
178.303
178.082
185.906
182.133
180.25
175.82
187.077
181.336
182.71
180.143
175.044
177.703
178.182
194.72
179.035
176.295
177.604
177.297
187.342
177.738
178.034
176.858
184.698
191.398
180.554
177.85
179.185
177.336
193.61
176.334
180.04
177.227
180.064
190.151
180.951
180.598
178.297
179.921
193.557
181.501
179.952
179.943
177.086
178.783
193.246
178.409
177.847
176.831
178.269
189.854
178.546
176.857
177.764
179.372
190.114
180.021
190.09
179.535
142.451
127.825
134.429
127.643
128.75
126.826
127.033
127.015
126.023
142.997
129.002
125.683
127.018
126.62
126.244
125.72
140.757
128.083
127.772
126.519
126.454
126.531
127.054
153.833
143.824
134.136
132.844
132.356
132.924
132.701
182.805
133.208
131.315
130.959
130.909
158.465
181.463
155.097
150.389
148.57
153.957
151.234
167.975
150.923
157.031
150.128
149.352
147.126
167.167
152.871
149.788
148.258
154.151
153.797
169.556
151.825
152.725
154.061
148.985
148.062
161.917
149.46
145.193
144.764
145.707
144.892
156.47
149.373
145.39
147.183
145.085
157.987
187.992
178.73
175.304
175.066
174.454
177.726
162.925
174.256
176.403
173.75
174.558
152.245
181.389
178.958
173.476
174.022
174.782
168.855
180.591
179.755
180.347
175.467
229.206
190.171
147.777
135.871
172.537
169.18
134.643
130.009
128.923
126.677
166.294
158.843
169.33
154.741
149.359
146.269
147.959
144.648
169.169
156.534
154.369
154.032
153.109
156.819
164.48
153.656
152.547
154.108
155.051
151.608
169.674
159.117
153.342
153.846
152.774
155.742
165.683
156.925
154.937
152.395
152.541
154.085
172.487
158.829
153.118
153.777
152.859
154.689
167.541
159.01
152.913
153.864
154.305
153.163
166.408
158.272
153.78
153.908
153.147
152.657
157.566
158.386
154.735
152.895
155.07
152.838
168.627
166.268
159.447
157.365
154.646
155.754
167.998
156.469
158.014
154.347
155.443
155.697
170.44
156.428
156.526
154.535
156.867
155.958
173.62
151.145
147.294
148.027
146.352
145.631
173.069
149.575
147.628
148.856
147.351
146.878
163.565
150.319
145.718
146.285
147.085
145.91
165.235
187.404
154.05
161.222
154.595
151.012
163.2
145.595
143.644
144.926
143.129
143.775
160.509
146.639
143.594
143.353
143.814
142.688
161.309
154.524
148.693
148.993
150.595
148.957
176.082
164.341
154.331
152.572
152.085
152.608
164.512
155.269
152.537
153.654
152.887
152.292
164.228
154.524
154.431
152.687
152.78
151.458
165.325
156.452
154.368
152.947
155.066
154.532
168.078
151.971
154.247
152.596
151.288
153.038
168.069
152.867
153.441
152.737
153.285
150.388
157.922
152.485
153.257
152.604
151.08
152.827
158.057
153.275
