235.221
174.294
132.815
109.259
104.879
126.27
111.139
108.823
106.971
113.187
127.266
126.309
136.035
129.908
127.434
128.498
129.379
130.151
129.77
138.281
130.843
129.549
130.262
126.559
128.944
129.249
138.354
131.197
129.533
129.288
130.425
128.788
133.081
142.114
132.907
128.72
129.616
129.419
129.382
128.738
140.311
130.101
130.15
128.757
130.12
128.67
129.128
140.327
132.276
129.589
127.388
203.638
174.874
126.386
141.587
120.567
118.473
117.949
118.746
117.417
116.521
128.707
121.552
147.598
159.229
133.285
119.97
118.126
131.907
119.662
116.701
115.907
116.1
116.548
114.743
140.988
161.283
149.07
144.129
143.959
142.891
142.501
160.444
150.879
193.845
188.905
182.815
188.273
239.893
306.463
240.357
203.026
194.317
199.14
172.969
169.646
168.422
168.105
165.967
168.068
171.053
205.673
153.63
153.679
165.72
166.978
183.329
171.12
166.473
170.073
168.993
167.026
257.87
196.83
161.271
181.99
174.202
187.154
175.686
173.476
190.549
198.117
184.203
173.295
162.709
180.534
167.223
160.083
152.528
149.042
154.202
152.073
155.424
170.82
151.719
149.95
152.965
153.012
154.847
165.372
153.376
151.58
152.436
152.07
155.414
169.47
156.705
152.432
152.998
150.706
152.985
170.075
154.356
152.004
156.233
154.909
153.409
172.985
153.634
152.63
151.808
150.531
150.937
165.635
154.762
152.687
153.56
152.372
151.434
165.416
152.173
152.617
151.605
154.15
152.287
159.812
153.59
154.625
160.594
192.291
212.892
171.226
149.609
148.677
150.651
152.647
154.322
153.579
152.62
149.213
147.881
147.163
197.667
164.796
160.825
157.814
157.463
156.44
173.415
155.494
156.579
156.363
159.163
156.934
175.706
156.414
158.119
156.023
156.759
154.495
183.08
157.632
152.26
154.849
158.001
187.816
160.665
156.129
156.464
157.119
156.622
171.964
156.167
151.937
153.838
154.646
157.631
172.388
158.232
156.548
153.594
158.075
169.156
159.185
154.767
154.352
152.923
151.053
169.257
158.226
153.608
154.129
156.485
155.822
168.564
158.86
157.446
154.409
155.449
143.636
156.287
139.438
133.949
135.131
133.029
131.992
132.472
143.579
133.587
131.937
133.47
133.135
133.276
133.209
147.563
132.665
132.217
132.782
133.59
131.303
134.24
147.558
134.084
133.26
134.308
134.704
135.164
132.906
165.799
172.48
172.621
153.997
153.111
150.292
157.282
150.606
150.766
148.654
150.405
151.804
173.457
151.547
152.494
151.535
150.041
149.827
168.103
151.829
151.512
149.068
148.684
149.256
168.518
149.831
150.225
155.963
153.581
152.898
164.681
152.631
149.265
151.791
153.161
152.269
169.039
154.817
152.68
155.006
155.755
154.901
176.236
142.716
139.447
138.794
137.867
137.801
151.026
139.336
139.54
137.533
138.277
139.333
138.444
144.533
154.794
154.852
153.447
154.061
174.353
155.546
154.65
152.704
153.302
181.076
153.506
152.825
154.295
153.528
168.091
154.633
154.7
170.211
154.187
164.743
156.006
154.861
195.644
164.544
171.118
145.503
137.997
136.589
135.016
136.997
136.1
153.238
136.176
136.798
136.501
135.082
134.452
142.261
200.169
153.951
151.067
149.573
147.886
149.858
128.387
145.262
123.153
118.762
116.858
117.272
131.475
123.337
116.897
116.883
115.885
115.577
115.337
114.272
144.239
129.277
126.411
128.266
125.027
128.476
129.8
139.298
150.348
151.43
130.966
126.939
128.687
128.759
153.626
144.407
133.048
130.564
129.95
129.56
130.3
148.059
131.875
130.819
130.485
130.044
129.827
129.653
150.404
132.16
130.216
129.086
130.558
130.81
130.017
138.561
132.516
130.101
130.255
130.14
130.068
129.503
135.037
131.845
131.581
130.209
129.475
128.915
139.705
136.176
132.02
130.622
130.001
131.033
130.066
133.58
175.078
142.222
134.932
133.776
136.14
135.752
149.246
138.877
134.093
134.91
133.934
135.207
135.536
138.802
137.477
136.347
134.883
135.959
133.887
136.697
169.46
144.635
132.675
127.619
127.842
127.023
140.2
130.645
127.201
127.153
126.985
125.296
126.78
125.292
142.537
126.66
127.03
126.251
126.636
126.639
126.275
140.757
127.318
126.62
126.148
126.392
126.716
126.362
141.887
129.609
127.875
126.934
126.946
126.94
126.759
138.031
129.472
127.128
126.489
127.571
127.077
126.091
127.036
141.9
129.099
127.076
125.857
126.478
144.249
128.03
146.412
130.183
127.128
126.349
127.836
127.171
127.514
142.431
128.119
126.178
125.549
126.889
126.856
126.154
137.577
132.012
127.08
126.128
126.546
127.587
127.083
126.509
132.154
128.374
127.08
127.104
127.294
126.595
126.919
143.35
130.408
127.097
127.929
126.327
126.835
126.696
139.383
127.084
128.189
127.053
127.301
125.562
126.636
136.688
129.984
125.8
128.17
126.341
126.739
126.693
127.259
140.366
127.13
126.495
124.948
125.289
125.706
136.1
156.086
120.714
116.628
118.449
117.541
118.416
117.61
181.553
156.099
143.334
144.399
156.173
144.841
154.631
145.346
145.156
144.821
143.836
148.429
143.318
147.443
145.77
144.023
144.252
144.477
142.351
159.772
142.772
143.476
143.948
144.621
143.301
147.1
144.29
142.753
142.958
143.445
142.919
143.873
155.154
143.885
143.19
143.074
143.12
144.616
156.576
143.665
143.622
142.374
143.14
143.658
143.858
157.748
144.44
143.888
144.387
142.873
142.909
158.242
143.836
143.084
142.416
144.189
144.34
155.048
145.897
145.034
142.709
144.073
143.427
144.901
157.787
144.901
144.182
144.103
145.529
143.163
156.008
144.621
144.026
142.672
143.412
144.51
144.78
185.605
177.626
174.563
174.965
175.478
189.938
177.639
178.516
174.95
174.94
192.037
179.505
178.663
174.703
178.856
187.179
179.394
175.367
174.833
175.263
181.177
175.708
178.709
178.973
174.869
175.054
191.35
177.235
176.086
176.667
176.297
191.999
178.002
175.95
176.879
175.039
191.551
177.873
176.42
175.054
175.223
174.856
179.812
176.586
177.848
176.784
176.083
192.762
175.505
176.249
175.211
174.571
195.954
178.155
177.547
175.504
174.693
187.308
177.301
180.303
178.836
174.97
189.976
179.116
175.361
176.493
179.054
186.416
178.278
174.549
176.577
175.338
175.404
191.475
174.101
174.852
175.012
178.848
191.475
177.821
174.718
176.7
174.895
179.883
177.695
175.57
175.521
176.047
187.339
179.47
176.1
176.156
174.899
178.513
191.027
177.857
174.705
176.381
174.845
183.347
178.188
174.799
178.97
174.967
187.448
177.764
178.595
174.805
176.273
177.148
179.836
177.636
175.722
177.774
175.973
191.22
175.378
176.203
175.446
176.315
190.994
174.26
175.244
174.947
176.064
187.261
175.594
173.049
171.992
170.723
183.715
219.317
208.567
204.477
210.078
224.453
206.805
206.212
207.488
218.065
205.59
207.68
208.917
205.476
216.312
204.808
207.614
205.627
209.543
213.7
207.35
209.052
205.129
222.454
208.086
206.378
207.674
201.596
214.177
209.193
206.142
208.173
215.842
206.405
207.641
208.952
205.683
226.922
208.383
206.414
207.662
222.498
206.832
208.007
208.887
178.891
161.596
179.207
208.66
207.208
205.37
219.589
209.4
204.959
206
220.239
208.825
206.242
206.893
209.37
222.238
205.387
204.881
205.256
215.893
208.053
207.16
207.53
208.657
215.679
205.563
207.295
205.833
217.254
209.761
209.659
204.276
201.451
210.596
206.646
206.557
205.267
208.243
208.219
208.73
207.295
207.5
214.271
212.344
206.482
203.62
218.99
206.81
207.631
205.747
207.641
221.583
205.965
207.451
202.568
203.651
208.568
204.36
205.061
207.157
220.357
207.779
206.242
209.122
200.811
218.468
206.555
209.767
210.185
213.749
205.397
205.302
207.556
202.657
208.563
206.448
209.083
209.918
220.023
208.029
206.137
207.418
202.478
213.567
206.659
208.808
204.808
208.191
204.398
208.591
205.954
205.978
228.808
206.744
206.075
208.504
217.302
208.764
208.769
207.444
205.77
222.008
207.337
205.824
207.525
220.403
210.023
208.654
204.921
205.64
220.733
209.183
205.463
207.391
220.935
212.88
208.861
205.473
205.492
220.628
205.115
204.567
205.596
207.127
213.914
211.731
209.091
206.92
219.749
208.236
207.07
207.23
201.503
216.116
206.399
204.221
206.575
220.207
208.007
209.439
201.046
204.287
222.363
208.426
207.648
205.731
220.083
207.776
205.968
208.454
201.855
218.329
207.789
205.984
205.045
157.457
149.577
182.152
192.598
206.175
173.71
158.064
134.986
132.57
132.483
133.181
131.303
144.54
135.947
132.511
132.302
132.046
131.553
132.161
141.905
134.278
132.804
132.375
133.079
132.32
132.113
143.087
134.151
132.844
131.652
132.04
131.774
131.736
143.6
134.753
132.937
132.043
131.328
132.142
131.793
148.276
134.957
132.423
131.995
131.714
132.183
132.252
144.334
135.717
131.963
132.136
131.03
132.435
132.587
142.582
133.389
132.528
131.969
132.195
131.887
132.532
141.273
134.772
132.557
132.62
132.128
131.487
131.849
141.58
132.973
132.447
131.589
131.301
132.33
132.411
142.371
133.935
132.841
132.276
132.1
131.911
133.368
146.368
134.519
133.075
130.983
132.372
131.542
132.443
146.471
133.288
132.269
133.541
131.604
132.985
131.391
146.989
133.559
132.132
131.875
131.386
131.157
131.036
146.516
133.568
132.449
132.29
131.664
131.47
131.59
147.048
133.379
131.965
132.657
131.488
131.211
132.847
146.024
132.915
131.992
132.613
132.443
131.067
132.152
146.937
131.526
132.852
132.079
131.888
131.851
131.222
145.081
126.635
124.922
122.374
122.281
122.384
121.178
622.818
163.138
134.593
149.262
140.162
129.279
148.09
132.127
125.867
126.218
148.85
126.883
125.634
125.936
125.659
125.55
125.667
125.423
138.354
128.32
126.279
126.047
134.061
126.291
124.995
141.058
124.944
123.587
143.911
131.263
127.966
126.777
143.337
127.12
126.284
127.217
126.878
126.99
125.422
140.293
126.071
125.479
124.718
125.884
126.384
125.918
140.717
127.247
125.105
124.753
125.012
126.588
124.891
135.963
128.58
125.659
124.19
125.042
126.305
125.349
136.403
130.004
125.993
125.244
124.75
125.89
126.101
124.841
143.454
125.821
125.667
125.502
125.784
125.319
125.662
130.178
126.371
125.587
125.707
126.488
125.586
125.917
135.036
128.974
125.971
125.846
126.237
125.724
124.487
136.924
129.483
126.101
126.678
129.385
125.466
125.225
124.499
143.313
125.638
125.369
126.037
125.56
125.129
125.602
145.219
126.829
125.974
126.688
125.596
125.195
125.861
138.547
127.619
126.025
126.465
125.71
125.216
125.175
135.98
128.654
126.348
126.835
125.864
124.949
124.838
135.016
129.156
127.427
125.87
125.845
125.082
125.804
125.166
142.876
126.521
128.104
125.356
125.868
124.406
125.015
137.809
126.068
128.014
126.359
125.415
125.697
124.727
138.682
127.936
127.051
127.043
125.803
125.74
125.846
140.801
131.188
127.124
126.628
126.862
126.603
126.599
134.679
127.818
125.078
124.621
153.623
128.196
119.2
117.439
143.478
119.22
118.297
118.098
117.776
118.575
117.89
130.83
121.108
117.71
117.469
117.638
119.024
117.65
117.178
135.53
119.268
117.923
116.708
117.61
117.736
117.391
116.754
141.48
117.125
118.635
117.261
117.917
117.43
117.899
130.6
125.027
117.641
118.078
117.246
117.547
117.951
118.381
130.983
117.89
117.891
116.844
116.904
117.154
118.68
116.693
137.278
118.486
117.061
117.086
114.976
115.611
115.772
129.978
122.847
116.166
115.711
116.25
116.119
115.351
116.352
135.799
120.847
117.156
115.048
116.071
114.585
115.174
116.185
134.615
116.677
115.394
115.758
115.929
114.795
115.791
115.736
130.002
115.273
115.763
115.747
114.672
115.732
115.286
115.217
128.14
117.238
115.435
116.233
115.711
115.312
115.427
119.82
125.94
116.38
115.184
116.281
115.828
115.256
115.418
128.847
118.636
116.343
116.401
115.24
115.51
114.94
115.641
127.728
118.294
117.857
116.701
117.466
117.238
115.097
115.909
131.692
118.715
117.485
116.762
116.383
117.677
116.707
126.925
129.909
119.521
118.688
117.409
118.167
117.406
117.462
133.228
118.82
117.98
118.03
118.033
118.218
117.346
118.146
129.909
116.955
117.493
118.086
117.063
117.322
118.799
127.538
120.69
116.898
118.555
117.715
117.279
117.71
117.409
127.008
119.624
116.607
116.184
116.684
116.492
115.886
116.243
129.045
119.058
115.348
115.502
116.433
115.409
116.017
114.959
137.941
130.305
129.296
128.868
129.693
129.198
129.3
147.37
128.28
127.613
126.367
126.739
127.364
126.792
141.589
128.197
126.459
126.978
125.998
127.758
126.411
138
128.36
126.639
127.198
126.453
125.761
127.771
129.196
128.594
127.115
126.248
126.796
126.603
127.896
127.353
128.614
126.484
126.562
126.73
125.352
127.007
128.257
141.482
127.408
126.723
125.707
126.489
126.008
128.496
139.761
129.512
126.612
126.215
125.64
125.927
127.03
140.75
128.221
127.271
125.577
126.191
125.757
126.639
128.129
129.289
126.792
126.595
125.734
125.933
127.298
126.398
138.669
127.831
127
126.508
126.064
127.35
125.86
142.191
127.849
126.299
127.067
126.194
126.729
125.995
140.26
128.674
127.647
127.25
126.835
127.686
126.405
138.769
128.218
127.198
127.782
127.472
126.198
126.02
138.765
129.851
127.605
126.98
126.606
128.312
126.251
136.945
128.835
127.285
127.066
126.087
127.801
126.123
137.319
129.84
126.272
127.085
126.032
127.485
127.318
126.747
144.403
123.925
123.147
123.973
124.195
123.277
123.364
150.093
121.813
118.732
117.386
117.428
117.393
117.213
128.249
120.958
118.297
117.175
117.292
118.164
116.747
115.157
129.069
120.195
116.38
116.366
116.309
115.861
115.323
115.571
130.076
117.117
115.872
116.247
115.131
116.113
116.347
116.973
126.822
116.778
115.956
115.739
115.123
116.827
117.228
116.203
131.247
117.024
115.758
116.581
114.706
116.768
116.032
126.737
119.447
116.119
117.064
117.607
117.439
117.662
118.476
129.175
117.874
125.609
118.224
118.954
117.059
117.928
118.759
147.751
121.036
117.927
118.668
117.923
117.175
118.149
121.286
118.709
118.18
118.369
117.349
117.115
117.469
117.228
131.436
120.404
118.097
117.83
117.617
118.41
116.778
118.235
133.36
120.386
117.613
117.78
117.62
117.857
116.994
117.279
128.88
118.837
117.96
118.314
117.189
116.976
117.169
127.822
121.454
117.831
117.86
117.9
117.721
117.306
117.861
122.273
119.238
118.489
117.331
117.037
117.259
117.455
117.392
131.544
119.442
117.761
117.358
117.472
117.743
118.252
127.451
119.211
116.807
133.093
158.768
132.48
118.9
118.539
130.957
119.571
119.614
119.291
119.394
118.451
118.153
132.127
118.191
117.754
118.389
118.178
117.111
117.623
118.339
129.024
118.258
117.608
119.448
117.124
118.107
118.068
117.361
121.749
118.121
118.691
118.597
117.797
118.047
117.842
127.073
120.032
119.294
117.908
117.65
118.745
117.692
118.628
122.608
119.068
118.017
117.547
118.886
118.118
118.717
117.763
133.172
117.403
118.381
118.291
118.161
119.082
117.562
133.211
122.058
117.727
118.127
117.806
117.962
118.36
118.648
129.283
118.808
117.94
117.332
117.151
117.722
118.302
118.151
130.281
118.101
116.961
117.483
115.873
118.272
118.071
127.758
121.166
117.355
116.757
116.945
116.988
117.027
117.547
126.679
120.737
117.723
117.155
117.153
117.571
117.268
118.104
130.964
119.108
118.121
117.65
117.581
117.031
117.236
117.572
132.254
117.893
118.197
116.326
116.801
117.566
117.139
129.175
120.212
118.476
117.899
117.061
117.099
116.958
116.721
130.449
120.771
117.917
116.741
117.308
117.127
117.58
116.829
133.34
119.247
118.052
117.715
117.153
116.938
117.873
118.485
131.06
119.084
119.432
118.211
117.079
117.419
117.519
127.556
120.309
119.434
118.047
117.998
117.201
117.189
117.199
127.769
117.93
117.556
118.203
117.208
117.634
117.92
117.596
132.7
118.682
117.756
118.528
118.111
117.481
116.36
130.425
122.32
118.699
117.843
118.375
117.659
117.142
117.72
128.618
119.268
117.209
118.692
117.96
117.8
118.182
117.322
129.186
118.198
118.055
118.336
117.85
118.465
117.36
127.927
120.667
118.774
116.729
138.199
133.797
154.392
130.739
135.052
128.029
126.509
126.617
126.639
125.966
127.545
142.378
126.201
127.352
127.194
127.451
126.089
126.416
138.552
129.733
127.367
127.03
127.446
126.435
126.354
140.062
129.524
125.272
126.566
126.705
127.111
125.68
141.726
159.996
162.426
127.893
120.738
119.44
119.799
132.227
122.071
119.269
118.815
119.301
118.916
119.069
118.692
133.713
119.381
118.669
118.15
118.167
118.685
119.411
133.172
125.312
119.956
119.584
119.704
118.338
119.047
118.808
129.954
120.143
119.738
118.545
118.26
117.457
119.358
126.919
122.09
119.091
119.442
118.762
119.284
122.248
119.788
132.08
120.45
118.204
118.902
118.284
118.332
118.378
117.971
133.661
118.538
117.882
118.582
118.603
118.396
117.79
131.285
124.844
119.036
119.291
119.045
119.22
118.459
118.672
131.012
120.814
119.725
119.353
119.717
118.927
118.378
126.05
121.326
119.395
119.1
118.344
118.621
118.346
118.387
129.704
120.079
119.472
119.13
118.513
119.029
118.284
117.95
129.917
119.427
119.681
118.792
118.555
118.365
118.14
131.006
122.661
119.231
120.025
118.688
118.816
118.372
118.931
132.609
119.635
118.541
118.753
119.051
117.766
119.156
118.112
128.249
118.006
119.409
118.992
118.465
117.286
118.53
128.722
120.499
117.767
117.95
118.378
118.561
117.786
118.363
128.588
118.735
118.424
118.259
118.04
118.533
118.015
128.6
121.027
118.498
117.781
118.66
118.736
118.462
119.072
131.662
120.39
118.532
118.672
118.089
119.56
118.943
118.158
132.721
119.22
118.598
118.118
118.873
118.458
118.744
131.698
125.072
119.908
119.551
118.173
118.677
118.864
118.907
131.448
120.557
119.608
118.963
119.478
118.405
119.451
126.934
120.778
118.78
119.143
118.038
119.1
119.293
119.235
129.536
120.961
117.96
119.064
117.95
117.764
118.559
118.816
130.9
119.409
119.04
118.585
118.368
118.035
119.421
131.694
124.092
117.914
119.247
118.14
118.378
117.896
118.745
130.082
121.159
118.696
118.389
118.748
119.091
118.684
118.725
125.512
119.431
118.892
119.361
118.723
118.272
119.25
129.62
121.202
119.978
118.342
118.621
119.31
118.287
117.583
129.145
119.878
119.261
118.061
119.35
118.419
118.807
129.012
122.251
118.782
119.131
117.871
118.99
118.386
118.255
131.779
120.453
119.589
119.016
118.254
118.969
118.405
118.513
133.166
119.549
117.884
118.629
118.875
118.516
118.811
119.687
121.401
119.587
118.269
119.03
118.738
118.873
118.863
132.107
121.058
119.818
119.761
119.571
118.44
118.786
118.786
122.515
118.846
119.712
119.958
120.059
118.255
119.274
131.581
121.379
118.599
118.582
118.76
120.013
118.233
118.54
128.709
119.204
117.9
118.603
119.463
119.403
118.943
131.297
122.026
118.451
118.468
119.391
119.373
119.926
118.348
132.51
120.206
118.645
118.519
118.439
118.718
119.205
118.766
133.974
119.277
119.473
119.006
119.461
119.478
119.497
130.522
121.422
119.451
118.899
118.138
118.829
118.688
119.799
128.917
120.005
119.629
119.527
118.685
118.949
119.782
133.544
120.645
120.071
118.777
118.068
118.506
118.389
119.394
132.27
119.701
118.677
118.739
118.255
117.834
119.358
118.94
128.464
119.054
119.09
118.579
118.362
117.452
118.71
131.979
120.44
117.45
119.084
118.26
118.275
117.957
117.933
130.555
120.035
118.188
118.87
118.612
118.437
118.245
133.205
120.751
118.197
118.519
119.351
119.544
118.624
118.206
132.049
120.193
118.423
118.196
119.141
118.312
118.709
119.067
125.535
119.779
119.397
118.992
118.934
118.795
118.27
130.639
121.328
119.615
118.657
117.842
118.6
118.783
118.688
127.698
120.182
119.468
119.124
117.663
118.742
119.097
130.064
121.693
119.702
119.695
118.842
118.188
119.279
118.392
132.195
119.412
118.696
119.229
117.998
118.421
118.071
118.114
132.651
118.762
119.355
119.374
118.478
118.438
118.795
127.86
121.133
118.124
119.157
118.867
119.144
118.563
119.488
138.321
120.399
119.394
119.493
119.13
119.845
118.763
131.22
121.421
119.247
119.04
120.029
119.886
118.645
118.772
132.216
119.827
117.977
117.78
119.049
119.861
118.078
117.804
134.154
119.665
118.371
118.455
118.682
119.585
119.106
131.133
121.346
118.194
118.835
118.141
119.418
119.257
118.291
127.985
119.93
118.871
119.156
118.208
119.181
119.007
128.513
120.949
119.451
119.081
118.541
118.272
118.305
119.168
132.179
119.839
119.043
118.91
118.488
117.532
118.379
119.064
132.677
118.847
119.142
118.345
118.63
118.647
118.549
121.098
121.61
118.084
118.416
118.383
118.248
117.81
118.528
131.979
119.905
117.893
118.154
118.062
118.097
117.642
118.593
132.998
119.198
118.534
118.897
118.514
118.535
118.513
127.294
118.967
115.812
118.235
124.27
170.873
138.559
144.795
133.995
131.652
130.745
131.184
130.963
130.566
141.656
132.161
130.988
130.919
133.694
132.651
130.676
135.831
133.559
130.533
131.076
129.737
130.799
130.071
146.604
134.185
131.679
130.492
130.176
131.261
131.704
142.022
135.523
130.386
131.311
130.471
131.01
131.292
130.122
132.752
130.823
131.087
131.083
130.09
129.906
129.967
143.41
131.174
130.001
131.066
131.581
130.357
130.158
142.639
130.924
130.212
130.78
131.782
131.427
129.841
144.173
130.97
131.063
130.669
131.111
130.642
130.989
143.739
132.07
130.399
131.013
132.192
131.918
130.596
146.856
127.698
125.933
126.988
127.081
126.626
125.901
143.995
135.454
129.672
129.422
130.308
129.552
129.114
134.669
132.709
129.403
129.026
129.313
129.734
129.315
137.482
134.759
130.113
129.395
129.521
129.689
128.741
129.93
140.658
130.008
129.064
130.272
129.978
128.673
130.475
141.953
129.427
130.164
129.629
129.626
130.03
129.863
140.741
129.189
130.172
130.017
128.991
129.749
129.193
145.599
130.573
128.928
129.646
129.099
129.087
128.841
142.843
130.144
128.803
130.269
128.982
129.677
129.577
144.149
134.128
129.884
129.84
129.199
128.224
129.422
142.567
133.367
130.115
130.175
129.275
129.178
128.369
129.183
133.466
129.993
129.631
128.994
129.248
128.561
129.409
143.824
130.756
130.982
129.422
130.188
128.708
129.045
147.098
130.786
131.193
129.559
128.825
129.553
128.828
142.676
129.818
130.678
130.138
129.656
130.457
129.442
141.186
130.899
128.793
129.213
129.349
129.303
129.03
138.882
129.542
130
128.962
129.6
129.139
129.456
157.135
134.377
130.512
136.765
136.019
130.565
130.886
140.431
132.52
130.84
130.705
130.125
129.567
129.797
143.47
132.497
130.335
129.878
129.774
130.374
128.64
139.238
131.578
130.456
129.322
130.092
128.977
129.218
129.693
145.084
129.835
130.005
128.952
129.406
129.081
128.225
142.592
130.59
129.587
130.134
129.172
130.475
130.155
142.423
130.763
129.874
129.656
129.469
129.903
129.987
145.295
130.425
128.891
129.332
130.122
129.692
129.8
142.889
132.649
129.9
128.951
129.801
129.529
130.643
134.234
132.132
129.048
129.376
128.546
129.583
129.341
138.468
131.658
130.243
136.105
129.549
128.715
128.952
129.102
144.958
129.786
128.974
129.546
129.884
129.243
129.781
146.124
130.539
129.066
129.584
130.065
129.846
129.736
149.285
131.876
131.119
129.789
129.514
129.752
128.155
142.726
130.77
129.98
129.435
129.303
129.228
129.583
143.755
129.84
129.696
129.025
128.965
129.099
129.289
141.262
129.486
128.966
128.703
128.339
129.881
128.884
144.016
133.228
130.065
129.606
128.677
129.159
128.834
139.148
130.365
129.479
129.981
129.223
128.958
129.604
130.004
144.41
129.162
129.807
129.863
128.855
129.252
129.93
142.913
130.191
129.73
129.596
129.559
128.835
130.262
143.648
130.038
128.194
136.219
161.064
149.068
163.827
179.437
159.047
153.969
148.261
141.216
157.045
143.046
138.552
139.304
142.125
140.681
140.493
209.746
162.661
172.801
175.772
201.729
221.138
234.29
230.128
217.494
250.104
234.173
221.573
204.318
237.657
233.627
227.826
213.233
237.25
231.161
222.508
211.58
235.904
230.3
239.711
262.432
230.828
217.162
186.508
182.591
194.114
233.578
233.561
223.811
209.736
211.907
183.21
193.024
176.743
174.882
174.418
174.318
200.92
180.093
174.231
174.34
173.62
177.124
179.168
145.218
130.407
146.725
132.593
125.73
135.078
127.045
126.129
125.358
124.977
125.299
124.83
138.545
127.968
125.562
125.705
125.006
125.104
125.582
142.994
133.78
130.288
129.252
128.634
126.9
128.41
137.128
134.386
129.288
129.249
128.721
128.615
128.017
132.935
130.011
130.161
128.714
129.527
128.002
129.007
127.434
133.359
130.271
128.457
128.735
128.933
128.431
127.909
143.33
128.466
128.942
127.836
127.508
128.434
128.459
140.968
131.042
128.603
128.745
127.835
128.911
127.611
146.723
130.365
129.563
128.303
127.467
128.651
128.059
144.071
129.65
129.529
128.995
128.317
127.906
127.861
141.159
130.897
128.812
127.79
155.688
136.793
133.115
136.79
135.23
132.059
130.759
128.354
129.863
129.512
142.423
132.962
131.888
131.648
131.987
131.117
130.769
135.407
132.558
127.841
129.189
129.749
128.077
129.108
142.756
130.288
129.398
128.915
128.276
129.653
128.997
144.306
131.418
128.908
129.052
128.977
128.241
127.548
142.451
131.535
128.897
128.081
128.36
128.831
127.354
140.673
131.502
128.019
128.504
128.969
129.965
129.646
131.55
132.193
129.836
129.018
128.72
126.908
128.933
140.558
131.685
129.756
128.446
128.56
129.373
128.282
139.611
132.467
129.473
129.784
127.358
127.722
128.64
128.437
135.461
129.409
128.347
128.347
128.397
128.076
128.12
146.419
129.221
128.099
128.875
128.348
129.045
128.53
143.367
129.07
128.287
128.861
128.022
127.715
128.553
142.136
130.272
128.985
129.416
128.477
128.305
128.616
147.217
130.736
128.377
127.686
128.297
128.14
127.367
143.834
129.042
128.831
127.638
128.681
127.506
129.333
140.658
130.055
127.962
128.105
127.307
128.63
127.457
138.292
129.599
129.394
128.217
128.333
128.913
129.503
141.637
135.054
129.42
128.429
127.683
159.521
135.662
150.289
134.458
128.119
128.801
129.545
128.648
127.444
143.003
131.5
128.316
128.882
127.771
128.241
127.722
141.256
131.591
129.376
128.738
127.442
127.518
128.329
143.431
137.569
130.004
128.723
128.611
127.611
128.336
142.589
138.312
129.298
128.269
126.514
128.203
126.72
139.651
134.576
129.612
128.441
128.662
126.877
128.183
127.488
137.178
129.202
127.081
126.592
125.635
156.448
162.179
149.794
144.64
144.66
144.703
144.29
143.018
151.091
144.91
144.584
144.369
146.01
145.36
152.83
136.798
137.216
135.995
135.808
135.736
150.679
146.488
141.689
142.171
140.302
141.786
141.523
150.225
141.951
141.076
140.369
140.11
140.476
157.947
145.65
141.58
141.285
141.941
141.496
142.366
157.213
141.804
141.706
139.211
141.439
141.514
168.112
144.447
141.099
140.54
140.628
140.013
141.273
176.955
142.161
140.045
139.06
139.908
153.466
176.015
324.277
172.411
177.79
196.002
167.733
192.877
151.157
129.95
128.525
171.036
154.614
140.825
135.129
148.584
146.558
150.602
147.059
147.558
143.961
145.753
171.16
147.778
174.398
150.673
134.406
127.531
133.032
128.587
127.248
126.744
127.047
126.833
126.836
139.128
125.464
125.042
142.449
161.601
148.274
161.884
165.855
185.67
170.452
167.595
136.985
146.756
134.738
131.417
130.207
130.05
129.456
129.734
146.536
134.613
130.144
128.772
130.782
129.389
129.515
145.688
133.713
128.955
129.524
128.76
129.903
129.448
147.148
132.35
128.739
129.043
128.793
127.655
129.907
148.219
133.469
128.239
129.677
129.135
130.305
129.018
138.742
131.745
129.195
129.686
128.904
128.684
129.166
132.861
141.205
130.636
128.805
129.132
130.387
141.77
133.013
133.823
130.351
129.746
128.062
129.463
145.015
132.222
133.205
129.808
129.593
129.563
129.362
146.896
136.252
131.163
131.114
129.509
130.96
129.792
141.27
132.394
130.823
131.668
129.694
128.841
129.481
144.273
132.42
130.182
129.781
129.282
129.687
129.399
142.378
131.317
194.707
135.288
128.423
128.236
127.679
151.945
132.614
129.937
131.068
130.068
127.237
127.38
150.056
128.617
126.951
126.368
126.756
126.72
126.445
145.019
129.218
126.849
128.155
128.013
126.678
125.926
142.449
137.096
130.264
126.865
128.083
126.388
126.005
134.082
131.535
130.384
129.021
126.575
126.027
127.398
147.589
130.555
129.751
129.511
127.44
126.275
126.378
173.577
136.347
173.702
171.848
171.885
173.77
176.841
139.966
132.219
130.739
129.773
130.044
143.781
129.229
126.332
127.33
126.378
154.763
132.486
153.637
132.948
130.318
128.28
128.84
126.038
126.214
150.022
133.132
129.67
128.988
128.688
128.902
128.17
149.745
131.872
128.784
129.686
128.677
128.574
128.018
148.732
131.872
129.647
129.232
129.313
129.797
128.865
149.376
128.269
125.64
125.379
126.001
126.582
126.001
148.564
145.336
138.237
137.352
136.714
136.453
136.092
143.331
138.281
136.055
135.909
135.785
136.725
134.723
147.553
138.087
171.499
139.885
136.889
135.888
152.353
137.412
135.972
134.856
134.204
134.067
133.312
149.995
180.913
180.186
179.106
145.754
138.308
186.402
179.448
182.068
143.318
135.678
146.619
142.281
136.741
136.517
136.925
135.926
134.571
154.835
138.446
135.968
135.983
149.539
136.378
134.061
157.178
138.502
136.477
136.043
134.815
133.8
147.672
140.989
136.162
136.497
135.856
135.401
135.01
154.067
138.555
135.301
135.716
136.408
134.613
133.888
149.789
179.963
180.642
182.384
146.155
146.041
182.546
179.298
180.852
145.891
137.278
151.559
141.512
137.941
137.473
138.035
136.252
134.862
155.869
137.97
136.038
136.207
136.233
134.805
145.743
140.993
135.761
135.418
135.679
135.199
134.65
150.679
139.384
136.092
135.388
134.961
133.67
134.352
153.155
141.03
137.988
140.089
138.226
135.07
134.865
150.007
142.121
139.435
139.083
140.645
139.28
154.445
141.134
140.877
139.716
140.868
140.15
139.325
148.63
142.077
140.284
139.812
139.909
139.184
153.109
144.403
143.4
140.711
140.412
140.112
140.985
167.656
143.446
140.673
139.999
138.547
140.575
162.552
143.745
143.346
140.795
141.055
139.978
154.161
144.213
141.506
141.99
144.745
141.099
140.962
154.772
144.086
140.991
141.596
140.583
139.322
154.514
148.486
141.481
141.592
140.798
139.933
140.292
156.246
142.282
140.327
140.616
139.614
139.671
142.411
144.702
141.015
140.837
139.942
140.394
139.725
152.042
141.148
139.707
139.986
140.306
140.666
139.434
147.425
141.761
140.757
139.241
141.349
139.568
152.02
141.656
140.658
139.068
140.816
140.062
139.858
157.923
142.549
139.759
140.338
140.023
141.085
152.8
141.773
140.096
141.007
140.016
140.507
141.078
156.744
141.391
144.376
141.424
139.809
141.476
155.451
141.883
140.351
139.823
140.321
140.477
140.269
157.617
148.915
139.929
139.845
138.91
140.766
155.674
142.432
139.575
139.254
138.752
140.306
142.495
162.645
142.044
140.521
141.392
139.649
139.746
155.007
142.632
139.712
140.785
140.838
140.074
139.641
157.795
141.439
141.667
139.992
139.505
140.324
155.103
142.843
142.413
139.995
140.222
140.493
139.253
157.188
142.973
140.254
138.386
140.323
138.647
154.642
141.643
140.717
138.967
139.902
138.633
139.385
155.544
141.968
139.19
141.187
139.593
140.401
144.829
143.679
140.411
141.229
139.114
140.065
139.187
159.34
142.443
140.895
139.905
139.256
139.692
150.93
142.887
139.705
138.949
136.985
137.153
146.413
142.625
128.996
126.338
125.252
127.454
126.348
126.004
152.664
136.165
128.795
127.141
130.786
127.661
128.765
147.752
199.121
192.699
192.206
139.226
160.426
201.229
199.77
197.804
198.006
210.888
201.054
193.746
198.476
197.362
206.586
199.284
203.629
197.616
211.151
197.719
192.938
197.079
193.547
211.161
198.182
202.856
191.157
139.842
160.823
165.066
183.06
182.56
181.282
191.4
184.544
183.063
179.665
180.138
180.798
195.007
178.428
177.027
178.666
177.486
182.241
178.483
177.246
178.947
178.595
192.413
179.712
180.732
175.484
185.015
196.036
181.403
177.496
177.329
179.103
217.626
183.872
179.082
181.202
180.534
174.871
156.651
149.615
149.86
150.902
148.973
149.77
154.629
151.779
151.421
151.009
148.964
151.851
176.939
151
149.906
149.172
152.216
149.449
170.139
151.127
151.508
149.335
148.513
147.487
163.932
177.185
177.293
176.796
177.193
192.314
184.45
181.843
181.259
182.098
188.284
183.803
179.244
180.778
177.619
192.855
183.134
179.652
179.254
177.56
176.988
169.168
178.17
176.17
177.433
183.079
185.55
180.149
179.123
183.879
179.141
209.099
180.317
179.704
180.032
177.118
190.395
183.165
180.146
179.323
179.327
202.27
266.986
233.073
233.646
211.023
210.056
233.592
233.02
211.031
256.683
209.128
197.833
142.973
190.752
197.494
195.163
196.002
140.654
196.309
196.612
193.903
193.81
194.192
199.382
196.384
198.529
189.488
138.984
178.236
202.685
199.018
201.247
145.539
190.85
195.954
227.945
208.89
140.042
181.632
196.78
193.379
196.651
139.478
182.723
194.204
193.794
192.852
138.037
157.506
194.823
189.049
190.213
189.16
150.913
171.689
199.698
169.827
125.096
115.006
114.215
126.479
117.292
115.653
115.268
115.815
139.572
117.346
144.401
141.656
131.209
129.479
126.458
129.091
128.303
138.699
127.328
127.714
126.688
125.887
126.089
126.63
140.7
122.802
122.088
123.9
123.052
122.005
121.236
139.408
131.662
126.254
126.094
125.292
125.063
125.756
125.277
133.286
126.902
126.396
126.445
126.134
125.732
125.554
141.232
126.75
125.713
125.659
127.015
126.318
125.944
139.572
127.099
126.934
128.07
128.723
128.299
126.044
144.219
128.129
126.541
127.394
125.578
128.671
125.476
135.202
126.615
126.246
125.376
124.988
127.561
125.81
136.447
127.093
126.281
125.851
125.569
126.178
126.963
144.11
132.877
126.787
125.873
125.819
126.588
126.658
137.297
131.18
126.091
125.707
125.325
125.586
125.095
126.404
145.843
126.745
125.295
126.374
126.475
125.676
125.767
142.663
126.492
125.64
126.501
126.612
126.579
126.97
145.241
146.722
135.448
133.449
131.41
130.262
131.16
146.979
133.125
131.431
132.347
129.219
129.956
130.261
151.876
132.466
129.632
130.327
130.816
129.884
130.221
137.717
130.87
129.108
128.738
148.194
135.087
142.95
135.632
127.544
128.293
125.998
126.161
126.237
127.174
137.105
132.901
131.374
130.723
130.244
130.321
143.037
136.407
130.603
131.19
130.005
131.206
129.963
142.766
135.455
131.955
131.581
129.844
130.552
130.522
141.499
134.164
131.008
131.95
130.077
130.171
130.792
141.87
133.974
129.773
130.562
132.483
129.746
130.354
141.908
133.727
129.8
130.197
130.907
131.409
129.723
142.182
133.951
130.754
129.65
130.97
130.816
131.397
140.972
134.963
129.923
131.207
130.558
130.772
130.368
142.413
135.347
130.134
129.469
129.015
129.857
130.017
130.232
136.146
131.674
130.035
129.807
130.296
130.185
129.573
139.728
132.681
129.978
130.499
131.328
130.87
141.51
135.644
130.813
131.236
130.218
130.238
130.875
141.656
135.06
132.082
130.906
130.928
130.332
130.592
141.319
135.488
130.509
129.879
130.998
129.756
130.225
141.254
134.699
130.589
129.816
129.502
130.18
130.499
130.876
133.07
126.585
126.21
126.014
125.727
126.265
126.394
151.524
134.955
134.01
134.117
129.933
130.273
130.882
149.656
131.217
131.064
130.028
130.258
129.761
130.014
149.986
132.802
129.694
130.774
130.212
130.297
130.596
150.775
132.22
131.836
130.867
130.296
130.353
130.739
135.096
130.94
131.514
130.699
130.019
130.492
130.897
147.714
133.703
131.765
131.741
132.551
131.328
130.952
136.678
132.828
131.545
131.529
130.401
131.66
131.564
141.433
133.19
134.232
132.828
131.649
132.885
144.317
136.089
133.911
132.48
131.866
131.687
132.503
141.88
135.403
133.418
132.42
131.601
132.807
131.74
142.536
133.918
132.942
133.46
131.956
132.33
131.388
143.023
134.84
133.457
132.399
132.086
131.822
131.268
145.305
133.984
132.702
132.26
135.183
132.431
131.608
146.987
133.226
131.894
132.994
132.605
132.955
132.083
144.744
133.138
131.886
131.45
131.595
133.054
132.814
153.275
167.869
151.554
146.823
145.695
145.129
173.667
148.805
148.724
153.824
152.702
153.454
169.105
153.74
153.857
153.159
152.27
153.195
169.088
155.24
153.33
151.845
151.269
152.567
159.377
150.11
149.764
148.591
148.614
147.805
167.744
155.318
151.78
151.959
151.255
153.713
170.562
156.368
153.192
152.846
151.888
153.835
172.017
155.204
153.326
152.137
153.749
153.78
167.324
155.01
152.904
153.135
151.567
153.319
173.061
155.695
151.53
150.438
150.853
152.131
165.302
154.405
150.18
149.078
147.998
149.479
172.073
161.285
152.199
153.126
152.795
153.73
164.233
153.22
152.035
152.947
152.176
152.146
175.722
156.759
153.773
151.614
153.352
152.914
167.856
156.369
155.097
155.424
155.284
152.411
166.718
155.424
154.245
153.951
153.383
155.231
157.256
154.179
155.601
156.092
153.326
166.405
192.276
182.144
182.095
182.94
199.979
193.028
179.925
176.976
182.351
211.688
182.396
187.258
182.05
181.837
188.168
160.594
149.649
156.426
155.765
148.556
168.264
153.974
150.756
150.726
150.441
150.505
170.205
158.068
156.825
155.912
157.496
155.943
165.767
156.982
156.558
156.116
156.586
155.587
171.193
157.593
157.797
157.024
157.161
158.148
157.269
148.88
166.18
150.459
149.52
150.137
163.268
155.243
153.978
154.905
153.691
165.033
154.605
155.111
152.531
152.263
153.202
161.306
154.959
153.232
153.938
153.765
153.466
171.559
151.043
149.71
147.608
147.613
148.507
168.468
156.543
153.767
152.892
153.415
151.869
165.764
156.941
155.114
152.785
153.061
153.867
163.915
155.26
154.579
151.611
150.886
151.064
167.638
148.838
151.022
147.681
146.755
147.654
169.084
155.745
151.35
153.908
151.628
150.98
152.47
150.781
149.43
148.425
149.764
147.337
206.426
183.939
178.76
169.171
167.147
191.972
181.469
178.639
165.626
165.406
176.994
170.804
165.683
163.608
163.083
169.245
177.061
164.58
162.54
161.506
160.222
175.692
184.073
179.413
164.615
166.307
169.118
190.065
171.261
168.602
189.994
171.241
187.776
189.106
178.144
194.922
176.064
172.393
152.093
152.497
148.503
151.622
152.977
182.927
162.015
155.023
152.979
153.248
153.182
167.377
150.733
152.099
151.079
149.873
152.11
169.87
153.816
152.859
152.473
152.374
155.578
164.661
148.651
149.496
147.462
147.237
146.243
174.279
149.577
149.94
149.462
148.381
149.256
167.772
154.312
152.684
152.758
154.712
153.538
162.269
154.03
154.946
154.796
151.764
165.667
152.771
151.07
150.008
149.68
149.897
164.685
160.744
155.352
153.683
153.866
153.211
169.906
153.75
152.009
154.679
151.66
155.431
167.271
154.221
153.165
153.175
152.844
152.252
162.39
149.906
148.838
150.128
150.052
147.493
169.032
155.33
154.553
154.248
153.458
153.174
172.071
154.763
149.3
152.332
154.318
153.875
168.192
153.633
153.277
153.762
167.338
183.83
209.239
157.292
146.296
146.973
146.071
159.741
164.333
148.598
147.515
146.745
184.349
172.687
149.431
144.567
145.86
144.937
143.581
153.248
159.659
144.921
140.838
145.599
141.015
139.915
156.521
136.567
136.581
136.393
136.19
135.625
150.324
146.57
139.911
152.443
144.63
161.371
202.285
184.002
166.964
214.289
204.768
178.175
158.805
136.477
127.484
126.408
124.673
125.105
138.169
123.828
119.333
117.069
117.423
122.835
120.924
117.159
150.963
124.846
124.657
124.438
123.72
123.909
123.661
142.158
133.175
126.771
127.223
127.617
126.068
125.415
142.08
131.412
127.214
126.984
125.93
126.921
127.237
133.485
127.106
123.815
121.486
119.598
120.152
119.018
120.098
138.465
124.246
121.565
121.52
119.388
120.146
120.272
120.32
147.774
127.922
125.189
124.86
123.698
125.118
124.06
139.674
127.956
125.132
125.031
125.232
124.041
124.256
140.383
201.697
169.406
158.635
150.519
145.65
159.935
150.198
150.158
144.162
147.384
144.414
164.477
152.715
147.256
153.641
163.077
143.431
155.798
143.923
145.442
148.601
146.601
143.819
158.546
146.723
148.744
145.138
144.313
144.798
136.81
140.591
126.228
125.734
124.337
123.019
134.522
131.401
143.551
127.04
126.511
126.705
125.947
125.354
124.828
138.512
131.321
143.331
138.482
130.42
152.406
153.328
155.171
161.082
131.614
126.935
132.344
134.107
137.004
154.667
128.14
125.665
125.797
125.219
125.911
125.213
142.949
128.469
126.428
125.151
125.343
125.189
124.34
142.046
128.735
126.492
125.707
126.255
125.382
124.727
139.264
133.493
126.726
125.193
125.299
125.805
125.8
125.69
141.162
131.761
126.001
125.217
125.606
126.782
125.162
142.953
129.436
127.019
125.186
125.532
125.396
125.867
141.767
131.469
125.867
126.18
124.817
124.711
130.99
161.488
150.02
199.4
507.934
188.119
156.54
220.822
172.45
165.117
176.958
170.147
171.253
171.544
169.268
170.528
170.596
169.175
165.925
151.316
152.485
185.323
150.294
147.739
149.5
149.16
150.585
164.811
149.186
150.258
150.245
148.79
148.143
168.55
149.544
148.143
149.425
149.951
149.513
162.401
150.518
152.368
149.968
149.379
148.303
160.637
150.302
147.048
147.611
148.342
148.507
160.18
153.058
150.169
150.489
169.669
181.302
189.985
165.096
159.839
151.685
156.808
157.539
203.26
172.447
165.004
161.085
164.4
181.924
165.235
152.194
145.409
154.636
173.513
176.437
161.951
158.883
161.981
156.383
158.906
163.722
159.446
156.832
152.15
156.507
173.396
165.052
160.831
159.057
155.06
162.24
175.415
159.85
157.962
160.504
271.792
221.1
164.727
150.495
145.998
146.775
146.953
167.789
152.703
153.749
152.717
150.47
150.562
163.261
138.826
133.71
136.795
130.832
128.645
128.579
144.072
156.961
138.335
132.526
169.455
171.07
183.744
166.822
165.581
169.596
167.334
177.445
177.863
173.242
174.405
178.26
175.458
173.422
172.768
172.108
177.248
161.168
144.658
138.909
128.5
125.096
124.909
124.624
124.693
145.611
128.875
132.076
130.383
125.898
125.794
125.413
134.323
129.854
125.819
125.142
124.22
126.001
125.834
125.526
145.573
127.006
125.446
125.099
124.474
125.132
124.744
143.358
129.723
126.026
125.767
125.102
125.229
125.92
138.383
166.645
138.98
120.17
118.622
118.289
117.232
140.771
121.936
116.784
116.781
118.15
117.473
116.371
116.969
130.675
115.914
112.889
112.955
113.145
114.727
113.574
113.204
145.509
128.42
126.271
128.503
129.393
127.755
126.467
135.067
143.105
177.984
140.777
132.979
131.722
149.343
141.359
133.659
133.485
133.308
147.03
135.238
143.977
132.023
130.065
128.096
128.477
128.672
127.671
149.848
132.701
131.945
348.782
156.212
160.161
133.927
130.932
130.515
130.541
131.026
129.482
148.342
130.465
131.066
130.212
129.246
130.642
130.871
145.547
131.325
130.495
130.588
129.884
130.035
164.531
154.929
143.198
138.655
133.433
132.791
132.193
132.179
138.177
132.209
132.63
132.759
132.287
131.147
138.576
135.544
132.572
130.935
131.144
131.406
131.671
133.737
136.143
132.944
131.085
131.468
132.398
131.107
133.743
135.223
130.802
132.242
132.252
132.878
131.966
133.848
135.437
131.36
133.305
132.293
162.421
152.771
146.294
134.168
134.405
132.113
132.149
130.348
130.184
147.105
131.383
130.259
129.951
130.314
130.175
130.372
146.877
131.507
128.858
131.581
131.361
134.625
132.426
144.348
130.1
177.559
163.03
149.794
144.858
166.769
141.786
141.117
152.429
157.876
155.644
159.402
159.992
160.026
160.725
159
158.979
175.522
383.503
155.578
159.842
167.067
147.394
143.334
143.782
143.839
144.774
143.527
161.9
145.372
144.213
145.169
145.512
145.653
162.792
145.189
145.71
145.376
144.387
144.713
159.052
148.406
144.865
143.464
144.946
145.248
143.634
160.655
145.061
144.667
143.055
144.233
144.591
160.631
146.229
144.964
144.527
144.69
144.45
159.737
147.776
145.611
143.034
143.689
143.958
144.162
159.571
143.819
144.718
145.199
143.821
143.872
158.76
145.003
145.993
144.283
144.102
145.947
154.292
148.005
166.068
144.483
143.746
144.43
145.045
150.02
144.825
144.065
158.717
138.212
130.625
155.421
132.189
132.004
131.608
129.586
131.102
128.48
145.436
134.682
134.098
130.873
130.929
129.455
128.651
141.827
130.969
129.355
129.024
131.02
129.576
128.042
151.307
132.942
127.31
128.314
126.405
126.804
124.587
139.629
135.867
132.725
131.127
131.433
131.178
149.823
194.853
142.36
135.235
150.118
172.718
161.436
159.879
138.615
137.894
136.406
136.22
137.442
156.76
138.745
137.331
136.777
137.084
136.618
136.695
156.681
144.464
141.936
143.509
143.619
143.2
158.191
144.534
143.403
160.486
174.869
173.033
196.868
174.413
175.747
171.562
173.446
176.767
150.726
144.995
143.294
142.037
143.553
157.547
146.482
143.812
143.441
142.853
143.861
142.515
166.071
188.651
184.911
184.304
184.868
187.605
185.199
183.628
184.818
183.343
202.037
186.413
185.153
182.422
184.597
201.824
184.658
182.899
182.312
185.005
201.389
183.434
185.425
185.908
185.128
199.378
185.788
183.319
184.611
182.179
204.04
189.98
182.887
183.882
183.352
202.136
216.674
226.61
196.937
185.364
207.935
170.133
152.052
145.913
145.137
152.882
127.831
126.866
126.649
127.971
128.743
127.741
138.562
127.868
126.755
125.973
126.448
127.537
127.955
137.131
127.183
126.749
128.499
125.302
125.927
128.129
144.637
129.762
127.099
126.614
126.478
125.248
127.198
138.395
129.281
126.19
126.497
127.544
126.181
125.91
126.531
144.565
127.871
125.943
125.865
127.218
126.644
126.755
149.473
137.234
133.485
134.149
133.405
132.766
130.511
146.324
132.346
131.897
131.54
131.553
130.354
130.229
145.522
131.504
131.887
130.223
130.373
130.126
129.877
146.054
132.078
130.334
128.876
129.798
131.028
130.617
145.939
130.825
130.455
129.832
130.076
130.731
129.952
146.681
131.672
131.253
130.273
130.22
130.021
130.148
149.08
132.089
131.735
130.797
130.595
130.728
130.815
133.685
131.648
131.247
130.524
129.835
130.407
130.264
146.499
131.697
130.983
130.446
130.554
129.658
130.978
138.361
130.367
171.356
144.992
139.435
138.942
157.598
142.367
140.828
141.178
141.471
141.038
152.249
142.12
140.86
140.336
140.513
140.105
140.472
157.916
140.444
139.949
140.686
140.216
139.64
155.735
144.165
141.528
140.406
140.524
141.65
141.402
156.466
140.976
137.989
139.188
137.332
136.873
138.165
147.477
139.537
139.447
138.715
141.739
139.985
156.342
139.206
138.15
154.373
170.341
203.959
221.509
213.216
208.852
197.455
223.535
206.44
205.208
165.797
155.768
173.335
140.58
132.621
126.499
152.19
142.356
142.873
168.648
146.128
181.297
182.823
185.987
200.661
185.683
181.843
182.863
181.009
196.089
184.341
185.422
182.255
181.186
198.863
188.557
183.11
185.43
185.593
190.378
186.639
150.113
141.573
140.871
140.785
153.067
147.201
141.539
137.505
171.957
173.683
158.733
140.619
134.882
135.162
133.848
133.984
133.466
147.264
135.728
134.417
133.791
132.284
132.687
132.089
149.015
135.37
135.908
133.542
133.462
132.833
134.862
150.904
135.791
136.276
134.252
134.66
133.698
133.867
139.425
135.872
134.712
133.252
134.093
133.963
133.226
145.554
135.033
133.64
134.592
133.978
134.488
133.147
135.126
133.379
133.035
133.004
142.967
142.766
152.149
140.42
134.642
135.12
136.403
134.303
133.887
151.481
136.681
132.988
133.205
135.331
132.744
133.984
148.695
135.428
134.923
133.895
132.49
135.266
136.192
146.973
134.339
133.506
131.627
133.213
139.681
152.092
138.893
134.006
133.639
134.442
132.915
140.103
181.036
176.838
175.899
173.536
164.741
203.825
144.122
175.304
174.023
174.669
174.506
185.487
173.467
176.179
175.1
173.691
190.021
175.559
171.412
171.385
172.219
188.65
175.404
181.787
176.701
172.691
173.542
150.96
130.555
131.189
131.531
174.449
171.848
177.242
171.716
174.342
173.268
171.986
190.582
178.522
173.881
174.829
172.931
171.791
189.611
174.615
171.364
172.135
172.567
176.968
174.985
170.774
171.614
174.423
184.714
181.313
172.433
177.125
172.113
173.948
190.564
175.413
176.868
175.007
176.468
179.427
175.933
174.115
177.79
175.802
186.008
175.023
171.888
176.097
170.679
170.486
170.259
175.292
174.817
171.263
171
188.935
171.955
172.561
174.445
171.25
194.835
178.215
172.242
173.365
170.926
176.559
189.432
174.552
175.421
172.795
173.325
177.104
176.056
170.522
175.238
172.514
185.851
172.822
173.482
168.923
168.252
171.06
190.123
202.195
175.386
138.979
129.045
129.502
146.733
127.884
128.29
129.138
128.576
127.998
127.075
143.688
128.062
128.903
127.584
128.42
128.681
127.163
143.106
128.096
127.297
128.519
126.956
128.278
127.698
150.564
141.87
130.81
130.729
130.637
131.656
130.339
143.56
132.057
131.066
130.417
130.305
129.457
139.139
134.975
131.126
130.523
130.6
130.61
129.822
138.413
133.4
129.735
129.577
130.312
129.842
129.691
129.627
137.055
131.148
130.056
129.969
131.235
131.924
130.417
136.829
131.235
129.905
130.757
130.761
131.076
130.58
136.156
130.487
130.525
131.085
131.165
130.2
142.991
135.9
132.078
130.7
130.043
129.822
130.404
141.926
135.307
132.137
130.023
130.167
130.416
130.127
141.31
136.264
132.077
131.327
129.809
130.962
130.887
141.859
134.847
131.413
129.935
130.263
129.604
130.877
141.716
135.5
130.901
132.147
130.053
130.316
129.745
163.941
176.996
173.279
193.576
151.081
147.236
175.435
173.388
171.434
174.409
145.787
147.632
177.172
178.221
175.157
148.07
140.287
151.962
166.829
166.964
167.415
140.384
133.759
149.118
149.777
170.523
170.559
145.63
139.121
162.492
173.256
172.274
173.298
173.313
175.538
174.468
173.616
173.223
174.017
172.263
187.286
253.556
180.62
170.598
184.034
239.293
256.982
257.867
261.914
219.363
180.773
193.121
236.825
219.62
179.001
172.765
172.863
190.859
172.443
172.658
172.995
173.226
182.268
177.793
170.774
173.054
173.465
181.044
171.367
174.034
168.908
177.321
172.529
175.697
170.107
169.937
168.663
169.053
185.83
171.333
163.963
170.019
169.633
175.678
172.369
169.758
170.806
154.337
158.248
163.423
144.887
144.763
142.827
144.049
158.684
144.743
143.434
144.316
142.484
142.848
147.249
144.713
142.884
143.226
143.718
147.747
143.999
143.469
144.764
142.981
158.771
145.87
144.777
143.859
143.757
142.708
160.436
143.225
143.387
143.277
143.296
158.313
144.457
143.431
143.083
144.87
143.272
144.6
142.027
142.875
142.598
144.927
159.311
152.575
145.307
143.08
142.93
145.298
147.57
144.169
143.434
158.287
143.707
155.711
143.588
142.642
142.322
141.686
183.557
147.383
147.507
144.202
137.516
129.245
145.032
131.934
131.076
128.303
130.157
128.841
130.28
135.304
143.921
131.315
131.191
129.631
129.414
129.577
136.048
131.047
129.239
130.446
129.326
129.213
128.565
143.156
133.97
128.694
128.578
127.979
128.294
128.991
140.916
165.68
146.583
142.766
141.791
176.874
217.909
201.635
202.289
201.216
168.304
149.792
132.595
129.29
128.139
127.762
127.08
124.728
138.923
129.604
126.003
125.952
125.327
125.681
124.805
125.26
136.631
127.155
125.119
125.729
125.73
126.079
124.408
140.334
127.272
129.616
125.744
125.631
125.54
125.413
137.002
128.802
124.972
126.164
124.13
125.089
125.814
124.996
129.252
127.248
126.058
124.106
124.524
124.163
127.91
140.3
127.359
124.63
125.302
124.042
124.491
125.363
125.095
137.239
127.502
125.135
135.281
127.552
125.252
124.631
136.695
127.847
125.483
125.868
125.931
125.359
124.689
137.741
126.827
125.966
125.453
125.706
124.966
125.741
138.238
129.958
126.521
125.628
124.972
125.865
125.531
126.346
136.279
127.859
126.176
125.317
125.48
125.982
125.347
139.495
127.525
126.132
126.304
126.349
124.995
124.387
138.997
130.125
126.391
125.907
125.203
125.788
125.303
125.467
135.077
134.244
151.301
135.261
126.99
126.33
125.585
137.832
127.84
126.198
125.423
125.043
125.892
126.701
141.25
127.063
125.369
124.34
125.342
125.819
126.085
138.649
129.05
133.922
129.122
126.756
125.708
125.052
126.089
139.229
126.62
124.391
124.869
124.683
133.116
127.501
181.363
126.034
117.634
116.528
116.499
116.22
115.696
133.905
124.478
118.219
116.905
127.69
117.604
116.425
115.232
138.397
116.655
116.217
115.688
115.886
116.049
115.625
126.58
122.279
116.629
115.669
115.181
115.131
114.667
113.634
136.347
124.538
119.636
117.841
145.152
128.495
127.031
135.792
170.46
168.323
166.572
169.57
135.007
149.819
169.905
165.981
165.868
148.949
149.668
181.844
196.568
199.245
194.788
134.503
126.313
176.769
198.012
195.023
195.139
134.536
177.55
199
196.255
203.321
167.105
201
181.216
194.36
153.882
129.407
127.118
152.949
147.748
146.554
190.948
159.824
149.073
154.052
135.07
131.122
130.363
132.443
128.997
146.561
127.082
126.258
124.532
126.357
124.718
126.519
132.6
132.7
129.16
128.72
128.411
128.544
128.56
136.365
136.536
144.924
129.564
126.525
125.394
124.836
128.819
134.048
128.748
126.998
127.821
126.207
126.883
126.832
141.024
128.026
126.774
126.045
125.755
125.303
125.706
143.702
128.492
124.866
124.265
124.188
123.121
124.601
143.62
128.849
127.977
128.05
126.831
127.256
127.376
142.49
131.187
126.588
125.649
125.206
124.97
125.43
141.374
128.952
125.117
124.927
126.099
125.234
125.228
128.952
127.672
125.045
124.145
121.654
122.446
121.649
121.941
146.714
127.623
126.214
125.554
125.605
125.494
126.497
141.772
126.983
126.168
126.556
125.857
125.893
126.252
144.371
127.707
125.833
126.252
125.918
125.364
125.656
142.32
127.917
126.089
125.932
126.341
125.027
126.266
138.574
127.686
126.135
125.025
125.621
134.898
151.945
149.283
127.977
127.358
126.983
127.2
125.868
127.057
140.763
128.768
128.119
127.297
128.756
127.53
125.77
141.653
129.389
127.274
127.976
126.943
127.98
125.867
136.525
127.354
126.044
126.188
126.037
126.182
126.191
139.2
128.706
125.954
126.435
127.093
126.263
126.401
124.516
132.154
126.392
126.492
136.63
126.402
126.934
125.81
141.967
126.592
124.922
125.676
126.362
127.03
125.936
140.326
132.428
134.022
126.708
126.916
126.392
127.075
142.228
127.154
126.622
126.491
126.579
126.381
127.088
149.696
127.632
126.84
126.329
126.007
125.215
125.893
141.235
128.513
128.952
126.312
125.622
126.118
124.961
140.88
126.785
126.773
125.954
125.383
125.663
126.055
136.529
128.4
125.91
126.622
125.534
125.506
124.979
138.061
128.747
127.996
126.735
127.688
125.482
124.868
125.653
131.27
127.239
126.716
127.645
125.596
124.798
125.219
139.461
127.885
125.154
125.162
124.784
125.581
132.26
158.269
134.134
128.921
127.06
127.743
127.553
143.5
134.964
129.672
126.59
126.426
126.489
126.805
140.87
129.084
127.461
126.015
125.772
124.866
125.108
137.461
127.539
126.248
126.802
125.876
126.279
125.5
133.253
128.91
130.661
149.274
136.038
128.536
133.261
151.379
138.404
129.575
127.67
127.362
127.427
127.143
137.581
132.299
126.846
127.009
127.328
127.311
126.915
127.004
144.875
129.515
125.965
127.232
128.363
127.082
133.591
142.484
131.9
128.943
126.697
126.805
126.898
126.183
145.902
131.692
128.728
126.685
126.801
126.584
127.178
141.625
134.73
128.402
127.523
126.711
125.767
126.477
138.377
132.78
127.379
127.005
126.971
126.467
127.54
126.17
137.505
130.07
127.542
128.167
127.034
127.142
126.979
143.226
123.311
121.4
121.56
120.533
119.72
120.2
120.488
146.242
130.226
126.002
125.794
124.541
125.472
124.181
135.514
127.041
126.751
124.195
125.425
124.435
125.678
140.576
147.186
153.95
147.01
144.885
144.583
147.662
148.339
144.979
144.784
145.951
147.758
143.588
161.209
145.156
144.862
144.127
142.817
145.159
159.201
145.342
143.571
143.801
143.742
144.64
163.854
148.327
145.577
143.712
145.042
145.192
144.473
161.83
143.845
144.206
144.561
144.407
145.71
158.793
146.2
144.503
144.032
144.948
144.729
155.852
145.051
145.27
144.577
144.588
144.043
157.616
147.788
144.39
144.323
144.311
144.371
144.69
156.266
146.378
144.817
143.737
144.814
144.864
159.326
145.563
144.32
144.945
144.594
145.98
155.695
149.292
145.365
144.214
145.353
145.661
144.426
157.582
145.298
144.284
145.001
145.064
144.043
157.857
145.422
144.227
144.502
146.071
145.103
149.715
145.604
143.965
144.12
143.902
142.661
145.256
159.788
144.116
142.57
144.003
145.917
144.474
158.69
146.097
153.851
155.025
149.315
152.865
173.005
151.22
150.853
150.57
149.911
151.655
166.629
152.822
151.283
148.935
151.842
150.513
166.005
154.029
150.853
151.786
149.457
148.447
163.597
153.443
151.16
151.503
151.839
152.941
168.735
155.686
152.113
152.457
151.767
150.633
163.478
154.074
151.985
153.369
153.633
152.838
157.737
145.649
146.134
144.47
144.757
143.49
144.366
148.315
144.657
143.644
144.7
145.256
144.386
162.489
144.744
144.293
143.996
143.752
142.983
159.488
146.116
144.456
144.597
144.949
143.788
156.547
146.372
144.229
142.775
144.246
144.279
144.239
155.915
144.545
143.929
144.484
143.796
143.368
159.259
145.813
143.981
144.377
144.587
145.102
155.848
145.981
144.644
145.165
144.399
144.474
143.099
157.456
144.965
142.883
144.46
144.082
144.369
159.247
144.854
144.161
144.781
143.882
143.121
156.711
146.425
145.24
143.103
144.132
144.155
144.371
160.976
146.035
142.867
143.201
143.063
144.86
158.626
144.879
144.32
143.935
143.614
143.62
164.619
149.415
144.985
143.518
143.327
144.697
146.079
152.561
137.229
135.956
136.537
135.511
137.148
156.998
147.658
146.552
143.595
145.686
144.156
154.396
147.739
145.707
144.657
143.551
143.945
143.517
150.831
145.653
144.5
144.625
143.431
144.616
157.981
147.674
144.397
144.502
142.789
145.158
155.359
147.03
145.262
144.386
144.958
143.815
144.026
157.185
145.69
143.861
145.138
143.758
144.13
157.867
145.61
144.383
145.222
143.772
143.806
155.436
147.852
145.52
143.749
146.002
144.624
144.244
159.347
144.751
144.5
143.584
144.586
144.019
157.692
144.315
142.843
143.872
143.28
144.323
156.6
148.548
144.197
143.668
144.32
145.136
145.118
158.477
145.272
143.428
143.063
141.502
143.06
157.957
144.008
142.504
144.222
143.034
150.18
167.887
148.02
177.633
174.495
176.605
175.473
189.392
174.107
172.705
172.591
176.33
190.864
178.266
175.863
174.332
176.069
179.986
175.261
176.555
172.621
176.97
176.428
193.452
175.75
176.186
174.087
176.453
188.6
175.98
175.409
176.463
177.761
186.51
178.458
175.731
176.553
173.389
189.031
174.959
175.869
176.167
183.414
174.213
181.947
176.21
176.341
175.966
174.147
189.246
175.806
176.681
175.948
173.723
186.652
178.179
175.231
176.407
172.853
175.16
176.801
176.025
171.974
176.744
145.924
155.244
142.936
172.336
177.048
175.033
144.723
295.806
186.101
174.983
175.44
188.333
177.811
172.613
176.251
177.221
191.482
178.078
176.521
176.731
177.148
176.795
194.582
175.756
176.239
176.946
176.588
189.955
175.514
175.027
173.275
177.127
186.386
179.587
176.44
176.822
175.893
198.034
178.68
172.055
173.212
171.984
173.422
156.455
135.037
172.221
173.604
173.177
179.279
159.864
180.36
176.167
176.985
173.066
193.189
175.806
176.146
171.593
176.945
190.738
174.017
173.854
172.158
172.996
178.712
176.684
176.216
175.589
175.841
173.028
181.024
178.272
173.646
172.58
172.67
189.65
176.119
177.482
176.654
176.198
190.312
174.672
173.207
176.674
175.701
177.951
177.977
176.627
173.851
172.425
176.53
180.246
175.261
174.171
176.637
176.571
192.765
175.969
176.499
176.466
176.825
196.25
178.354
174.769
178.832
176.745
190.451
178.003
176.197
176.531
176.29
190.445
177.659
176.691
172.545
178.676
176.66
179.175
175.481
173.022
173.81
176.46
185.133
175.103
176.966
176.177
176.882
189.842
174.504
175.632
177.433
174.173
178.111
176.158
173.114
173.081
175.978
173.86
188.517
176.022
176.315
172.678
173.89
193.292
175.435
176.578
178.78
185.346
166.289
180.023
174.579
176.584
177.053
176.425
178.296
175.283
176.401
176.766
176.38
193.834
185.126
176.039
176.242
176.634
200.273
174.88
176.276
176.487
176.741
168.705
177.61
175.294
176.323
176.393
186.2
180.303
175.437
176.056
175.921
176.218
192.52
175.472
176.192
176.537
176.734
190.752
175.418
176.729
175.75
175.584
182.983
178.949
177.839
176.162
172.95
187.825
177.786
176.403
176.845
176.103
176.688
193.232
176.523
176.224
175.511
173.281
190.672
174.374
174.558
176.848
175.825
187.084
177.787
173.376
176.55
176.55
189.002
179.053
175.608
176.551
175.951
175.752
192.163
175.788
174.97
176.676
176.526
190.904
174.462
176.58
172.523
176.838
180.059
176.768
175.641
178.174
176.691
188.862
179.294
175.253
176.801
177.025
177.051
188.929
175.656
176.447
174.868
176.41
190.543
173.894
176.667
175.766
177.054
179.584
176.892
176.483
176.819
174.304
176.128
183.845
173.5
176.751
174.017
177.078
195.507
178.699
174.685
177.067
174.432
189.335
175.672
176.269
176.45
178.158
190.712
178.074
175.717
175.53
176.02
193.028
177.776
177.751
176.841
177.395
178.866
181.04
175.801
176.4
176.514
174.11
181.976
175.485
176.658
172.608
176.402
191.769
177.517
176.637
175.664
176.51
176.777
176.494
176.393
176.741
175.578
173.048
189.493
175.467
175.668
176.1
172.616
215.274
174.713
172.982
176.795
175.98
189.897
178.358
177.115
176.579
176.276
175.431
177.767
176.495
175.91
176.614
172.6
187.518
168.398
169.736
168.119
168.628
192.032
174.105
173.169
172.802
173.211
185.773
175.114
172.082
173.364
171.457
173.436
189.496
173.687
172.64
172.952
175.942
190.474
173.834
173.111
172.592
172.13
179.599
172.255
174.396
172.627
172.738
172.247
189.499
174.717
170.589
172.66
173.143
186.668
173.927
172.461
172.894
171.956
184.363
175.815
171.993
173.916
172.614
172.468
189.315
175.277
171.702
171.998
172.431
186.309
175.247
171.975
173.93
173.012
183.067
172.456
173.322
172.61
185.947
172.531
189.981
175.831
172.616
170.619
172.251
186.041
174.228
172.377
172.898
173.743
175.261
172.667
176.224
174.87
174.097
172.816
189.464
175.284
172.621
171.996
172.935
186.552
174.038
172.453
173.097
173.455
175.368
172.968
172.624
172.338
172.209
170.178
185.52
171.711
172.517
172.974
175.208
186.63
174.615
172.642
172.181
173.036
180.876
173.572
172.083
171.882
172.852
172.203
206.231
186.843
180.817
183.007
182.122
198.967
185.162
149.458
141.177
141.88
140.317
157.169
140.476
141.716
138.845
138.966
138.976
144.561
140.176
138.29
137.826
137.336
137.773
138.261
142.672
142.224
139.421
138.736
140.554
136.864
138.643
168.955
146.802
142.218
141.232
141.689
142.371
156.966
142.264
141.39
142.286
140.233
140.772
163.511
147.317
142.336
141.619
141.82
142.045
142.235
158.278
142.563
140.937
141.081
141.175
141.145
157.319
142.736
142.597
141.713
142.411
142.228
141.724
145.339
143.565
141.049
141.806
141.412
142.068
157.542
141.843
142.648
141.784
141.271
142.105
159.836
145.837
142.321
142.828
140.934
142.02
141.673
157.63
141.95
143.138
141.566
141.71
142.057
156.42
143.803
141.984
142.395
141.639
141.667
141.948
145.12
141.773
142.742
141.691
141.749
142.355
157.022
142.736
142.324
143.413
142.555
141.459
146.134
144.516
142.42
141.794
142.405
142.318
141.072
154.919
141.39
143.318
141.917
142.131
141.88
155.939
142.796
142.098
141.543
142.646
143.533
142.195
160.604
142.511
142.21
141.172
142.973
142.178
149.352
141.714
140.985
141.924
141.118
142.26
159.116
148.086
144.387
141.797
142.302
143.196
141.777
154.044
142.225
142.782
141.499
141.8
142.659
157.596
142.91
141.593
140.823
142.03
141.478
163.822
145.797
143.283
141.596
141.241
142.585
143.682
157.887
143.004
142.033
142.077
141.931
142.221
157.951
144.192
141.606
141.108
142.474
142.191
151.848
145.664
142.441
142.556
141.81
140.5
143.022
189.782
175.749
171.999
172.904
172.968
191.013
177.968
172.156
172.45
172.688
182.747
176.432
176.781
172.981
172.826
171.709
186.669
176.269
176.964
176.26
176.302
190.097
176.212
176.841
176.637
176.516
178.334
179.181
177.022
177.332
177.293
177.155
181.389
176.056
176.687
175.908
176.879
188.847
173.731
175.568
176.634
172.194
187.163
173.876
184.416
175.341
175.768
175.861
177.092
174.489
176.417
173.539
175.809
184.537
179.184
176.744
176.423
173.523
189.335
175.345
175.124
176.855
177.199
186.462
175.988
176.515
173.259
172.841
186.037
177.547
175.644
174.573
176.607
176.676
187.076
169.055
168.85
169.452
164.781
230.831
183.815
154.213
151.275
152.365
167.326
152.208
135.432
129.104
128.215
129.14
129.2
148.021
131.521
129.472
127.898
128.102
129.345
129.332
151.214
156.837
142.562
138.754
145.629
140.48
145.051
146.386
184.075
179.621
180.1
182.505
182.462
184.093
181.247
182.503
145.389
155.5
186.633
182.91
183.903
181.031
145.938
178.686
183.532
179.668
181.286
146.455
151.229
184.949
182.805
182.929
180.584
145.469
156.053
182.995
182.489
181.451
146.131
152.353
187.518
182.489
183.893
148.654
139.674
182.628
185.74
182.901
183.199
146.905
154.438
185.783
183.851
180.321
146.629
138.071
154.17
182.702
195.07
184.227
147.063
139.117
186.505
182.529
187.551
146.936
140.92
152.029
184.841
182.475
181.777
146.808
139.313
199.027
149.45
139.351
141.289
140.047
140.511
156.363
187.993
180.266
181.773
145.385
146.466
186.872
180.485
183.625
149.079
138.609
154.432
189.385
186.604
150.408
142.678
141.337
158.862
146.536
142.593
142.107
141.851
142.188
145.553
142.158
139.437
138.8
138.499
138.017
139.601
161.496
143.946
140.708
139.778
140.125
139.445
156.089
145.237
143.505
141.509
140.898
140.363
140.149
146.347
142.171
139.728
139.896
139.641
141.797
151.638
145.69
142.559
141.443
139.94
141.108
139.698
154.603
142.061
140.854
139.662
139.283
138.499
151.689
145.978
141.984
140.944
142.185
139.353
139.186
153.707
143.274
141.268
141.141
140.203
140.045
149.936
144.359
142.769
141.108
142.148
139.889
139.29
152.189
144.303
141.59
139.717
141.458
139.154
150.027
144.218
141.15
140.544
141.379
140.945
140.207
157.165
144.801
141.486
140.404
141.022
141.699
151.985
146.233
140.45
139.848
140.293
140.474
139.493
153.007
142.372
140.694
139.478
138.85
139.133
150.147
143.544
138.949
139.99
141.132
139.087
141.008
157.71
140.733
139.194
138.973
139.475
140.342
138.929
159.569
141.089
139.671
139.627
141.105
139.433
157.752
141.965
141.43
139.698
140.193
139.144
140.313
158.177
140.787
138.745
138.747
139.559
138.826
151.638
143.064
140.212
140.447
140.099
140.195
139.315
151.494
141.694
139.214
140.396
141.112
140.52
154.299
146.982
142.682
140.086
140.691
139.903
140.817
144.19
142.902
139.774
140.644
140.51
139.62
148.613
145.667
140.498
142.124
139.715
139.271
139.1
154.031
141.175
141.854
140.861
139.828
141.189
150.937
143.296
141.153
140.594
139.948
139.19
140.304
157.699
141.76
140.029
140.546
140.796
140.323
139.667
148.257
170.875
142.054
140.056
140.504
140.576
153.83
187.779
147.812
141.306
140.357
138.952
153.389
140.847
141.71
138.76
139.782
139.508
139.454
158.897
141.313
141.028
140.932
141.045
140.056
156.995
141.566
140.768
140.995
141.186
140.319
140.263
157.319
141.944
140.246
139.163
139.687
140.75
154.489
142.165
140.253
140.273
140.576
139.421
139.824
155.604
142.263
140.591
141.332
140.643
141.154
150.799
143.037
142.002
142.031
140.922
141.31
141.262
158.08
141.9
139.775
140.597
140.571
138.421
151.183
141.395
139.498
139.622
139.299
139.27
139.176
145.369
140.651
139.36
138.719
139.416
139.103
149.289
143.475
141.087
140.605
140.464
140.237
140.091
153.575
164.113
161.563
145.629
143.388
143.866
158.222
143.138
142.137
143.421
141.596
141.255
154.886
145.703
143.174
142.442
140.664
140.015
142.017
158.783
143.889
144.537
142.955
142.357
171.575
164.499
145.889
144.659
145.742
150.404
144.51
157.303
148.887
150.469
145.805
144.243
142.972
151.187
150.241
144.55
143.718
148.142
147.203
144.311
167.504
166.686
153.355
150.429
150.835
147.836
180.711
175.427
175.35
173.422
175.969
190.272
216.058
216.594
200.439
227.945
183.196
196.564
201.58
178.405
187.207
212.25
199.601
214.095
201.721
239.822
201.436
188.742
179.345
191.635
212.537
200.979
214.452
199.794
214.182
210.397
200.13
215.486
187.121
159.407
175.142
192.214
208.494
227.526
216.636
215.274
185.689
195.147
241.552
213.885
198.261
207.476
223.625
234.568
233.247
233.578
246.626
236.503
232.549
232.769
200.072
202.825
197.796
198.846
142.039
210.174
257.605
231.536
232.99
209.546
232.185
233.282
238.38
258.926
233.065
233.015
165.59
244.03
233.153
234.088
148.174
186.466
200.471
201.246
196.905
142.034
180.891
175.077
198.413
234.152
142.426
141.702
162.679
129.683
128.564
136.735
145.622
132.372
150.846
180.223
180.005
178.282
177.139
199.021
147.57
134.083
131.662
132.116
131.899
131.769
144.561
133.617
131.999
130.736
130.395
130.645
129.845
142.659
128.552
126.632
126.823
126.772
124.988
125.163
142.733
135.191
132.127
131.099
131.481
132.426
131.779
146.111
135.848
132.838
132.249
131.156
131.261
130.673
145.635
134.462
131.725
132.281
132.16
131.081
130.008
144.287
129.258
127.127
126.802
127.084
125.8
126.693
144.224
135.789
150.093
150.489
132.693
130.068
129.051
152.739
184.471
203.588
204.758
203.064
182.282
140.007
132.102
130.501
130.206
130.717
145.698
167.414
199.09
174.905
138.047
129.545
177.295
204.263
198.894
198.196
201.196
213.289
197.957
201.43
202.229
142.778
219.229
198.296
193.322
193.89
138.838
186.723
205.878
199.909
199.931
205.559
202.354
198.582
251.959
199.004
206.035
201.876
200.266
198.164
199.578
185.001
199.765
203.057
200.504
215.488
203.681
200.2
201.433
201.442
215.054
200.988
200.347
201.536
201.677
190.502
199.923
201.22
201.612
200.44
203.241
201.905
197.414
200.009
211.227
200.447
201.436
199.681
202.171
153.359
181.335
193.631
193.323
193.28
185.812
210.312
200.056
201.617
202.02
206.065
204.694
202.89
200.745
202.819
203.989
200.192
200.483
200.504
220.289
195.38
198.98
192.868
151.234
156.013
198.565
202.839
203.057
202.865
206.174
201.893
208.992
202.72
211.106
202.549
202.703
202.023
202.566
217.356
203.153
200.002
201.813
203.027
205.273
202.071
200.212
201.773
205.484
205.266
198.981
200.796
201.728
220.344
198.913
200.013
200.54
207.322
211.627
199.611
199.785
203.293
205.771
203.311
200.384
200.095
203.382
215.404
199.2
200.12
202.896
205.412
213.693
199.614
202.965
197.646
217.783
203.103
202.866
201.36
199.17
217.166
203.36
199.195
200.383
200.34
206.844
202.633
200.675
200.393
213.022
205.79
199.893
200.742
203.151
205.876
206.128
203.722
202.916
200.266
201.884
207.194
200.38
200.151
216.125
208.11
203.003
200.567
200.192
216.219
201.253
200.324
203.527
201.707
201.066
205.15
203.111
200.39
217.19
203.545
207.036
204.387
203.1
206.959
199.888
201.586
203.488
208.925
201.95
204.158
197.689
201.65
203.47
199.491
202.287
199.414
213.328
204.748
200.341
202.155
205.76
215.826
203.337
200.58
206.325
202.946
209.436
202.607
201.971
203.801
201.102
201.198
201.206
205.253
207.314
217.704
203.148
203.284
201.005
198.027
214.649
201.891
199.766
199.966
211.299
205.136
204.486
202.278
209.509
207.792
199.331
203.318
201.939
215.505
201.159
200.771
203.264
197.339
217.731
203.083
202.702
201.58
202.886
210.095
203.825
202.883
199.839
201.088
200.854
197.723
205.009
203.266
215.117
204.337
202.586
200.129
200.553
214.119
201.837
204.046
203.173
197.623
204.703
202.916
204.152
202.389
218.014
200.382
200.363
203.057
204.725
189.045
201.479
202.934
205.897
211.678
199.06
200.834
201.77
203.228
208.992
175.854
167.121
204.272
205.24
178.538
139.347
201.451
175.528
199.445
212.252
169.665
135.975
126.607
125.269
125.56
124.571
142.109
126.315
125.559
126.606
125.83
125.884
126.034
150.892
128.455
127.772
125.634
125.844
125.827
125.162
140.251
126.669
126.125
125.556
124.838
125.466
125.913
138.18
131.416
126.94
125.734
126.973
125.025
125.039
125.523
130.629
126.483
126.816
125.61
124.381
124.753
125.723
147.989
132.092
129.366
128.985
127.464
126.617
127.3
143.459
129.165
128.447
127.755
127.25
127.368
127.527
138.179
130.063
128.164
127.565
128.076
128.312
127.32
139.878
128.581
127.842
128.038
127.622
126.813
128.309
137.669
129.3
128.726
127.731
127.584
128.978
126.876
146.29
131.788
128.129
128.263
127.435
127.989
127.193
141.824
129.719
128.009
129.707
128.008
126.993
128.961
137.707
130.562
129.044
127.213
128.744
128.216
127.752
127.183
132.264
127.233
127.412
128.471
127.111
126.582
128.838
143.057
127.166
126.952
126.84
127.801
127.638
127.201
134.877
128.858
127.282
126.555
128.043
127.648
126.816
142.42
128.94
127.497
126.665
126.984
126.886
128.28
139.544
129.228
128.39
127.737
127.097
127.292
127.316
137.006
130.928
127.547
126.7
127.323
127.535
127.268
141.081
129.834
127.849
127.034
127.969
126.623
127.629
126.171
131.277
128.814
127.048
127.15
128.214
127.334
127.317
143.856
127.752
127.713
128.644
127.595
126.899
128.023
143.464
128.934
127.131
127.804
127.638
127.406
126.545
144.568
128.522
128.396
126.329
127.953
126.659
125.994
140.002
128.865
127.825
127.195
125.529
126.843
128.089
136.327
129.717
128.275
125.262
124.991
126.258
125.693
135.972
127.815
126.567
125.559
125.993
125.449
124.855
126.906
132.01
126.97
127.231
126.537
125.369
125.526
125.523
143.285
126.42
123.858
124.323
125.442
123.221
122.194
139.551
128.922
126.692
126.518
126.495
126.536
125.881
136.881
128.146
127.599
125.7
125.273
127.755
125.499
143.31
129.683
126.922
126.9
127.018
126.455
126.227
136.158
128.309
125.879
126.873
126.131
125.938
126.227
126.022
139.755
127.708
126.492
126.282
126.101
126.405
126.218
137.125
126.432
126.281
126.531
125.933
125.283
127.056
146.215
130.89
126.997
125.951
125.86
125.795
125.253
137.064
128.865
127.147
125.679
126.364
126.355
133.079
145.473
140.632
128.621
126.284
124.059
124.878
124.694
137.009
129.035
127.394
125.617
123.733
126.15
126.179
125.071
145.235
126.023
125.763
125.545
125.333
126.571
125.912
142.375
118.917
116.454
115.418
115.268
116.781
115.701
126.158
120.165
118.023
117.452
118.074
117.222
116.527
116.534
127.367
120.613
117.881
117.516
116.874
118.024
116.931
116.752
143.538
147.755
146.625
152.865
159.057
160.453
165.31
155.512
145.936
121.108
118.506
117.887
133.71
147.442
121.018
119.277
118.989
118.178
118.639
117.649
136.04
126.501
118.639
118.79
117.926
117.193
117.7
118.715
131.704
119.891
121.55
122.732
119.013
119.457
117.971
127.141
122.789
118.647
116.895
118.696
116.861
116.156
117.58
130.94
125.74
119.235
116.611
116.998
117.854
117.152
116.149
133.196
119.568
116.493
116.801
116.313
116.412
117.039
116.44
135.57
117.346
116.188
115.668
116.409
115.883
116.008
126.047
122.158
115.674
116.363
116.043
115.899
116.342
115.89
129.455
124.85
116.557
115.788
116.494
115.856
116.931
117.957
136.314
119.575
116.254
113.823
115.087
132.718
143.367
164.51
133.563
127.835
129.993
129.286
127.044
127.177
143.348
123.329
121.085
123.09
124.473
122.18
123.27
138.752
138.987
129.431
126.66
125.694
127.399
127.147
138.459
130.717
126.457
124.368
127.017
126.952
124.631
125.77
143.94
126.633
127.5
126.47
124.961
127.736
127.511
138.242
128.45
127.074
125.68
126.017
126.617
124.293
147.394
127.554
128.375
126.038
126.546
125.749
127.111
139.066
128.507
126.506
126.913
124.51
127.027
126.134
139.493
128.621
126.432
125.74
125.502
126.618
124.973
137.325
127.917
127.352
127.367
126.726
126.392
125.145
139.943
127.725
126.6
127.421
127.317
125.737
127.05
127.174
130.109
125.872
124.699
125.433
125.89
126.177
126.7
139.31
138.919
147.949
136.519
132.41
132.059
157.069
140.226
133.217
130.389
132.534
159.371
141.418
148.952
163.779
171.311
171.11
258.323
267.425
217.627
225.375
180.447
197.259
263.319
256.774
218.902
232.989
233.727
257.292
273.737
218.651
225.704
219.11
269.029
256.23
256.206
223.915
194.949
191.599
257.829
256.634
259.692
257.512
231.504
198.407
219.832
180.66
193.503
221.541
186.022
175.127
258.381
258.729
219.11
224.709
181.385
193.427
263.49
256.591
218.71
225.906
181.888
191.957
256.035
264.484
218.886
218.414
180.526
191.58
256.726
256.538
218.588
239.998
181.189
191.494
233.069
255.949
220.842
177.681
259.144
259.392
220.66
177.83
172.316
173.889
174.488
145.835
145.758
171.368
169.05
142.175
149.646
133.309
126.121
124.613
123.989
124.978
124.349
137.804
130.367
126.087
125.278
123.834
124.172
126.361
125.178
140.238
127.514
125.128
124.911
125.036
125.181
124.309
139.714
126.983
125.516
125.583
124.74
124.933
124.88
140.072
133.145
126.996
125.142
124.5
125.321
124.346
124.409
144.045
126.111
124.172
124.052
124.111
124.199
124.717
137.293
127.186
124.529
124.927
124.559
125.06
124.813
139.333
130.398
125.176
123.861
125.852
123.928
124.042
124.83
149.173
128.735
127.474
127.082
126.439
125.93
126.231
131.815
129.62
127.71
126.497
126.257
125.719
126.38
140.933
128.583
125.826
126.896
143.799
152.814
146.981
154.279
138.419
136.909
135.632
137.74
137.409
155.358
149.593
143.394
143.467
142.579
143.128
142.213
158.528
143.975
143.033
142.646
142.63
142.687
156.026
144.062
142.75
143.575
142.306
143.424
154.212
146.7
142.669
143.581
142.098
142.813
143.695
164.223
144.215
184.848
184.504
185.544
199.495
185.963
186.034
185.452
185.65
195.896
187.454
184.838
184.221
183.451
196.978
183.361
184.38
184.637
182.465
197.527
188.336
183.594
186.7
182.053
185.069
184.687
184.973
185.494
185.96
202.356
192.105
185.722
184.215
185.49
196.277
184.426
185.917
185.232
182.899
199.702
185.144
183.602
184.162
183.041
195.304
185.428
186.606
184.521
185.881
197.666
185.072
182.82
184.043
180.912
194.478
187.495
190.345
184.614
188.095
195.608
155.538
141.967
141.496
142.758
142.3
142.131
157.559
142.967
141.491
139.734
139.867
139.861
143.16
142.176
140.314
139.383
140.798
140.131
139.009
160.135
142.481
141.783
140.183
140.483
140.43
150.913
144.086
141.396
141.94
140.624
140.633
139.554
156.991
142.393
141.466
141.156
141.663
140.808
152.317
143.544
142.394
138.886
140.431
140.473
140.043
157.857
143.25
141.884
139.345
139.98
139.935
151.101
143.291
140.584
140.344
138.856
139.232
140.671
156.824
143.521
139.057
139.454
138.877
139.71
142.482
142.973
140.824
138.709
137.704
139.668
139.397
156.855
140.383
139.081
140.129
139.608
138.417
139.942
148.63
141.175
138.702
140.165
139.22
140.173
151.391
140.969
140.985
140.829
139.506
138.7
139.207
157.184
142.369
141.202
140.016
139.686
140.164
150.495
141.517
141.615
140.775
139.915
140.089
139.367
155.703
140.865
141.689
138.408
138.842
139.551
158.363
139.25
131.611
130.529
128.696
129.76
130.156
143.173
163.681
199.705
199.728
203.428
213.917
199.525
199.589
202.446
200.586
214.381
198.799
202.375
200.941
202.324
197.938
199.769
207.431
202.188
220.778
203.42
202.89
199.046
200.397
201.587
178.164
203.942
202.188
212.3
206.576
206.164
199.716
203.581
204.396
207.511
202.095
199.842
212.409
201.539
199.779
199.462
199.699
216.165
201.183
200.949
199.341
202.031
204.673
201.576
201.412
202.766
202.597
196.456
199.762
197.153
202.571
212.49
202.659
202.21
202.188
198.636
204.434
181.267
198.687
174.826
143.346
181.981
201.724
195.268
200.287
171.17
155.206
159.348
200.173
195.515
170.475
163.318
197.756
199.602
201.012
171.535
150.54
205.863
199.584
198.829
172.137
151.746
188.099
199.952
199.741
175.169
136.453
201.398
198.416
195.843
195.903
188.237
172.857
194.856
200.273
171.755
137.241
142.946
132.606
129.737
131.361
132.272
130.592
131.235
144.76
129.115
127.755
128.224
128.29
127.745
127.4
154.016
170.732
151.84
168.334
168.036
182.112
154.365
146.065
142.128
143.141
142.011
141.076
157.001
142.673
142.3
142.197
142.213
140.591
177.746
173.761
171.377
171.782
186.739
174.264
176.32
171.054
171.782
172.019
171.107
189.797
174.862
171.802
171.653
175.227
189.436
173.052
171.377
171.802
172.57
182.94
173.578
174.949
170.926
172.417
172.648
187.836
174.228
172.063
171.986
172.459
172.805
172.735
175.116
171.587
172.383
172.257
188.296
174.472
174.504
171.491
171.869
185.395
171.725
171.626
171.599
171.549
183.628
176.007
173.51
172.347
171.966
176.36
189.617
176.786
172.103
176.218
171.971
184.825
173.605
173.553
171.494
171.687
182.983
172.434
175.437
171.024
172.224
171.564
188.32
175.03
173.223
171.776
175.906
189.373
173.422
171.858
172.276
171.833
183.024
171.494
172.49
174.372
174.155
171.678
184.823
175.467
171.548
173.332
174.976
185.46
173.225
171.688
173.807
171.267
182.071
173.115
171.127
172.841
173.335
171.455
212.628
173.818
176.029
174.007
171.201
190.047
174.341
174.931
172.769
173.526
178.56
173.145
175.774
175.247
174.389
176.13
192.398
171.888
176.094
172.281
173.861
180.988
174.793
176.264
175.643
174.365
177.361
177.118
176.588
175.899
145.265
142.292
184.764
174.376
171.467
172.955
171.208
179.011
176.965
176.422
175.477
176.393
174.362
179.251
174.982
176.26
175.735
174.058
188.841
172.542
171.602
172.215
172.383
164.832
174.539
175.885
175.672
175.982
178.712
177.271
179.698
174.682
176.056
176.307
189.683
174.729
176.204
175.464
175.659
187.608
178.492
175.135
175.557
176.488
177.846
180.042
174.779
176.63
174.977
175.127
178.675
176.212
175.852
175.457
175.63
218.836
178.386
176.583
176.001
175.451
192.18
176.693
176.447
175.464
175.698
188.89
176.026
175.881
147.698
142.703
172.13
186.769
176.056
175.741
146.168
152.724
178.38
174.866
173.346
176.38
176.237
176.089
192.664
176.461
175.905
176.119
175.839
188.452
175.424
176.233
175.943
176.276
189.275
178.279
177.894
176.414
176.136
188.123
177.884
175.939
177.273
176.463
176.583
183.121
176.296
177.972
176.369
176.585
192.61
179.105
177.325
176.216
175.755
192.577
178.844
175.8
176.613
176.607
190.144
177.596
176.643
176.841
176.124
189.136
178.84
176.206
177.42
176.252
175.465
179.705
178.814
175.779
176.384
176.039
192.233
179.261
176.396
177.112
176.332
192.81
178.777
175.247
177.972
176.219
189.976
178.222
175.896
179.304
177.343
178.89
176.553
176.627
179.655
176.702
176.267
219.445
179.103
176.708
175.128
176.477
193.275
178.255
177.332
175.668
178.079
193.497
178.326
177.102
176.162
178.254
189.063
177.807
176.224
176.347
179.771
179.096
176.083
175.77
175.737
175.922
173.332
193.157
175.652
177.004
179.436
147.975
158.162
173.71
171.514
171.902
171.649
144.231
202.486
178.221
173.628
178.261
178.75
192.436
175.164
174.174
173.362
139.394
130.917
148.607
130.91
131.234
130.747
130.805
130.177
130.451
138.672
130.992
129.71
130.208
129.762
129.479
129.409
136.864
