463.3
319.928
251.363
178.59
200.224
182.22
166.537
202.744
168.936
160.951
161.868
209.537
172.181
166.439
250.63
273.785
233.326
229.053
266.273
224.349
206.097
203.279
199.808
201.675
203.092
175.619
189.005
200.716
213.964
176.485
162.404
157.872
212.159
206.782
185.481
181.538
188.575
184.753
204.965
189.258
181.623
183.456
193.649
203.281
299.092
269.846
307.192
216.076
199.451
184.883
183.555
197.049
185.565
207.603
281.249
297.202
292.279
266.119
261.062
310.082
228.179
251.971
278.375
259.173
252.25
253.877
293.008
252.459
204.78
253.197
258.708
250.755
254.622
281.353
256.048
248.723
202.147
270.675
257.673
247.456
250.313
278.495
248.346
235.428
198.193
194.972
183.185
182.996
182.255
179.727
206.049
182.742
180.59
182.193
181.008
195.227
180.367
179.544
181.663
181.846
184.222
182.689
180.657
179.601
184.549
198.414
182.325
177.234
181.964
182.033
202.828
183.727
183.426
181.538
178.809
197.355
181.453
181.709
180.887
181.375
188.116
186.575
183.521
181.244
180.73
199.459
182.187
179.892
179.051
181.35
191.313
185.168
179.113
183.717
181.272
178.27
192.912
178.491
180.805
179.236
182.05
203.438
208.202
185.994
186.909
188.072
203.564
188.786
190.644
189.952
197.24
189.785
192.205
211.464
200.761
224.153
199.45
197.913
196.56
194.592
210.731
196.974
196.655
193.867
194.012
204.153
195.31
196.397
213.446
220.097
194.027
199.059
215.031
180.824
194.989
180.954
180.143
177.395
179.401
189.526
181.126
174.756
182.835
186.815
198.251
184.08
183.334
186.186
184.176
207.368
179.265
178.897
180.077
179.255
194.6
180.48
180.627
185.265
184.997
187.687
183.89
183.918
172.847
173.669
160.399
164.705
156.528
156.461
156.44
157.379
158.934
160.007
158.105
157.583
156.972
156.009
167.424
157.063
157.283
158.115
163.042
158.284
172.488
158.249
158.473
157.071
157.978
157.294
178.195
184.121
169.721
166.145
166.454
179.207
166.042
166.653
165.153
195.782
209.156
197.957
206.598
205.945
203.704
221.496
206.876
193.806
205.927
206.901
227.241
205.497
205.487
205.286
224.851
203.747
194.923
192.974
194.673
212.278
195.93
195.605
193.5
218.583
210.051
205.399
203.918
205.259
220.434
203.168
193.857
193.45
192.574
212.711
206.443
206.037
204.831
211.174
196.979
191.695
204.477
204.795
183.274
164.212
162.592
163.5
162.717
163.043
175.96
164.884
164.167
164.643
163.701
175.036
166.799
209.964
211.589
190.621
186.682
165.711
162.795
160.962
161.115
160.404
177.207
162.2
161.583
162.245
167.006
170.654
178.747
161.048
160.934
161.884
161.4
159.651
183.65
161.899
161.147
161.126
160.634
173.478
164.125
160.751
162.706
160.775
161.494
176.233
202.315
166.101
160.55
160.805
213.68
183.374
182.435
181.389
185
200.14
180.879
178.53
185.509
179.884
197.867
180.133
185.816
209.721
199.805
202.486
167.752
161.121
159.836
212.996
233.145
195.276
163.928
163.049
164.302
162.255
176.508
159.4
158.361
159.461
158.809
169.86
159.674
156.968
157.733
158.24
157.795
170.141
160.657
157.862
158.06
157.229
166.295
170.999
161.809
159.955
236.112
180.085
179.526
161.789
160.194
160.756
159.353
159.934
175.911
160.794
160.951
185.088
169.776
161.08
169.85
163.129
160.545
162.875
159.885
171.48
161.832
159.044
160.68
158.925
160.466
174.795
159.008
159.752
160.367
161.054
160.497
169.366
160.051
158.719
160.932
159.583
160.93
174.983
159.488
159.829
159.963
159.386
173.868
164.082
160.232
158.917
158.671
160.352
172.145
160.925
160.643
158.418
160.37
159.2
178.247
161.352
159.383
160.757
159.882
160.283
173.348
160.452
158.353
159.287
161.267
168.564
162.03
159.886
159.67
160.58
159.881
171.026
161.212
159.447
160.229
159.32
159.591
175.407
183.284
161.017
159.91
159.176
159.438
174.196
161.203
160.579
159.86
158.358
168.811
164.222
159.474
160.045
158.932
158.671
168.827
181.993
159.721
159.925
158.888
159.076
164.918
160.238
160.274
159.308
172.88
166.084
191.36
185.927
197.634
210.294
212.481
206.609
208.433
206.243
207.981
213.502
208.948
207.718
206.639
209.049
209.571
194.02
198.425
195.431
215.314
198.037
206.896
194.486
198.177
208.644
194.631
194.806
194.318
194.492
208.921
206.194
206.148
197.249
224.638
197.193
195.523
206.288
206.251
222.224
205.292
204.372
202.419
253.075
218.76
209.24
208.968
224.905
232.718
227.565
227.127
201.96
221.753
179.415
179.571
178.071
187.051
163.515
162.031
163.437
164.056
161.04
165.644
163.063
160.994
162.819
163.084
161.205
173.971
160.828
162.756
163.491
161.496
160.386
182.321
161.846
163.177
163.725
161
161.007
176.69
161.569
163.433
163.685
162.582
172.846
163.708
162.742
162.88
161.069
160.481
173.466
161.734
161.083
163.388
162.772
161.108
178.079
162.606
163.777
163.12
161.417
161.126
175.625
162.91
163.114
159.845
160.819
175.591
164.413
163.304
160.939
161.018
161.393
172.651
164.55
163.019
160.23
161.422
160.729
175.769
163.41
163.114
160.855
159.995
160.983
176.574
163.681
163.265
160.583
161.235
174.883
164.113
162.672
163.073
161.577
159.882
176.768
166.035
163.548
162.449
160.347
160.985
175.716
163.562
162.856
161.77
160.621
160.748
177.593
163.037
162.723
160.59
161.171
175.858
166.546
161.824
160.78
161.614
163.695
174.396
163.334
161.188
160.871
162.699
161.366
172.574
162.424
164.73
162.272
161.238
160.937
176.828
162.382
162.532
163.553
160.885
176.223
163.467
162.863
163.268
163.043
160.876
176.45
164.52
163.45
161.577
161.935
161.619
176.007
163.475
162.752
162.054
162.218
160.531
177.965
163.83
162.327
162.621
160.76
175.658
166.025
162.759
161.673
162.519
160.664
175.111
163.571
162.69
160.912
161.145
162.164
184.514
164.651
161.761
160.733
161.683
161.944
177.363
163.71
163.953
161.125
160.965
176.55
165.247
163.675
161.581
160.807
163.169
176.383
162.727
162.435
160.363
160.537
161.195
174.515
163.966
162.278
161.44
160.601
162.402
177.422
162.879
161.31
161.186
160.882
179.561
166.702
161.907
160.817
162.232
160.665
178.535
162.596
160.119
164.053
162.197
161.557
173.553
161.937
160.401
161.35
163.291
162.846
175.497
161.246
160.412
161.333
161.333
173.366
164.387
162.54
163.896
162.381
160.286
173.596
162.309
164.099
163.014
160.269
161.005
174.084
164.554
162.778
161.189
160.643
161.09
176.82
164.132
162.458
161.968
161.626
175.334
162.987
160.636
164.063
163.587
160.587
178.712
160.952
160.907
161.536
163.024
160.441
175.202
162.733
160.797
163.593
162.231
160.507
178.064
160.955
160.462
161.292
163.795
175.441
164.137
161.075
161.078
161.108
164.577
178.386
164.14
165.737
168.461
166.068
162.719
177.481
165.057
161.995
163.49
162.956
163.948
165.781
161.368
162.348
162.6
165.061
166.75
164.705
164.363
164.149
161.413
162.158
177.934
164.29
163.704
161.229
162.229
161.876
178.065
163.497
161.428
162.543
161.6
170.966
165.786
164.002
161.289
160.581
160.946
168.583
166.994
163.921
163.317
161.032
161.71
177.636
163.28
164.573
162.63
160.537
162.372
176.323
165.523
163.915
163.909
161.656
171.355
165.917
163.416
163.875
163.579
162.215
175.803
164.007
165.072
163.117
162.413
161.85
175.323
165.365
165.045
162.158
161.513
161.86
181.075
164.548
166.141
163.141
182.951
221.232
208.29
217.978
230.662
281.677
289.563
256.008
290.535
289.168
289.737
265.563
291.355
264.182
297.653
283.061
265.022
286.661
293.516
284.333
232.863
198.456
179.621
179.909
180.661
180.182
177.389
163.825
165.046
163.5
161.623
161.419
177.732
163.247
163.564
163.297
162.535
179.1
164.065
224.949
176.247
153.307
152.017
177.944
153.556
150.075
149.507
150.414
151.244
170.087
151.989
150.068
150.892
149.987
150.35
167.535
151.562
152.036
150.866
149.683
150.705
170.332
151.622
151.454
151.924
151.109
150.142
175.004
154.639
151.11
150.492
149.142
151.597
171.505
152.723
150.408
151.264
150.363
149.47
164.607
151.685
149.433
149.977
150.321
149.617
164.016
152.154
151.094
149.554
149.879
150.766
153.499
157.589
150.498
150.426
149.91
151.039
161.443
152.846
151.317
149.843
150.177
151.027
150.582
162.282
151.097
150.666
150.148
151.077
150.742
165.776
150.756
150.856
150.955
149.777
148.947
177.253
152.252
149.759
150.305
150.284
150.955
166.613
151.818
150.519
149.905
151.087
149.68
169.592
152.457
150.152
151.024
152.035
149.809
156.121
150.264
150.372
150.663
151.459
149.954
165.538
151.398
150.636
150.503
149.923
151.41
168.005
156.501
151.19
150.693
150.54
150.924
160.681
152.724
149.764
150.248
149.861
150.852
164.212
154.612
150.837
151.381
149.726
151.925
162.416
169.37
168.282
158.627
167.266
159.684
189.576
204.484
183.888
164.289
158.833
175.268
162.014
157.286
158.114
156.543
157.63
174.482
158.509
157.991
157.088
158.062
157.332
170.155
158.495
157.65
157.764
156.747
157.219
174.598
157.911
156.246
155.942
155.695
156.01
162.478
159.628
157.99
157.74
157.379
166.583
166.679
194.78
169.309
160.974
160.252
170.252
159.759
158.272
159.921
158.796
158.87
162.107
159.03
157.837
158.479
159.387
176.928
162.88
160.768
166.184
159.848
160.561
172.922
161.094
159.385
158.905
158.549
158.422
175.772
159.684
160.791
160.408
158.339
168.63
160.974
158.951
160.468
159.419
159.834
170.455
159.469
158.94
159.897
160.865
159.918
172.456
159.562
161.399
160.48
160.738
159.846
173.325
158.425
159.634
160.276
159.174
170.533
162.595
159.44
159.986
160.52
158.926
170.311
161.175
160.814
159.654
159.591
161.895
173.126
159.213
158.994
158.85
159.214
161.102
175.162
158.435
158.72
158.083
159.06
172.642
162.895
158.712
158.601
160.257
160.177
172.778
161.036
159.574
158.693
159.658
158.689
172.965
158.842
159.371
158.245
159.438
158.806
176.213
160.884
159.746
158.754
158.175
171.533
161.977
158.341
157.506
159.15
158.877
170.549
160.688
158.322
159.209
158.71
161.264
175.241
160.98
158.699
159.049
158.653
159.427
175.187
159.141
158.892
160.6
159.969
159.049
159.979
159.885
158.495
158.325
160.474
163.695
160.113
159.433
159.535
159.404
157.8
174.465
159.016
161.389
158.489
160.022
158.055
171.548
158.255
159.505
157.851
157.854
160.222
174.526
158.531
160.224
160.928
159.584
161.975
161.211
157.962
157.821
158.06
158.325
168.474
156.914
156.921
157.925
158.266
157.379
167.984
154.872
153.854
155.316
155.828
155.154
179.8
161.06
160.681
159.678
158.585
159.565
173.12
159.156
158.916
158.475
159.247
167.008
160.901
158.151
158.339
158.338
159.209
172.497
160.74
158.943
158.549
158.862
160.13
172.32
159.234
158.264
158.398
159.114
158.79
173.202
159.437
159.979
159.593
158.625
159.253
161.102
158.318
159
158.803
158.739
162.997
159.972
158.805
159.051
158.997
158.699
172.804
159.572
157.887
158.95
158.783
160.004
192.411
183.749
169.713
169.004
168.026
181.584
195.282
197.329
195.325
195.657
198.561
196.868
196.549
195.866
172.173
181.243
169.383
168.008
168.167
167.268
179.526
169.908
167.908
167.547
169.057
166.84
183.131
169.574
168.206
168.898
166.925
178.642
170.001
166.79
168.224
167.07
168.51
181.315
210.937
209.84
209.103
214.656
210.81
209.305
209.577
208.284
222.478
210.91
207.244
211.481
218.381
208.928
209.187
207.221
209.851
217.325
207.752
209.994
210.442
224.526
207.646
207.629
206.91
210.422
226.245
207.431
206.202
208.327
226.263
208.071
208.396
209.987
209.575
212.871
208.402
209.422
208.76
212.724
206.327
207.943
204.702
197.52
224.56
210.041
210.337
205.957
221.212
209.338
206.84
172.249
166.952
180.855
167.15
165.56
166.412
166.104
176.618
169.469
166.954
166.865
167.341
166.132
179.524
169.193
166.647
166.114
166.296
177.549
167.632
206.072
205.689
204.217
180.6
208.805
210.689
206.002
208.577
217.093
209.18
194.834
206.976
212.736
210.69
208.019
206.285
207.07
209.322
207.565
204.765
204.938
219.886
209.603
208.582
208.485
206.063
212.487
208.221
206.302
204.898
219.734
209.061
206.162
206.648
208.464
213.543
208.121
208.249
208.631
218.372
211.671
207.003
210.318
207.674
219.434
206.135
209.072
206.606
222.104
210.646
176.42
167.313
166.75
212.925
206.417
208.453
170.81
165.129
177.984
169.517
165.072
165.248
165.603
166.115
176.993
166.63
166.17
165.229
164.413
178.585
168.48
166.23
164.419
165.436
165.258
176.967
166.682
165.189
164.534
165.142
166.85
183.709
166.762
164.588
164.025
165.419
179.314
166.532
165.252
164.871
165.179
204.464
209.65
205.626
208.237
207.413
213.169
208.989
207.728
212.311
218.913
216.771
209.887
207.482
204.825
207.906
211.651
207.19
206.536
218.005
209.061
207.766
208.366
209.338
208.092
196.627
194.964
194.095
197.777
213.533
194.621
196.895
197.723
209.995
208.474
172.423
166.028
163.545
164.694
176.16
165.46
163.036
163.438
189.485
187.917
170.786
173.061
168.597
166.867
176.561
170.321
166.121
166.197
205.804
220.667
212.339
208.053
208.284
208.224
211.752
208.651
209.542
207.818
220.15
211.16
207.815
206.212
208.067
210.953
208.51
208.639
210.089
212.802
211.427
207.424
193.86
201.215
188.181
168.249
167.676
210.712
208.124
212.55
208.266
209.888
210.201
218.967
210.801
209.22
209.53
207.13
209.462
174.141
167.527
209.319
208.739
212.04
173.562
192.845
196.149
163.376
177.297
158.264
158.763
161.346
158.392
178.302
165.713
160.029
158.488
160.086
159.788
172.694
160.922
158.272
157.857
157.946
159.377
176.917
177.268
169.419
207.592
206.63
215.154
210.723
210.443
207.698
225.834
210.516
207.845
205.659
204.958
223.972
210.171
207.031
207.408
223.713
206.598
207.986
208.567
206.049
222.773
208.12
208.52
208.976
223.143
208.627
208.373
206.812
205.764
177.163
168.898
166.486
166.733
165.873
176.317
166.984
166.906
166.318
165.423
165.522
182.101
167.07
167.228
166.008
164.568
176.741
166.134
167.361
165.716
164.784
165.46
181.329
166.556
164.705
165.926
166.889
179.301
167.578
166.495
165.693
166.386
168.306
178.291
167.441
164.52
165.096
165.836
182.47
169.122
166.372
165.178
167.804
166.381
179.388
167.584
166.409
207.31
206.815
222.115
208.366
206.91
210.201
210.901
207.853
206.267
208.263
210.06
222.819
208.972
210.529
208.381
223.812
211.391
205.62
207.768
208.326
220.935
209.213
210.462
208.675
224.833
210.38
207.134
206.85
208.94
223.087
211.545
208.944
207.906
224.53
207.043
209.737
208.004
219.334
208.254
207.325
208.811
208.086
212.27
210.18
208.116
210.605
218.071
209.145
206.141
209.289
209.518
210.462
210.632
208.549
208.384
214.516
210.88
208.636
208.681
207.872
220.36
209.427
206.956
209.172
222.194
208.42
209.875
207.679
209.046
220.173
210.505
205.783
207.631
223.902
208.453
208.489
206.396
208.73
220.576
210.027
207.134
195.638
209.447
210.332
205.612
210.973
207.839
221.927
205.87
208.711
206.699
224.724
212.621
207.529
206.679
208.338
224.213
206.198
208.286
206.001
222.011
208.524
208.912
206.872
206.98
225.726
209.984
207.692
207.141
223.112
211.209
207.648
208.194
218.756
212.068
208.305
207.097
172.099
176.306
167.935
167.369
166.084
165.145
163.969
171.394
167.538
166.804
165.248
163.875
174.75
168.586
197.936
197.38
205.014
180.41
192.545
207.364
208.116
204.43
221.834
208.2
209.147
209.64
224.881
217.19
209.307
199.952
175.01
199.969
176.36
181.694
181.998
181.496
197.175
179.258
180.73
179.912
181.178
192.507
179.552
179.5
177.68
179.097
192.019
178.68
176.498
176.54
176.344
175.566
189.004
180.871
183.769
180.314
181.229
197.319
178.312
176.02
178.749
176.086
202.576
182.098
180.376
181.612
179.722
193.42
176.792
176.14
174.826
173.617
204.607
181.704
182.011
180.48
179.307
202.304
183.147
180.44
180.242
180.05
197.566
181.529
181.867
180.32
178.748
194.299
180.276
174.271
176.859
175.798
195.644
206.88
194.017
205.431
226.508
237.311
226.366
226.368
225.748
223.523
192.668
189.376
188.611
189.233
206.319
189.523
189.664
188.445
189.414
200.328
227.052
227.923
187.807
224.936
241.191
236.745
238.587
240.035
224.494
227.369
226.84
238.637
227.441
226.714
236.883
246.054
220.635
220.337
218.851
242.322
230.545
225.292
190.907
189.644
198.355
188.972
188.63
189.352
197.045
189.377
186.499
187.671
189.169
204.111
188.317
188.123
190.431
187.26
209.062
191.308
188.669
188.153
190.613
202.991
190.232
187.444
188.002
190.754
198.252
187.431
187.176
183.966
186.492
198.351
189.536
186.048
186.538
188.341
210.426
190.348
189.77
191.325
191.562
193.512
192.293
193.279
191.725
200.056
193.151
191.354
191.485
190.126
201.878
184.039
183.722
183.254
183.917
205.978
194.78
191.415
189.995
189.166
196.534
189.286
192.991
190.766
192.287
209.584
193.301
190.84
191.07
200.417
192.543
185.267
182.801
182.663
209.631
194.997
190.041
188.065
186.567
206.088
190.335
190.709
190.589
187.23
198.91
184.981
189.586
188.792
188.026
198.964
188.384
188.546
188.075
186.89
201.897
186.281
188.303
187.407
188.76
214.592
192.146
193.398
191.418
209.637
193.412
189.169
189.148
186.892
211.942
195.746
196.403
194.839
196.451
211.588
194.909
193.452
196.05
208.949
183.722
187.709
195.394
185.238
204.781
185.656
197.223
204.409
196.717
208.705
196.827
195.415
234.361
213.824
181.888
173.108
172.751
171.569
171.992
197.463
183.418
173.413
172.082
172.714
193.157
175.823
174.321
171.885
171.671
186.783
176.245
175.782
173.65
170.703
185.243
173.397
178.267
172.47
168.942
166.191
183.376
168.212
169.352
170.567
171.657
189.283
214.646
207.969
233.018
239.895
204.266
167.779
154.188
151.705
150.221
235.507
152.474
151.008
151.428
150.071
148.023
163.791
151.777
149.747
149.866
149.349
148.63
174.058
152.838
149.918
149.466
149.46
149.81
163.375
151.47
150.288
150.152
151.301
150.257
222.361
180.605
163.963
162.786
161.015
177.957
190.345
187.331
173.019
165.033
173.045
190.948
200.619
188.771
187.034
204.995
191.694
187.283
185.067
172.939
182.057
190.038
185.419
170.873
165.022
185.316
186.556
182.739
186.274
200.661
186.998
179.111
180.49
180.469
195.117
184.513
180.757
179.658
181.376
179.29
197.888
196.486
192.048
194.362
192.69
191.618
190.576
231.916
203.572
200.838
204.754
202.669
202.191
193.763
210.261
203.538
199.993
202.054
176.621
166.123
204.3
204.076
205.274
181.196
206.67
202.652
202.332
186.736
182.052
178.682
199.241
200.691
180.919
194.74
203.197
199.819
225.517
232.29
227.95
226.967
207.615
202.949
211.472
209.069
205.463
206.906
215.758
230.639
222.717
225.521
196.969
214.576
226.956
217.072
217.731
235.437
232.724
224.167
188.504
226.542
301.645
286.006
268.09
224.724
208.605
206.983
185.613
204.33
188.398
187.289
191.578
227.137
200.933
259.045
262.917
240.466
235.94
226.026
253.118
267.774
244.129
242.1
243.94
232.577
199.73
196.147
203.221
201.253
230.255
198.085
203.334
203.653
220.092
202.004
198.756
198.759
201.256
203.762
197.395
201.033
198.15
221.015
205.168
203.435
198.155
192.101
227.815
244.467
232.265
206.673
291.948
218.072
198.327
231.835
232.935
232.942
209.914
194.655
207.936
221.476
208.523
209.259
207.911
225.711
208.3
205.499
206.044
194.086
205.893
194.251
197.4
197.195
196.811
198.946
170.799
165.045
165.545
165.273
179.266
193.151
192.153
194.195
192.324
197.183
194.426
193.051
196.053
193.199
208.162
196.125
192.246
193.641
206.718
195.677
194.763
196.215
192.915
214.386
196.985
192.802
195.611
196.613
207.695
192.423
193.656
194.394
192.792
207.886
193.46
194.73
196.12
205.644
221.393
204.39
208.427
208.008
224.625
206.15
193.389
194.188
196.24
213.303
197.699
196.249
193.68
196.056
211.956
217.647
215.786
205.296
227.333
197.943
200.202
196.524
196.953
206.017
199.153
199.119
195.171
201.952
199.504
199.185
199.594
198.794
259.901
208.015
185.805
168.52
161.389
182.467
170.367
166.425
166.538
177.29
181.249
164.094
160.382
161.021
160.449
160.727
176.816
160.974
160.4
159.831
161.116
161.028
171.707
160.283
160.093
162.485
160.302
162.404
166.518
161.095
161.221
161.171
161.87
176.353
162.325
161.889
221.766
169.362
198.113
191.773
169.435
161.332
160.776
160.162
180.379
288.904
175.615
199.528
249.275
221.543
212.352
210.355
206.65
222.677
210.557
210.022
209.683
223.905
212.514
209.324
209.776
236.037
212.139
209.585
218.605
233.405
233.902
233.946
216.816
205.888
221.331
212.365
207.336
207.999
226.424
208.051
230.621
238.325
235.745
224.857
221.51
210.806
233.03
240.126
238.32
223.838
231.888
235.915
230.178
232.186
233.603
240.299
231.414
227.687
231.571
260.46
236.456
227.571
234.831
245.833
234.551
238.515
229.275
253.903
229.351
230.136
228.517
236.112
233.263
233.842
229.221
234.797
176.523
167.169
163.906
164.731
198.337
199.651
233.062
229.177
206.458
189.147
235.059
232.332
232.57
244.307
232.894
227.784
237.257
222.229
240.992
232.616
229.592
229.52
233.114
235.827
230.611
208.589
204.266
229.077
233.498
231.931
234.37
232.549
217.536
206.09
217.749
211.791
208.84
210.933
217.975
209.817
210.829
208.968
194.998
222.504
186.848
216.881
210.586
218.422
263.918
210.679
205.486
196.364
159.404
152.457
152.726
152.526
151.681
151.537
154.124
152.409
152.084
152.62
151.5
156.63
163.816
152.47
152.187
151.61
152.245
163.224
154.948
151.228
151.718
151.369
151.808
151.654
156.436
151.576
151.634
152.219
152.22
151.417
166.478
151.354
150.999
152.025
152.61
151.336
167.299
152.309
151.398
152.088
151.51
152.297
166.641
152.857
151.514
151.401
151.814
151.86
166.234
151.3
150.938
150.902
152.579
151.798
161.629
151.715
151.517
151.092
151.978
152.4
172.248
152.099
151.551
150.799
151.537
151.349
165.191
153.338
152.067
151.878
160.406
154.703
153.699
153.308
151.965
152.363
151.313
152.27
180.49
189.927
169.656
160.081
159.902
184.203
161.403
159.966
159.532
159.779
158.411
173.325
161.226
159.529
159.578
159.782
158.862
172.154
159.588
159.528
159.741
158.793
170.6
159.884
159.676
159.374
159.833
157.944
172.948
158.719
159.126
159.403
158.385
158.841
172.327
158.41
158.503
158.405
159.286
158.395
172.799
159.418
159.027
158.351
159.494
174.128
161.914
158.785
158.579
159.237
157.439
173.75
159.229
157.93
158.875
158.583
157.709
165.89
158.142
159.286
157.703
159.01
157.784
195.696
200.723
191.825
160.601
151.002
171.184
161.669
159.402
159.922
173.893
178.635
176.837
160.721
160.285
159.219
158.948
177.626
160.068
159.907
159.4
175.51
193.746
177.943
178.023
175.658
160.139
159.654
173.515
176.132
175.056
174.794
159.974
173.254
160.31
158.631
159.072
159.166
158.566
176.024
160.316
157.805
158.172
158.922
163.768
161.002
159.461
159.287
159.013
158.938
173.381
160.357
159.146
160.148
158.865
158.317
177.318
160.232
159.18
159.029
158.296
157.365
165.733
160.634
160.005
158.963
158.698
169.128
160.642
159.88
160.239
158.852
159.266
170.882
160.472
158.424
159.002
158.978
159.409
175.5
159.64
158.879
159.827
159.28
177.687
161.689
159.068
160.156
159.093
159.795
174.008
159.059
159.774
159.769
159.501
159.269
173.509
160.338
158.882
160.604
158.383
171.149
161.709
159.453
160.603
160.292
158.106
173.285
161.468
160.48
159.216
159.266
159.217
176.932
161.88
159.177
158.644
159.119
160.315
164.93
159.865
159.203
159.496
159.567
171.879
160.297
159.264
159.911
160.382
161.003
171.152
159.664
159.706
160.278
159.666
160.595
176.343
159.327
158.228
159.371
159.042
174.969
162.638
159.724
160.573
158.861
160.019
174.019
160.523
159.23
159.651
158.16
158.668
173.034
159.601
158.347
158.504
158.752
171.991
164.277
160.472
159.312
158.217
159.429
174.909
161.229
159.437
159.54
159.306
159.765
173.429
161.074
158.826
159.077
159.427
158.839
163.299
159.559
159.224
160.275
159.185
174.238
161.112
160.175
159.694
159.039
158.755
174.398
161.264
160.105
158.722
158.337
159.29
172.81
160.836
159.227
159.801
158.642
161.651
161.263
159.737
160.039
158.415
158.739
174.849
159.105
159.494
159.714
159.083
160.864
172.108
159.107
158.806
159.745
158.106
170.331
161.973
159.906
159.907
159.173
159.109
172.683
160.791
160.021
160.234
159.531
158.256
173.086
160.826
161.311
159.032
159.621
158.692
176.141
159.831
159.363
158.961
159.502
162.44
162.211
159.504
158.873
158.725
159.939
173.549
160.89
159.048
159.224
159.413
160.49
175.264
159.401
158.565
159.611
159.784
175.964
163.331
160.376
159.296
160.439
159.446
174.758
160.159
159.453
160.168
159.029
158.923
172.539
159.804
159.467
159.63
158.862
170.848
162.376
161.288
159.008
158.484
159.61
174.231
161.898
159.613
159.496
158.825
159.089
175.913
161.75
159.648
160.052
159.573
160.072
172.523
160.881
158.996
159.894
159.898
170.688
162.136
159.785
159.155
159.32
159.333
171.059
160.723
160.108
160.018
159.155
159.23
175.556
160.018
159.738
159.718
159.267
173.479
163.66
160.412
160.629
159.841
158.838
172.92
160.396
159.772
158.872
158.452
159.007
173.425
159.321
159.42
160.268
158.929
174.064
161.603
158.381
159.501
159.763
159.11
174.796
160.115
158.681
159.787
160.543
159.033
173.348
159.469
159.317
160.529
160.37
171.58
162.999
159.323
158.836
160.296
159.524
173.783
159.787
160.996
159.657
159.837
159.166
175.331
160.777
161.413
158.869
159.444
158.983
164.896
160.646
159.339
158.644
160.081
171.477
160.369
159.83
159.101
159.534
160.412
172.593
159.778
159.598
159.393
158.921
159.767
176.117
159.711
159.714
160.63
159.637
171.982
163.526
159.838
159.724
159.266
159.049
175.279
161.727
159.477
159.183
158.499
159.168
173.878
160.865
159.176
158.948
159.206
170.641
163.527
160.783
159.006
158.831
159.864
174.021
160.152
159.427
159.412
159.136
160.246
172.881
160.109
160.349
158.608
156.913
156.827
162.153
158.598
160.641
159.564
159.17
161.673
159.023
180.363
183.073
168.34
156.984
172.66
157.081
159.621
157.425
182.731
203.767
221.4
215.618
211.057
210.591
282.421
185.53
241.391
244.433
270.009
241.12
241.393
258.515
242.633
214.324
214.657
214.849
202.804
212.964
214.171
209.046
215.872
203.164
202.09
199.117
212.023
202.853
202.639
201.042
212.339
232.425
214.529
212.093
212.032
246.709
212.818
210.266
213.073
202.872
218.478
200.921
211.214
202.167
225.018
209.62
198.065
196.732
195.418
224.712
211.776
211.382
211.077
221.297
212.556
199.735
200.718
200.197
228.463
212.955
211.206
201.59
213.43
201.866
210.396
201.443
200.326
213.965
199.174
199.925
210.531
236.939
213.485
210.345
191.593
190.609
209.818
192.982
193.099
190.09
180.076
203.715
210.745
199.74
209.589
226.423
211.194
209.41
213.493
211.057
226.191
211.033
208.634
211.704
233.323
209.89
208.898
207.752
227.455
206.116
200.828
198.94
200.471
218.486
202.897
209.842
200.374
210.889
214.351
208.846
209.8
211.735
216.243
211.154
211.558
211.271
237.166
216.696
213.497
212.225
211.992
204.758
212.878
212.306
214.616
225.116
213.01
210.405
208.788
225.77
214.495
210.384
210.368
210.063
215.568
212.21
211.729
219.168
224.106
213.623
210.735
211.832
208.293
228.793
211.822
211.679
210.122
223.698
210.383
210.318
212.302
221.788
214.505
211.629
237.65
244.779
267.153
242.439
241.592
220.269
211.157
209.602
212.133
211.057
228.12
213.571
210.752
212.356
230.322
213.139
211.741
209.732
213.226
212.573
211.157
210.777
211.515
214.736
210.785
211.771
211.594
249.827
235.643
233.925
231.903
217.192
208.917
171.98
167.017
165.162
164.579
177.822
163.844
165.236
165.413
164.076
194.623
192.864
202.243
184.03
166.827
179.558
167.044
165.11
163.91
164.438
165.05
176.866
164.577
161.77
175.82
166.667
177.909
169.035
163.269
163.077
163.405
165.498
178.346
167.104
164.147
163.609
163.389
163.462
178.667
163.359
163.165
163.615
164.067
178.052
165.945
164.565
162.978
165.383
165.735
175.822
165.326
163.323
165.197
164.688
163.569
178.355
163.318
163.094
162.955
164.818
179.987
166.835
164.23
164.231
163.338
164.849
179.79
167.161
164.157
163.014
164.722
163.198
179.492
165.6
164.578
163.459
164.481
176.006
166.509
164.972
163.424
165.035
164.789
168.535
166.563
163.591
163.395
162.626
165.289
178.687
166.496
164.103
163.239
172.726
181.072
165.495
165.313
164.123
164.879
163.148
170.917
165.207
195.658
202.672
170.251
181.11
165.331
166.598
202.432
170.758
175.936
235.476
232.314
231.668
204.631
185.461
164.585
164.141
164.575
164.368
176.114
203.662
170.473
164.551
165.363
164.92
216.639
185.877
164.581
178.416
172.355
213.156
204.394
172.758
180.879
181.42
169.784
251.92
214.149
226.835
205.078
200.95
206.101
175.024
166.131
169.138
179.891
164.534
163.445
195.103
171.728
157.623
151.833
153.052
153.204
152.416
163.281
153.015
151.097
152.005
152.761
151.749
170.555
156.868
152.056
151.812
151.529
152.39
155.819
155.181
152.777
152.158
151.678
151.98
167.111
159.377
151.869
151.762
151.92
151.169
166.468
156.241
151.668
151.03
151.263
151.109
165.275
156.126
151.224
150.787
150.886
150.317
165.938
157.132
152.564
151.325
150.438
150.456
162.672
159.565
152.429
151.228
150.809
150.721
162.172
156.546
153.436
150.53
150.422
151.915
162.134
153.7
152.225
152.139
151.507
151.829
151.101
161.118
152.344
153.316
151.23
150.705
149.733
166.781
152.741
153.68
151.651
151.391
162.267
153.77
151.825
150.909
150.812
151.674
151.07
158.796
152.684
152.57
152.483
150.351
151.398
162.526
151.287
150.9
152.326
152.501
151.126
158.447
151.507
151.562
152.113
152.131
151.986
155.454
151.725
151.599
151.059
151.789
151.373
165.376
151.19
151.057
150.712
151.217
151.969
165.469
151.882
150.859
150.151
151.56
151.582
164.708
151.147
151.126
151.201
151.117
151.347
172.197
163.024
161.527
162.2
161.021
173.776
164.127
160.062
160.263
159.007
159.978
173.523
160.54
158.723
158.609
158.85
157.981
172.778
160.007
159.221
159.052
158.696
159.181
175.93
158.831
159.26
159.882
159.293
171.08
161.718
158.218
158.137
158.784
157.582
167.678
158.299
157.881
157.529
158.573
158.606
171.892
155.671
152.988
180.034
180.377
167.06
192.146
168.086
166.97
166.209
165.139
177.881
167.692
166.479
164.925
164.973
164.079
177.319
166.395
166.09
164.943
164.39
177.878
185.626
167.541
165.391
189.893
168.887
180.26
167.373
166.522
165.343
166.747
180.935
167.832
165.007
164.119
164.312
166.011
179.704
166.378
165.191
166.158
165.072
165.542
179.009
164.61
164.514
164.625
163.92
176.976
165.913
166.029
166.5
165.593
163.755
179.772
166.252
164.814
165.16
164.469
163.895
173.878
165.55
164.281
166.239
163.927
176.032
166.38
164.745
165.363
165.526
165.758
177.64
165.831
164.167
165.406
166.091
178.112
167.983
164.047
171.625
166.251
165.373
181.061
164.795
164.23
164.547
165.729
166.267
179.594
165.699
165.182
165.079
166.976
177.179
167.174
165.247
165.058
165.485
166.545
180.637
165.905
164.928
165.278
165.015
176.11
167.822
165.697
165.452
165.025
165.138
179.511
166.814
164.73
164.456
164.393
165.692
176.898
165.015
163.766
164.108
164.287
166.712
166.499
164.881
164.642
164.45
164.911
180.147
167.315
165.466
165.226
165.954
166.277
177.71
165.509
164.798
165.072
165.268
178.396
167.525
165.8
165.452
164.473
165.325
179.972
165.395
164.717
164.946
164.3
164.537
178.699
165.031
164.039
163.848
165.726
178.168
168.934
165.087
164.612
164.204
164.534
179.354
165.472
164.818
165.12
165.063
165.439
180.583
165.268
165.88
166.361
165.399
179.207
166.536
164.841
165.485
166.257
166.746
171.789
166.128
165.996
166.181
165.503
176.991
167.588
164.822
166.261
165.242
165.731
178.209
166.177
165.386
165.923
165.262
166.3
179.293
166.432
164.919
164.935
164.708
179.395
167.241
165.152
164.681
164.835
166.468
176.541
165.908
164.013
164.005
164.637
165.449
178.943
163.915
164.51
164.8
165.897
179.831
167.569
165.733
164.567
165.015
165.072
169.269
161.115
160.928
162.239
161.948
161.285
187.651
167.959
166.87
165.767
166.056
170.522
166.712
166.242
164.651
163.222
163.183
174.872
164.738
164.216
163.578
164.644
164.329
179.608
165.274
162.395
163.47
163.387
179.592
168.005
163.662
163.747
163.264
163.397
179.096
165.637
164.772
163.548
163.478
162.793
177.93
165.695
163.364
164.029
163.551
176.463
165.269
164.741
164.608
164.23
163.861
179.262
164.601
164.025
163.868
162.964
162.892
176.634
163.988
164.44
165.643
163.842
177.59
165.614
163.834
163.007
162.879
163.902
177.002
164.26
163.755
175.184
164.251
164.621
176.949
163.825
163.431
164.234
163.772
177.68
165.617
163.127
163.22
164.398
163.043
178.231
166.228
164.54
164.274
164.947
163.141
178.496
165.132
163.598
162.606
163.268
177.834
165.466
164.142
163.34
164.561
163.65
178.84
165.034
164.594
163.829
162.992
163.945
178.903
163.916
164.203
163.247
163.671
178.107
166.252
164.243
162.625
162.769
163.1
177.888
166.24
163.056
163.057
164.046
163.562
177.385
162.82
168.818
163.755
170.549
181.313
168.639
164.468
165.367
165.677
165.76
178.287
162.398
158.976
161.108
159.605
158.569
177.941
164.37
162.963
163.181
162.321
175.02
166.228
164.702
163.789
161.99
162.107
174.905
187.213
172.721
168.052
165.677
166.406
179.364
199.716
177.19
183.294
182.636
234.491
249.407
224.984
261.313
261.169
284.521
305.732
292.031
290.126
297.441
240.041
263.297
284.417
285.506
252.562
266.023
266.392
251.662
273.572
298.319
286.797
289.119
301.822
273.421
262.962
265.358
284.691
285.122
288.996
283.812
284.404
301.891
283.733
235.421
243.84
288.105
284.547
246.338
302.669
284.301
279.755
304.367
285.266
285.286
303.412
284.25
233.636
293.87
283.99
284.58
286.784
285.207
284.218
234.308
302.128
284.588
284.568
298.669
284.558
284.194
250.962
284.632
284.435
289.368
251.161
278.819
301.814
286.814
285.415
290.089
294.669
285.269
290.141
286.114
237.32
289.29
284.376
287.087
247.309
279.507
284.712
284.504
287.005
284.519
285.885
287.612
284.898
306.907
283.834
284.51
300.511
283.725
284.444
297.663
287.703
284.523
288.077
283.966
256.854
211.34
252.001
284.792
284.762
303.28
247.868
282.418
289.364
288.549
288.454
307.537
285.513
285.383
301.861
284.425
233.409
281.194
293.839
271.935
288.144
280.63
319.424
316.652
258.72
229.054
229.436
233.392
243.09
228.814
232.14
231.917
243.228
231.684
233.055
232.18
239.234
232.179
233.703
231.669
231.024
229.71
229.593
232.698
246.832
228.196
226.809
233.671
242.869
227.857
231.563
229.549
241.987
231.013
225.226
232.083
246.456
230.982
225.519
231.646
237.216
210.846
204.615
222.817
247.066
230.927
228.398
231.662
230.084
246.835
230.86
230.053
230.715
243.652
226.068
199.936
206.017
241.702
225.927
169.182
157.894
157.691
171.307
159.768
158.252
159.019
157.463
159.063
171.08
158.426
157.906
158.203
158.242
158.775
173.596
158.696
157.496
158.592
158.365
162.498
160.627
158.107
157.698
157.713
157.785
168.751
158.495
159.049
157.359
158.757
156.911
169.874
158.525
158.819
159.271
158.661
156.901
169.455
159.746
159.109
157.539
157.333
157.42
171.983
160.012
158.327
157.355
158.064
169.305
160.557
158.601
159.063
158.321
157.713
170.395
159.093
157.994
158.034
158.144
158.345
169.632
158.422
158.245
159.244
159.409
159.213
168.602
158.702
159.337
159.049
158.979
157.863
163.649
158.993
158.652
159.01
157.803
177.333
159.404
158.348
157.728
158.294
158.04
172.52
158.342
158.188
158.639
158.604
158.161
169.303
158.456
158.161
157.905
158.598
159.467
169.932
157.803
157.449
157.773
158.278
171
159.621
157.469
158.9
157.911
158.124
169.028
159.478
157.863
158.104
157.072
158.679
172.021
158.667
159.735
158.044
158.077
159.391
170.603
158.93
158.624
157.063
158.864
157.817
171.638
158.041
157.364
157.068
158.962
171.399
159.301
157.632
157.587
157.032
157.732
171.138
158.549
157.811
158.08
157.703
158.767
170.922
158.615
158.732
158.709
157.295
156.881
170.161
159.728
159.201
157.145
156.775
157.473
173.138
157.932
158.636
158.335
157.584
164.771
159.217
158.318
158.832
157.343
158.508
171.268
158.251
157.604
157.49
158.924
158.319
171.334
158.188
157.91
157.379
157.644
157.332
168.874
158.155
157.64
157.944
156.08
157.177
168.168
157.647
157.566
156.723
157.793
171.434
157.536
156.477
155.648
180.121
159.596
171.455
153.146
149.618
151.345
151.212
148.478
166.536
151.02
147.45
149.021
150.981
149.225
167.802
155.425
149.488
150.065
149.706
149.868
162.9
153.887
150.66
149.58
149.324
150.746
150.46
161.387
149.98
149.951
149.397
149.868
149.453
170.233
148.962
149.923
149.673
150.062
150.122
163.014
149.999
148.268
150.072
148.775
149.861
167.336
150.295
149.714
150.181
150.232
150.856
173.556
152.482
150.132
149.336
150.374
149.887
164.127
151.194
149.575
149.817
150.087
150.124
163.358
151.601
149.995
149.54
149.838
150.205
160.461
152.057
149.397
149.688
149.047
149.921
154.276
152.181
150.482
149.287
149.033
149.428
149.417
165.1
150.385
150.346
149.769
149.507
150.71
174.42
152.605
150.731
149.48
150.21
149.961
164.103
150.913
150.124
150.205
149.179
150.102
166.978
150.522
149.932
149.106
150.147
149.211
160.22
150.091
150.477
150.587
149.579
148.785
160.151
150.459
150.245
147.742
148.337
147.842
162.356
153.094
149.16
148.47
148.118
147.679
148.926
151.471
150.168
149.751
150.707
149.093
148.941
166.785
151.498
148.942
151.354
149.116
147.182
166.524
148.845
150.265
148.247
147.417
148.099
162.356
150.134
147.829
149.594
149.552
150.836
161.056
148.839
148.448
149.618
150.135
148.418
163.098
151.155
147.425
146.981
146.031
149.191
173.384
154.165
149.407
147.723
149.754
147.893
166.669
187.535
180.383
183.034
179.127
184.016
191.171
161.86
159.187
157.619
158.448
168.868
238.762
167.298
161.909
192.991
233.096
208.647
217.711
217.212
243.418
209.286
232.477
229.639
226.011
234.528
232.697
234.717
225.606
244.113
209.586
214.471
221.394
234.513
204.888
229.659
229.644
246.261
231.803
229.06
224.68
239.142
230.796
225.033
229.081
227.442
233.838
205.105
205.018
204.045
220.086
203.261
207.021
206.499
225.581
229.4
229.599
232.192
230.215
228.767
229.115
228.534
230.297
231.124
223.618
225.683
227.596
242.169
226.546
228.43
228.814
244.892
226.231
200.347
195.448
227.461
224.053
168.162
158.025
159.287
162.354
159.683
158.435
158.502
157.186
157.888
171.8
158.625
185.499
177.199
175.454
186.42
176.953
206.549
207.836
207.432
221.695
207.171
206.864
203.595
206.334
219.919
205.987
207.331
207.575
217.951
207.14
205.68
205.704
204.4
220.829
198.17
207.196
206.926
216.775
209.551
209.139
208.076
203.369
223.398
206.226
208.008
207.893
212.989
208.018
198.383
216.237
193.612
212.559
199.396
285.172
282.727
282.634
281.581
291.656
282.908
284.912
292.144
282.96
279.57
279.201
282.041
283.963
282.332
285.409
283.629
287.741
281.572
283.479
280.993
299.184
284.134
289.572
296.194
248.369
294.638
289.724
279.174
209.143
215.461
176.814
245.477
252.168
264.628
165.145
148.558
144.429
153.716
208.958
193.085
182.632
179.849
177.025
209.782
224.206
260.672
225.954
213.693
224.658
212.24
209.466
207.795
217.022
214.706
209.278
211.574
212.51
215.043
261.392
260.851
224.772
227.043
262.947
237.295
219.097
228.116
262.642
265.81
253.98
238.231
237.55
211.749
181.105
203.583
268.564
242.137
239.031
252.206
239.828
214.513
210.15
213.938
210.82
209.68
212.939
273.252
225.832
235.422
234.125
258.322
231.905
285.909
247.81
286.051
215.14
208.88
228.376
286.005
266.753
298.933
285.336
282.922
284.429
290.116
282.771
297.383
284.217
284.919
299.618
283.829
285.628
288.571
282.676
285.719
296.351
283.959
286.065
300.249
284.02
283.981
300.149
287.228
283.251
303.795
284.05
284.106
297.97
283.855
283.789
244.343
199.455
182.806
181.026
166.798
195.386
168.192
166.502
163.233
164.58
162.982
177.699
164.514
166.374
165.929
164.057
165.12
166.377
164.036
165.767
166.803
165.63
178.53
164.824
163.101
163.648
163.343
166.397
180.358
163.952
163.864
163.507
164.129
177.924
167.986
164.844
163.104
163.821
164.162
181.636
167.326
165.973
164.649
164.853
163.323
175.882
164.051
163.585
162.382
167.56
175.143
165.934
164.369
161.812
166.428
166.087
179.67
165.275
163.45
163.17
163.059
163.349
182.386
169.112
166.28
163.443
162.885
176.263
165.957
161.837
166.762
164.406
164.232
176.199
163.603
162.777
162.404
166.641
164.927
174.674
163.45
162.437
163.29
162.836
165.314
180.169
163.678
163.184
163.002
165.105
175.838
168.068
163.618
162.858
165.17
164.225
179.249
167.092
164.506
165.542
163.548
162.972
178.803
164.877
165.714
165.862
163.287
174.658
165.727
165.989
164.813
163.162
163.053
185.777
166.873
166.646
163.371
163.131
163.366
172.867
165.267
166.133
164.055
164.162
175.611
165.924
165.576
165.071
163.059
163.773
176.757
166.722
163.484
167.086
163.637
162.827
165.59
169.837
166.067
165.351
164.371
175.916
165.856
164.028
163.04
165.978
166.046
197.703
167.333
162.175
164.457
163.931
174.1
163.464
160.469
161.47
161.161
159.31
172.328
161.197
161.33
161.411
159.678
158.464
172.456
163.427
162.036
160.015
160.389
159.781
175.439
161.483
160.935
160.349
159.177
160.46
174.334
161.299
160.168
161.178
159.683
171.338
163.387
160.145
160.153
159.711
161.035
172.073
160.71
161.355
159.023
162.229
160.213
177.07
166.882
161.365
161.212
159.678
158.651
174.12
162.377
161.516
159.184
158.939
159.089
175.504
161.582
159.446
158.421
159.67
169.402
161.807
159.781
158.187
158.25
157.582
174.641
165.508
161.285
159.584
159.395
158.559
172.783
159.068
161.091
161.211
160.704
159.517
174.514
163.681
161.003
163.177
161.384
160.19
172.132
159.747
159.384
162.842
161.54
171.063
160.773
158.35
159.961
161.593
161.745
170.258
163.675
158.698
161.649
160.67
168.48
176.963
161.385
197.008
189.087
189.486
216.515
198.892
200.047
201.66
190.961
206.314
187.473
187.623
188.325
212.838
201.853
199.055
201.484
201.226
212.986
198.72
199.555
199.098
205.49
214.297
277.438
233.884
235.12
243.26
284.666
277.155
282.64
281.59
240.023
218.032
199.357
201.178
198.404
198.647
187.156
197.071
285.104
244.87
222.824
197.419
207.314
204.461
234.052
200.484
201.303
197.224
169.311
160.214
166.962
170.161
168.544
167.921
184.079
208.873
188.456
210.531
223.545
228.82
193.334
195.24
187.587
207.046
186.065
180.831
177.987
176.405
187.223
179.605
179.969
177.55
177.276
177.918
190.559
177.536
179.739
178.522
177.31
192.881
177.987
178.025
179.256
178.218
192.017
177.596
177.945
177.874
177.37
191.438
177.343
204.086
209.308
198.101
224.998
210.987
199.602
197.139
210.429
213.085
206.793
207.554
211.879
220.644
210.533
207.358
209.208
224.05
198.171
209.664
209.767
198.576
223.868
211.003
208.167
211.478
221.079
208.73
207.785
210.11
210.781
247.493
208.3
210.196
210.532
221.908
209.642
209.554
208.303
209.923
225.286
210.362
208.648
209.222
225.238
210.155
207.187
209.493
222.137
211.158
207.424
209.299
212.177
225.043
211.521
210.82
208.281
220.086
209.304
209.647
207.857
213.135
212.383
210.402
211.5
208.106
211.701
210.263
209.392
210.354
207.845
220.5
209.239
210.506
208.444
211.442
211.68
207.665
208.797
209.323
222.739
207.157
209.978
207.755
219.388
211.286
207.956
208.504
209.343
226.558
210.702
208.74
210.252
222.062
198.451
198.538
210.131
212.604
223.746
206.121
208.304
209.063
221.997
209.102
208.383
208.775
208.347
211.656
209.21
205.988
211.497
222.128
213.569
208.195
208.688
219.89
211.036
198.608
207.171
209.732
221.674
208.227
208.921
208.177
220.738
208.942
212.086
207.523
209.821
222.252
208.277
209.44
206.75
210.913
210.312
207.157
208.691
208.12
223.927
210.823
208.513
209.342
210.125
211.01
197.826
208.7
206.906
251.381
206.85
209.338
208.023
222.041
209.632
210.859
209.415
208.351
224.233
206.872
213.066
209.382
221.06
209.355
210.913
206.862
220.831
211.244
206.628
209.484
209.46
222.547
206.711
208.821
211.448
218.466
210.713
210.501
208.414
210.275
224.645
209.702
208.414
207.116
211.894
207.35
207.138
206.772
199.29
222.272
207.809
209.67
207.611
218.8
210.763
207.063
207.828
209.063
244.453
209.051
207.027
209.457
223.589
209.051
207.631
209.064
208.297
222.02
209.732
207.562
209.928
221.91
210.275
207.199
208.856
208.27
212.069
210.264
207.019
207.54
221.984
208.995
208.919
207.872
220.218
213.472
206.359
207.785
209.36
220.789
210.228
208.246
208.944
214.961
206.783
212.011
206.973
209.118
250.914
207.713
209.159
207.555
222.579
193.199
190.122
191.557
189.822
208.517
192.988
191.677
192.206
191.467
202.709
192.971
190.576
208.915
221.096
207.827
211.227
207.317
210.932
223.902
210.33
208.45
208.394
218.81
207.404
208.819
208.517
207.037
245.326
208.817
209.563
207.265
219.882
206.781
208.895
206.158
209.115
224.481
209.891
208.975
206.739
221.663
208.383
207.311
207.471
210.324
223.304
208.277
208.089
206.212
225.379
208.6
207.672
207.16
207.23
212.835
210.568
207.313
208.906
221.487
210.774
207.676
208.637
219.548
209.138
210.363
206.982
209.243
220.046
208.75
207.601
208.754
219.925
206.462
211.318
206.94
212.598
224.311
211.097
206.715
207.484
210.546
210.519
208.176
209.367
208.428
212.376
207.602
207.529
208.948
214.958
207.779
206.967
209.333
207.923
249.834
210.451
207.539
210.474
220.466
209.142
208.944
211.956
210.877
245.379
205.947
207.049
209.458
221.058
208.884
208.24
207.304
222.856
211.731
207.796
209.256
208.444
221.55
211.301
206.967
207.323
221.298
212.961
211.037
207.799
209.741
221.134
209.325
208.627
208.544
210.076
211.177
209.737
207.191
208.841
220.841
209.702
207.379
193.413
206.407
185.667
182.691
182.556
184.263
198.576
183.412
184.681
183.474
181.851
198.889
186.576
181.69
184.376
185.462
193.746
183.166
185.316
182.545
181.242
207.09
195.39
175.491
168.001
166.378
166.103
186.602
178.69
178.419
170.958
165.208
223.09
210.892
208.26
206.568
219.166
208.576
203.765
206.185
203.277
196.369
207.852
202.057
205.373
221.663
210.062
204.136
203.253
205.833
210.381
206.124
204.337
205.337
218.435
210.429
203.873
205.022
206.672
216.918
204.251
202.769
202.152
206.95
220.513
207.839
203.882
203.514
226.974
208.089
205.794
204.019
204.333
226.693
207.114
206.468
204.453
226.424
205.443
207.15
205.831
205.659
220.895
204.083
203.114
248.368
234.777
206.522
205.981
204.621
215.768
213.115
207.508
204.718
205.842
263.17
256.69
255.087
269.377
254.703
258.78
255.522
237.699
203.014
203.965
201.792
198.177
193.071
204.628
199.776
199.95
216.906
208.979
206.034
207.638
204.982
214.66
203.812
205.909
203.44
208.05
210.716
171.472
164.79
165.363
165.088
180.73
202.035
201.109
202.174
189.225
207.16
201.286
198.302
196.363
217.118
205.848
209.977
203.221
202.75
220.089
203.875
204.137
205.024
179.525
201.89
201.576
201.737
202.826
193.425
201.732
203.655
200.865
202.708
207.809
205.938
206.063
202.396
205.819
207.605
207.385
205.784
203.281
219.639
207.292
204.075
203.307
214.744
178.967
167.293
167.646
165.818
166.519
198.071
205.935
201.87
213.503
214.307
209.118
205.487
202.168
209.286
207.77
204.952
206.279
202.356
205.476
240.578
205.433
203.641
202.182
210.923
202.924
202.953
204.227
202.773
217.819
203.502
202.961
202.432
226.967
206.041
203.872
202.552
206.348
215.986
205.218
204.824
201.73
206.89
207.288
202.806
206.606
204.892
205.677
204.735
203.502
205.172
203.382
205.6
204.98
204.988
203.027
210.396
201.768
203.828
202.399
204.894
220.2
204.39
203.079
202.475
219.101
205.633
203.932
205.668
206.369
218.198
209.673
202.774
205.22
213.601
205.28
204.988
202.973
206.139
222.98
204.648
206.365
203.018
215.424
205.268
205.448
202.362
203.295
207.846
205.212
207.618
202.56
204.88
220.846
205.662
206.633
206.081
222.89
205.46
205.451
206.456
202.326
217.142
207.13
204.778
206.592
218.038
203.225
205.547
204.223
204.11
217.957
204.143
206.308
201.888
206.569
205.557
202.772
202.595
206.064
206.177
205.058
205.036
192.096
193.069
207.932
194.484
202.685
203.314
208.491
204.129
205.764
204.469
204.383
205.476
206.362
203.353
202.503
206.967
213.235
203.828
196.477
193.271
207.091
194.833
192.393
191.23
206.771
223.265
203.993
207.521
204.625
214.591
206.173
204.043
207.147
202.859
210.897
205.673
202.835
205.004
203.766
209.266
203.591
203.253
208.297
219.836
203.529
205.552
203.328
206.459
219.461
206.324
205.229
202.83
217.83
209.256
205.707
205.53
203.274
218.295
206.802
206.443
204.467
229.893
232.4
200.28
182.663
163.066
176.951
165.8
160.525
159.654
160.518
160.383
178.85
161.205
159.565
160.308
158.495
158.832
179.711
160.206
158.576
158.282
159.424
172.526
163.635
160.44
159.641
160.263
159.43
173.644
164.33
159.556
159.578
159.003
160.567
178.135
162.883
160.439
158.917
159.418
159.628
164.514
161.683
159.805
158.739
159.327
159.845
174.627
159.505
159.656
158.723
159.034
179.773
183.089
176.197
177.183
175.529
220.079
213.881
208.36
216.898
210.613
225.707
210.934
207.181
209.279
210.676
208.184
197.59
206.081
208.008
222.168
207.44
206.585
210.141
224.326
206.615
206.712
208.182
209.142
225.102
209.01
208.754
209.845
210.843
208.256
208.067
208.778
206.218
224.735
207.171
208.026
206.921
211.523
209.418
206.864
211.494
207.528
247.605
208.992
211.139
208.075
221.734
210.986
208.38
208.53
206.946
224.966
210.182
211.358
207.822
224.062
209.433
208.379
207.511
228.541
229.004
222.171
208.091
206.823
214.348
209.319
209.71
208.107
209.904
206.909
206.475
208.123
206.75
222.496
209.084
208.282
207.451
211.136
205.963
206.308
208.316
207.842
224.017
206.625
208.311
206.569
220.324
208.789
208.464
208.75
207.016
262.112
252.003
231.939
167.28
169.406
154.044
151.923
151.941
152.032
151.823
166.609
152.303
151.709
151.562
152.703
152.396
166.633
151.905
151.938
150.916
151.99
150.943
165.308
151.752
152.771
150.862
152.049
151.084
165.693
151.929
151.953
151.006
151.965
152.925
162.732
152.918
151.268
151.258
151.233
151.695
155.016
153.182
150.964
151.966
150.646
150.92
158.098
153.416
152.47
151.146
151.923
151.277
164.376
152.447
152.002
151.552
151.524
149.637
151.959
154.799
148.266
145.764
145.981
146.877
146.416
189.24
169.343
166.985
168.241
209.898
220.945
208.421
208.255
210.481
218.764
208.657
207.297
208.657
207.95
259.716
213.988
215.27
212.617
224.244
210.575
207.521
207.972
218.274
210.239
206.416
209.448
211.528
223.986
208.362
208.551
210.385
212.068
209.447
207.958
209.741
208.207
243.334
210.458
207.354
208.783
216.239
211.417
206.872
208.857
208.819
222.427
207.767
208.034
209.074
222.22
207.948
206.242
208.609
207.296
211.71
206.924
209.074
206.955
221.873
210.424
184.655
208.76
207.803
210.834
208.834
208.636
207.071
222.588
210.986
208.637
206.669
220.773
216.193
205.338
209.475
210.257
223.273
206.883
208.1
210.597
221.246
211.46
208.737
206.695
208.931
208.841
209.307
208.425
207.387
212.777
207.475
209.774
207.585
208.266
215.187
209.575
207.387
208.89
211.856
210.03
207.435
206.321
208.294
212.202
206.872
207.447
205.89
212.395
207.388
209.249
208.503
208.797
213.412
206.962
207.825
204.603
207.81
209.722
206.281
209.378
207.302
226.428
207.911
208.042
207.685
207.007
211.795
206.078
208.393
208.25
210.673
209.048
208.335
207.626
208.341
209.495
208.926
213.282
206.639
215.067
207.017
209.053
208.94
210.064
212.774
206.526
209.664
208.52
217.199
210.04
208.079
210.959
208.754
211.371
208.256
207.419
207.199
219.033
207.234
209.419
208.546
218.763
207.34
207.567
207.042
206.342
221.041
206.934
209.23
209.098
221.119
211.095
205.02
206.747
208.983
198.895
222.674
204.434
173.224
202.575
212.604
208.37
207.45
210.326
224.4
206.437
207.865
208.584
225.98
206.649
207.872
208.466
211.414
207.904
206.974
205.868
205.849
224.106
209.271
205.712
205.636
208.202
207.65
210.851
208.604
207.881
223.707
209.759
206.939
206.675
221.007
208.777
204.569
201.769
205.258
223.835
209.672
207.347
209.293
218.18
210.281
208.447
205.469
204.515
220.046
210.657
205.337
209.299
205.225
210.127
207.287
207.377
205.522
222.544
208.526
209.505
204.987
206.441
207.004
212.439
204.58
207.697
219.805
205.205
206.776
205.014
207.384
208.656
206.678
209.315
206.16
218.373
207.037
204.199
208.985
209.672
219.146
207.665
208.269
204.319
220.987
210.138
205.715
208.229
205.445
222.529
203.971
207.868
209.101
221.716
210.527
209.254
209.546
209.415
211.398
208.566
205.002
209.676
217.588
210.826
204.945
212.075
209.392
208.854
204.145
207.715
209.202
222.102
210.591
204.668
208.272
206.151
208.827
206.698
205.109
207.319
221.646
208.376
207.674
205.194
209.899
211.045
207.317
205.092
207.547
221.582
208.196
207.432
206.043
210.619
211.521
210.461
204.783
208.302
219.595
207.935
208.338
204.556
208.599
207.758
202.906
208.977
209.237
225.339
208.379
207.477
205.573
204.24
206.714
206.833
207.635
204.707
222.755
252.007
222.19
223.553
168.446
153.759
149.79
147.396
149.648
147.852
148.163
165.269
150.018
151.152
150.016
150.342
148.166
163.705
150.06
150.882
149.892
150.448
149.395
170.692
149.883
149.623
148.701
150.688
150.328
164.332
150.966
148.968
148.803
150.389
150.296
164.313
151.426
149.077
148.897
149.443
148.529
159.748
152.467
149.93
148.767
148.342
147.844
161.618
152.385
149.385
148.719
148.396
149.123
148.767
162.97
149.856
149.592
148.707
149.053
149.232
161.006
149.772
148.545
149.025
148.465
149.371
161.615
150.788
150.267
150.024
148.722
149.394
161.872
151.701
149.565
148.767
149.564
149.043
152.105
151.243
150.258
149.392
148.626
148.857
149.278
152.759
149.865
150.016
149.559
149.118
149.188
161.486
147.326
174.135
187.18
174.448
184.165
209.637
207.736
209.523
209.299
247.947
210.037
209.355
207.568
222.194
208.4
207.42
209.417
211.859
221.943
205.378
207.469
204.346
218.591
210.63
207.741
205.048
208.527
222.018
208.633
207.714
204.83
220.569
208.92
207.119
207.374
204.039
218.304
207.147
207.605
205.679
219.008
205.131
208.367
204.972
207.802
221.847
208.546
211.129
205.101
220.569
205.224
208.168
209.327
208.043
221.756
206.344
207.765
204.777
216.178
208.87
206.945
206.03
204.827
220.399
206.355
208.166
204.749
219.766
208.988
207.904
205.796
209.446
219.709
206.746
182.309
216.989
227.97
207.383
206.883
206.23
206.08
221.276
215.176
206.236
206.008
220.233
208.056
206.145
206.722
206.201
205.159
205.87
203.2
204.347
221.469
208.206
203.548
208.827
216.935
209.95
208.129
208.05
208.252
220.186
206.665
207.157
206.431
223.696
208.961
208.791
206.847
219.816
206.201
209.383
206.579
202.95
223.374
209.792
206.82
203.448
222.979
207.256
208.146
205.672
205.403
219.308
207.304
206.008
214.335
220.154
205.704
204.2
206.246
218.743
208.797
250.75
250.511
269.437
254.111
250.936
250.896
271.813
249.495
212.259
250.863
269.424
249.235
251.499
257.433
256.564
252.207
251.665
269.668
250.057
254.937
251.475
267.232
249.867
250.677
254.165
253.52
251.121
250.379
269.466
247.994
213.101
205.032
268.96
251.229
242.032
251.734
254.561
253.593
251.795
265.937
255.786
248.816
251.649
268.669
215.206
247.972
252.08
267.978
253.719
252.639
251.13
272.346
249.189
249.4
260.442
255.051
252.732
251.829
267.558
249.826
252.303
251.167
237.785
246.077
251.602
253.512
218.335
255.078
252.985
263.838
257.668
250.756
251.326
264.917
242.496
242.254
258.782
268.313
254.144
251.645
266.382
253.571
255.762
251.328
269.43
253.009
256.527
256.191
257.764
250.759
251.542
269.995
253.279
251.671
251.322
262.368
253.497
255.365
264.478
255.873
250.896
250.834
271.709
250.927
252.123
251.608
256.164
257.25
251.545
263.461
261.199
254.355
251.124
267.807
250.796
254.777
251.051
263.979
256.988
251.091
254.182
256.11
256.411
251.312
267.696
253.826
252.628
251.342
267.672
257.534
250.548
253.785
255.502
252.124
251.569
271.825
249.98
252.26
252.167
271.879
253.858
252.531
251.881
256.167
252.544
253.873
271.391
249.446
256.258
252.633
268.23
250.188
255.317
252.154
255.21
255.187
256.812
267.619
253.644
250.864
255.001
271.409
253.85
255.067
260.024
253.414
251.458
255.521
271.614
253.244
251.836
251.763
268.879
250.79
251.655
274.082
249.156
246.388
247.34
266.729
254.462
250.489
251.203
266.913
250.739
250.627
263.919
256.152
212.6
250.486
267.379
251.061
251.12
250.926
269.015
252.675
250.869
252.973
254.495
260.61
251.205
269.116
249.343
256.151
251.221
268.273
249.59
249.913
252.433
234.929
240.477
250.2
262.997
253.599
252.761
251.374
256.397
249.934
252.089
251.287
261.524
251.221
254.839
267.825
250.195
256.18
252.55
268.105
250.288
254.715
253.752
256.558
251.395
252.964
271.521
250.211
251.214
253.894
267.977
254.289
208.514
205.657
218.793
250.342
212.816
201.904
231.15
249.337
252.089
256.227
270.054
253.115
255.494
251.511
257.149
254.745
251.506
268.287
249.512
194.725
192.444
192.464
178.927
175.215
174.728
173.982
173.778
189.931
172.106
174.031
170.472
172.421
220.912
182.403
177.31
184.674
208.039
236.556
207.72
209.484
205.13
216.226
207.402
211.369
205.583
205.17
212.139
206.567
207.625
205.233
206.611
209.771
206.813
207.239
205.152
218.523
204.855
205.504
207.503
208.064
206.92
210.914
205.663
207.601
221.952
206.656
207.183
210.062
217.931
209.436
205.458
207.164
207.796
221.911
206.316
207.305
206.419
206.619
210.801
207.557
207.125
205.624
220.375
208.625
207.718
206.773
221.789
209.534
207.853
211.189
205.129
220.1
204.872
207.793
204.168
216.737
208.394
209.282
207.967
206.319
219.005
204.896
206.313
211.101
190.161
221.575
212.797
207.486
204.21
190.86
177.815
204.931
204.237
177.575
215.38
210.221
205.76
201.985
180.09
209.192
205.808
203.492
204.282
185.324
206.816
206.359
204.229
167.984
197.484
206.118
201.537
202.283
165.54
172.568
162.319
162.526
161.223
161.1
169.544
184.197
168.588
165.609
164.033
162.632
180.936
199.041
229.07
234.316
234.146
250.397
244.417
245.947
238.891
248.439
242.361
245.317
233.282
233.872
232.2
245.717
248.367
246.256
245.591
246.506
231.166
233.345
232.651
247.395
233.63
234.628
232.662
220.831
209.227
208.588
233.523
236.571
234.085
230.295
231.322
247.697
238.828
231.856
232.054
233.313
234.569
232.806
234.984
232.945
246.767
232.916
241.735
232.373
243.402
232.742
233.564
232.471
243.171
233.492
237.911
233.393
241.044
233.944
234.539
235.309
235.228
232.705
237.773
231.372
239.378
232.614
232.942
236.165
250.243
234.674
233.173
236.539
246.419
232.367
232.582
234.653
250.322
238.416
232.599
233.406
241.215
232.214
232.337
230.947
250.034
239.081
231.782
233.498
247.576
238.966
232.222
231.014
245.998
233.924
233.708
232.912
249.917
241.815
233.972
233.879
245.877
236.605
234.659
237.078
246.628
237.637
232.187
231.128
242.015
243.507
233.655
232.431
246.039
234.158
235.125
232.41
245.381
233.735
239.883
232.525
249.775
237.206
239.658
232.575
246.152
233.39
239.291
233.396
245.487
233.135
238.752
233.296
245.823
236.046
234.271
237.303
232.32
233.916
231.276
240.308
234.848
231.739
233.27
210.904
232.411
247.331
232.924
232.469
232.231
242.073
232.385
232.434
238.879
245.675
232.555
232.407
235.065
242.1
232.431
232.398
235.168
237.996
236.311
232.355
237.216
238.533
231.549
233.661
233.865
248.869
231.276
232.545
233.714
247.869
231.105
232.334
233.455
249.507
235.733
231.185
232.923
227.707
233.727
233.303
232.055
250.637
233.24
233.347
233.063
246.947
235.725
233.19
232.584
239.272
243.161
233.186
232.944
245.688
236.999
235.164
232.515
249.687
237.186
239.83
232.412
249.741
233.41
233.184
232.361
230.665
238.443
237.29
232.712
233.474
237.82
233.683
233.047
243.983
231.212
231.815
231.695
231.643
237.342
233.838
234.269
234.599
238.38
233.11
232.624
232.535
249.945
233.603
234.012
234.391
250.093
231.69
230.8
240.301
249.611
235.417
230.846
234.544
245.564
232.26
233.501
237.524
246.116
231.224
230.968
233.216
240.064
234.971
237.998
233.261
237.015
231.639
237.076
233.42
250.389
232.29
232.567
233.556
248.019
232.178
232.809
233.248
246.439
233.801
232.452
236.836
249.884
239.08
232.234
237.221
246.156
239.098
232.257
230.603
245.694
243.105
233.291
232.461
246.759
233.706
237.319
232.583
249.925
233.299
239.997
232.353
249.941
233.949
233.458
232.512
243.365
232.902
237.162
205.284
384.545
233.207
230.503
232.229
195.872
167.104
203.209
202.001
201.477
183.99
164.197
166.129
180.181
197.105
212.945
166.748
164.425
162.238
164.593
206.783
171.519
194.573
170.004
237.436
219.627
207.596
170.349
162.837
196.241
218.722
204.416
170.367
164.044
162.099
195.037
202.255
168.92
161.371
161.654
161.037
204.411
168.057
160.552
159.733
161.628
174.998
227.838
200.171
238.042
230.803
185.469
165.372
162.91
197.279
201.081
175.428
163.88
161.169
163.993
202.132
191.189
181.772
196.987
182.139
233.927
196.927
180.549
179.598
198.64
232.574
245.229
203.72
173.28
166.415
242.829
235.581
203.217
171.283
165.836
213.213
232.164
225.229
230.625
236.574
234.76
201.697
230.229
235.351
232.173
211.885
169.863
164.062
213.851
234.382
211.665
171.503
162.826
175.828
196.965
254.296
225.021
222.095
225.63
223.825
225.196
198.108
170.715
152.317
151.676
152.531
151.688
152.458
161.839
152.503
152.455
151.981
150.512
156.842
169.343
152.036
151.744
152.062
152.076
151.795
172.407
151.632
151.277
150.592
153.208
150.636
165.304
151.896
152.901
151.491
152.216
151.759
166.991
152.317
152.143
152.534
150.56
152.195
165.229
152.888
151.591
152.239
152.253
152.029
164.649
153.589
151.117
151.762
150.919
153.119
165.788
151.769
152.28
151.979
151.244
152.426
166.079
152.703
152.321
151.992
151.286
150.82
166.622
152.441
152.026
151.259
152.127
149.971
164.904
153.262
152.043
151.822
150.987
164.431
170.084
154.771
151.836
151.277
151.157
152.631
163.54
152.534
150.363
150.179
151.186
151.508
161.77
153.626
150.943
151.167
151.49
151.975
161.803
153.015
153.111
151.22
150.788
151.542
154.025
152.465
152.02
151.189
150.56
151.264
154.712
154.191
152.163
151.571
151.541
151.294
163.457
155.274
151.803
151.608
150.807
152.033
151.193
155.258
150.516
151.8
151.373
152.781
151.415
157.368
151.016
152.282
152.331
151.257
150.369
166.419
152.297
151.812
152.456
151.658
151.03
165.262
152.413
150.555
151.902
150.913
151.701
167.033
151.087
151.388
150.976
152.654
151.8
165.918
151.431
152.047
152.625
153.253
150.222
162.563
152.242
152.327
152.829
151.992
150.541
173.018
150.962
153.31
151.063
150.381
151.048
165.045
152.121
151.488
152.414
151.343
152.45
164.793
152.393
151.307
152.061
152.073
152.337
162.105
152.721
151.539
151.431
151.785
152.1
165.581
151.797
151.544
151.312
151.803
151.503
166.131
152.765
151.758
150.863
151.768
151.733
166.556
152.977
151.676
150.389
151.56
152.149
164.904
153.048
151.62
150.355
151.32
152.005
163.384
152.787
151.737
151.594
151.9
152.002
162.06
153.71
150.813
152.329
152.081
151.741
154.866
154.552
151.707
151.296
150.943
151.274
167.274
203.655
184.896
183.718
210.098
176.002
157.296
152.135
151.705
151.966
150.883
161.71
153.589
151.705
152.553
152.423
152.198
168.862
155.08
202.228
160.708
230.472
177.523
155.307
152.289
152.925
152.189
152.037
162.617
154.679
152.964
151.201
152.08
151.412
161.935
154.275
152.584
152.404
151.745
150.955
164.342
155.502
151.96
151.117
152.353
151.274
162.088
153.74
151.857
152.503
151.785
152.198
151.34
154.962
151.334
151.966
150.604
151.689
151.391
155.945
151.862
151.587
152.48
151.668
152.444
166.905
151.507
151.628
151.361
151.55
151.541
165.456
152.495
150.459
150.604
151.571
151.232
165.003
151.114
151.756
151.196
152.155
151.253
164.985
151.812
151.083
151.462
151.885
151.638
156.86
152.176
152.651
152.904
152.113
152.453
166.305
152.994
150.668
150.505
151.57
152.955
164.547
153.352
150.913
152.335
151.762
151.68
164.349
153.136
151.274
151.713
151.521
151.1
165.336
152.398
151.564
151.544
151.07
152.412
165.139
152.173
153.18
150.174
150.679
152.58
165.447
152.249
151.671
152.808
150.753
151.137
164.404
153.566
151.909
151.883
152.14
151.744
162.242
153.54
151.938
153.005
151.198
152.855
161.506
152.477
151.187
153.605
152.105
151.166
169.308
154.931
152.319
153.445
152.42
150.639
162.055
154.074
152.946
152.143
151.755
152.31
163.635
154.384
151.883
151.575
152.901
152.384
165.439
154.847
151.631
152.453
150.777
153.466
162.883
153.718
151.659
152.638
151.731
151.692
164.851
154.69
152.788
152.555
152.056
152.42
163.616
153.943
151.758
152.293
152.694
151.834
164.17
155.575
151.758
150.899
151.909
151.551
162.025
153.637
150.155
151.334
151.358
150.903
150.397
155.075
147.057
145.337
145.007
146.027
143.741
226.651
186.221
242.575
174.07
217.755
213.22
207.631
208.727
204.049
235.19
182.128
177.352
183.217
160.403
172.935
158.984
156.654
156.4
157.138
158.228
166.605
159.5
159.861
158.84
157.33
171.671
160.721
158.829
157.168
158.152
157.412
169.28
181.024
194.79
176.049
175.391
183.738
178.411
174.983
174.964
174.756
174.394
186.591
176.228
174.081
174.719
176.004
187.602
175.674
174.233
173.897
174.536
187.397
176.573
174.258
174.311
173.867
175.565
188.697
175.722
174.002
175.301
174.488
189.803
173.927
176.126
173.349
175.789
189.602
177.754
174.375
175.361
174.994
175.498
187.084
173.686
174.264
173.743
173.409
189.165
175.782
174.025
175.559
173.883
187.385
177.325
174.973
176.33
173.771
174.613
189.275
175.704
173.857
175.119
174.321
187.947
174.937
173.815
174.345
174.465
187.958
177.492
174.185
173.336
175.794
174.997
189.235
175.364
174.919
175.548
174.561
186.826
172.504
171.06
195.424
186.339
199.831
189.286
189.34
188.694
208.381
225.001
206.943
204.991
207.288
212.462
211.24
204.799
205.416
207.218
220.668
206.92
205.322
205.352
211.969
211.715
208.512
205.395
206.164
222.158
206.278
208.333
205.331
222.823
209.503
206.926
209.262
257.758
224.801
227.379
212.541
208.677
223.924
204.363
203.09
204.501
206.892
211.124
210.285
207.649
209.352
212.803
207.758
205.731
205.328
207.9
208.94
207.589
208.898
207.494
211.178
211.115
207.407
211.816
223.019
211.731
206.472
207.013
207.678
212.664
207.926
209.297
207.204
220.504
209.203
209.151
207.774
212.558
209.854
195.706
208.488
208.825
170.612
192.944
206.292
204.494
204.915
200.276
209.981
207.251
207.548
205.99
219.198
207.553
207.728
209.313
220.077
209.908
207.475
207.925
206.627
211.142
206.689
198.838
194.326
207.16
195.856
208.841
207.926
196.528
220.32
205.831
194.656
197.499
195.962
209.235
197.53
193.599
204.552
213.042
197.001
194.182
195.608
207.879
211.695
210.69
206.384
206.038
205.109
209.373
206.296
207.475
206.959
221.68
207.365
240.339
234.109
236.138
166.733
163.44
161.376
161.416
161.908
189.136
166.408
162.562
163.027
162.813
207.347
213.854
225.584
221.233
227.516
212.722
206.566
206.811
208.668
220.668
199.104
206.569
193.083
195.555
199.169
205.813
207.291
196.406
210.139
198.324
194.727
193.553
193.748
209.24
199.122
197.012
198.743
195.866
200.241
171.107
166.055
164.854
163.835
175.559
168.574
166.001
164.397
164.802
164.364
177.43
165.705
164.173
164.638
165.431
165.507
180.879
165.217
164.538
163.967
165.463
168.989
166.99
164.646
164.064
163.542
165.628
179.288
167.057
165.309
165.537
164.479
165.443
180.313
166.804
165.426
194.323
194.305
209.07
194.788
194.265
195.883
194.754
210.626
208.707
206.323
206.198
224.138
208.565
207.877
206.965
206.065
211.465
206.433
205.974
209.044
219.114
196.864
208.523
206.049
207.776
211.014
206.593
207.381
206.797
219.152
210.299
170.446
211.443
209.791
213.975
200.246
202.07
202.138
202.117
217.282
199.817
206.789
206.568
221.511
208.699
200.538
204.122
208.544
200.708
197.41
209.683
202.501
217.27
207.27
205.898
207.308
204.2
220.474
206.243
203.555
206.834
203.138
220.895
202.936
204.47
204.047
230.385
204.4
204.804
206.615
202.776
194.877
204.909
192.187
205.743
205.32
194.221
223.059
184.333
165.469
157.245
163.494
162.528
161.699
162.09
162.906
170.696
172.332
165.169
164.48
165.325
165.81
184.109
204.073
204.083
205.56
205.794
215.831
168.814
164.688
204.862
215.651
207.626
205.579
169.313
163.497
164.976
178.592
164.422
163.525
164.832
164.574
175.31
165.737
165.612
165.737
164.26
164.769
180.42
166.169
163.725
165.882
165.989
175.078
166.847
164.558
164.787
164.279
163.789
177.731
166.735
164.177
164.297
163.343
164.891
178.302
164.865
164.531
165.539
163.063
179.037
167.883
165.821
163.863
163.495
164.22
180.745
165.123
164.267
164.16
164.051
163.862
181.412
164.578
165.65
191.127
191.703
203.917
170.996
165.282
164.136
203.966
206.807
193.638
193.844
191.722
192.233
215.572
204.744
191.234
205.89
191.037
181.175
167.729
164.119
202.047
203.665
174.204
165.132
163.61
163.439
163.818
177.193
166.175
163.226
164.673
164.333
164.985
175.766
164.037
164.844
163.645
163.595
178.038
168.113
165.461
162.865
163.714
203.683
211.504
202.096
204.652
206.114
215.529
205.338
248.076
190.421
162.211
176.419
161.542
159.378
160.2
160.871
159.744
173.281
160.561
159.929
160.323
159.992
159.584
165.794
161.382
160.498
159.397
158.692
172.124
163.093
160.098
159.09
158.26
159.394
173.346
160.197
159.836
159.048
159.598
159.818
173.571
160.284
160.026
158.976
160.648
172.403
160.574
160.781
161.9
159.631
160.591
172.747
159.854
159.41
161.163
159.15
158.392
174.696
159.662
160.39
160.185
160.113
159.322
173.369
159.203
159.537
159.982
159.264
162.652
162.926
158.609
160.267
160.32
160.891
172.934
159.251
160.249
160.086
160.435
159.346
185.415
177.885
170.021
168.293
168.792
180.214
166.911
167.559
166.786
209.733
219.835
210.41
207.682
206.587
209.896
220.462
208.395
210.791
207.985
221.185
173.414
169.195
209.002
170.183
215.968
170.839
192.483
170.063
168.222
167.62
183.878
166.531
166.655
168.134
167.544
182.074
169.185
167.486
166.845
167.035
166.395
184.623
206.43
204.221
205.258
185.158
212.669
206.586
208.078
207.477
201.502
211.264
208.256
211.588
218.344
210.524
206.862
207.108
195.86
212.092
260.166
211.484
198.962
178.883
171.979
168.604
169.459
168.767
168.726
180.325
169.371
168.496
166.301
168.007
178.835
170.802
169.087
168.868
168.509
169.075
178.373
168.463
168.696
169.699
168.81
179.287
169.706
168.532
169.116
167.279
168.52
179.332
168.034
166.698
167.759
168.172
178.939
169.753
168.023
168.159
169.128
167.637
173.218
169.579
166.189
208.576
210.556
223.657
210.836
211.194
211.838
224.944
211.83
211.922
213.458
207.157
210.822
207.733
208.356
209.552
224.372
210.04
206.945
210.171
209.045
220.128
172.497
166.251
168.122
168.193
179.497
167.023
167.768
166.18
167.846
172.882
169.88
167.603
168.601
207.678
220.436
211.016
208.134
210.991
208.57
224.301
207.952
210.887
209.207
220.229
209.362
207.934
205.998
209.499
222.673
201.519
210.043
210.077
223.774
199.435
199.641
197.965
196.145
212.236
198.976
198.034
207.339
221.411
201.557
208.529
208.229
208.65
213.062
207.518
206.548
207.79
221.672
210.658
211.814
208.66
210.006
223.643
208.586
212.161
208.196
222.809
208.24
210
208.851
208.794
221.388
211.948
207.982
207.634
224.685
211.514
209.957
208.525
208.189
225.462
210.645
205.956
209.442
224.016
210.064
210.194
208.216
221.826
211.775
208.496
209.956
208.196
214.234
207.952
207.738
210.195
212.178
210.755
171.904
165.796
166.376
168.834
181.405
169.625
166.27
167.553
165.541
204.281
173.356
169.489
169.298
167.113
167.111
220.413
202.304
204.512
215.634
248.129
234.478
220.704
234.225
245.467
285.449
283.14
299.869
245.387
231.74
241.751
244.461
246.983
246.484
232.259
234.828
239.802
232.105
237.032
234.147
230.368
234.559
247.305
238.481
232.018
228.712
233.378
234.947
234.593
230.997
233.346
245.127
233.998
236.544
233.61
245.767
231.787
236.315
233.647
247.014
232.926
234.903
233.871
246.547
232.447
237.287
240.136
246.217
231.499
234.671
233.548
237.457
231.781
234.598
237.615
226.596
233.612
233.138
232.522
256.778
233.575
233.613
232.602
248.428
233.519
234.256
232.438
223.29
243.513
232.278
237.078
245.901
233.938
232.539
237.441
245.553
243.288
233.08
233.149
245.938
232.417
232.446
232.893
250.49
242.831
233.414
232.5
296.668
285.19
283.302
299.782
285.016
283.358
287.776
283.536
283.461
287.534
246.431
233.685
232.511
239.394
238.95
233.835
237.491
238.103
231.626
236.287
233.367
250.349
236.108
232.499
232.054
250.391
232.172
234.229
232.287
250.544
233.042
233.249
230.278
283.932
243.318
233.932
235.979
209.948
202.739
198.236
190.626
189.536
178.405
176.728
178.676
176.19
187.108
185.145
179.463
177.406
175.758
185.015
188.009
178.02
176.15
184.395
178.967
189.642
179.128
174.121
164.273
163.444
175.975
166.275
163.668
161.672
162.606
163.093
175.195
162.955
159.866
176.575
209.395
196.01
162.465
158.254
158.429
157.64
157.169
167.993
158.037
155.343
155.259
155.725
155.331
174.999
159.698
156.638
156.093
155.327
156.27
172.285
157.893
156.034
155.806
155.372
154.853
170.899
156.456
156.583
154.862
155.875
155.547
170.568
158.415
156.547
156.573
155.888
155.346
175.258
162.696
157.65
156.322
155.421
156.642
180.504
190.242
178.867
178.218
163.771
176.33
164.234
163.75
160.95
161.078
160.675
175.404
165.215
160.646
160.787
160.842
160.868
174.729
162.837
162.964
161.954
161.136
173.105
163.548
163.589
161.459
162.085
161.343
175.431
162.155
160.868
161.415
163.742
159.649
174.044
162.519
163.277
164.275
160.667
161.301
185.56
162.7
161.98
161.752
161.069
184.168
174.566
223.383
229.588
207.87
249.458
232.143
227.195
215.943
214.226
234.373
228.518
228.222
246.2
283.178
245.921
222.934
224.297
227.805
230.766
205.516
221.121
227.379
230.459
233.265
246.017
229.059
232.164
228.79
248.306
233.915
228.514
231.978
244.928
230.399
233.123
233.517
243.835
233.616
232.778
232.5
249.94
227.147
212.126
222.792
214.053
227.076
227.896
202.077
175.214
182.416
163.207
162.205
161.636
159.779
157.801
172.651
159.157
159.497
159.236
158.745
159.148
175.445
159.106
158.12
158.301
158.822
158.177
168.008
154.137
152.461
152.757
152.496
152.778
174.595
161.186
158.375
159.271
159.046
158.938
161.433
158.595
158.074
158.356
158.693
168.473
160.864
157.292
201.35
173.306
179.589
181.238
165.83
164.264
165.446
166.044
165.966
166.561
164.399
163.592
162.943
164.356
175.686
163.957
164.2
169.376
167.237
164.694
178.267
166.693
164.216
164.955
164.217
163.233
182.141
162.757
162.151
162.383
163.521
175.935
165.827
163.965
163.437
162.736
163.776
177.389
164.991
161.971
162.92
162.733
162.368
177.572
164.251
163.752
163.325
161.539
171
166.605
163.966
163.95
162.044
163.812
177.406
163.872
162.943
162.655
162.682
162.342
175.418
166.476
163.595
162.738
163.249
164.634
179.568
163.796
163.487
162.819
164.2
177.977
164.735
163.578
164.035
162.548
162.508
177.604
164.092
163.786
162.982
165.353
163.165
175.401
163.421
163.735
163.492
162.014
173.813
165.756
163.775
164.219
163.563
163.581
174.92
165.436
163.227
163.92
163.048
163.22
176.888
164.377
163.37
162.853
162.846
163.261
178.188
162.85
162.739
163.733
164.534
177.532
165.564
162.541
162.959
162.826
163.725
175.299
164.847
162.771
163.144
165.322
163.485
168.035
163.168
161.74
163.013
164.787
162.028
178.336
163.07
163.826
162.318
163.334
176.631
166.928
162.003
162.515
162.555
162.67
177.365
164.028
162.696
162.756
162.651
164.02
176.58
162.59
161.61
162.028
162.353
162.017
166.666
161.694
163.976
162.653
162.001
174.479
166.018
162.684
163.32
162.421
162.632
178.047
163.199
162.646
163.028
160.889
161.987
175.424
164.966
165.316
163.509
162.635
171.532
164.267
164.13
162.282
162.565
162.145
173.89
164.73
162.767
162.571
163.043
163.434
176.802
161.209
162.207
162.118
162.726
161.909
177.599
163.818
163.087
161.439
162.892
173.025
165.219
162.48
163.46
162.432
163.818
175.361
164.215
163.304
163.779
161.84
162.113
176.374
163.912
162.169
162.609
162.471
162.477
176.258
162.367
162.678
163.274
162.519
174.312
169.139
164.447
164.129
163.216
163.244
175.518
185.951
177.292
177.93
176.717
179.111
177.061
176.119
218.712
218.869
221.169
207.281
217.503
217.753
237.222
218.93
215.718
216.203
217.436
237.931
218.169
217.069
218.456
224.319
218.079
205.573
203.622
215.936
199.047
190.477
189.472
189.879
212.724
229.924
196.886
193.296
193.575
210.769
195.13
196.309
192.485
197.038
184.251
178.883
179.995
177.379
182.627
178.897
178.188
178.649
176.69
195.49
176.763
177.971
178.207
216.023
183.117
179.184
178.284
178.113
191.274
179.445
178.328
178.659
190.995
180.916
178.875
178.342
177.777
191.956
170.335
169.65
169.755
169.639
192.547
177.506
176.844
175.799
211.788
180.602
177.563
180.173
176.496
190.495
174.772
175.935
174.948
174.22
180.254
176.018
175.04
175.847
178.773
186.447
175.445
174.779
176.53
175.869
178.709
175.442
175.665
173.941
191.257
202.083
188.356
188.61
187.227
207.424
190.635
189.09
188.54
204.034
189.563
188.661
187.8
205.54
182.122
175.882
176.129
176.41
176.604
193.118
177.122
188.205
189.106
202.438
197.161
197.93
181.322
176.69
190.226
175.524
175.505
176.529
176.032
178.321
176.668
174.314
175.621
186.586
176.575
171.504
164.39
166.12
189.385
178.757
174.615
169.469
194.174
200.627
187.882
180.397
180.122
179.294
188.979
193.299
191.635
187.746
188.504
200.293
189.842
191.37
188.614
188.373
206.331
189.589
185.851
186.011
184.047
222.575
235.134
235.887
237.95
253.433
234.595
236.478
225.061
211.097
191.388
190.526
190.242
188.684
196.911
188.042
184.317
183.237
183.218
197.129
185.653
183.654
184.143
183.899
214.559
192.372
192.45
190.522
189.781
199.935
188.783
191.052
189.994
187.839
207.743
187.863
190.658
190.724
196.982
232.852
226.17
228.451
188.448
232.854
190.041
198.931
210.066
196.35
192.591
192.353
194.065
192.54
209.469
195.073
193.546
192.079
190.509
206.953
187.568
186.191
184.811
182.429
203.424
193.496
193.86
193.49
191.169
201.697
192.195
191.378
191.728
188.398
206.134
194.953
192.04
193.276
191.364
208.784
185.818
185.148
184.865
182.61
217.362
193.162
192.236
190.293
200.772
196.153
193.734
192.3
190.276
206.158
196.129
192.982
193.277
191.508
205.108
195.91
202.159
199.144
197.223
199.401
185.857
184.51
185.86
186.128
200.128
184.477
182.646
183.574
180.615
202.983
186.933
185.128
184.438
184.529
198.492
185.797
185.064
185.58
185.322
196.941
184.964
183.02
183.869
184.961
200.249
183.474
182.652
181.285
181.67
206.365
188.347
185.018
184.297
183.722
197.145
179.648
179.627
187.295
184.393
197.993
186.195
183.193
184.396
185.152
199.721
183.969
191.19
182.513
181.524
205.066
188.515
184.184
183.407
183.153
201.126
191.348
189.066
187.635
187.942
204.336
189.9
186.545
184.775
186.796
200.901
186.248
184.068
184.453
185.552
209.015
191.25
187.575
187.285
185.818
206.405
187.855
186.959
187.003
188.326
198.215
187.394
188.86
188.116
186.693
196.186
184.48
185.123
186.177
183.977
209.202
192.701
188.814
186.318
185.055
209.758
188.673
186.897
185.186
187.662
201.142
187.421
187.611
187.153
184.707
199.528
182.065
181.034
181.286
181
205.009
186.034
189.225
188.602
187.775
206.201
187.604
187.626
189.177
186.857
202.429
188.116
187.148
186.976
187.041
187.054
182.973
185.313
180.846
180.77
200.567
178.595
179.157
178.564
186.003
227.767
231.729
227.937
227.499
213.509
202.949
159.384
178.272
220.212
185.536
164.658
158.164
157.632
157.77
196.459
173.641
170.609
169.854
169.479
177.901
180.062
169.881
174.942
169.312
166.403
176.598
165.638
165.487
164.145
165.18
172.678
191.888
165.213
159.698
161
159.402
210.898
194.348
194.666
194.829
193.263
204.721
193.827
169.319
164.831
164.02
191.861
163.291
160.287
158.646
159.15
157.316
219.337
161.857
186.699
194.359
186.928
207.054
183.464
186.465
183.012
185.054
202.576
187.307
185.307
186.542
184.026
188.603
183.906
176.681
175.085
177.239
191.585
175.544
174.984
177.776
179.03
188.499
176.273
176.016
175.632
177.41
188.805
176.621
174.722
174.001
173.391
186.098
180.433
174.566
174.435
177.031
175.167
189.369
175.881
175.929
176.669
175.391
194.706
178.432
177.514
175.519
173.629
183.13
216.498
209.052
209.076
212.89
222.248
234.974
274.546
284.138
286.113
283.166
285.441
260.161
283.281
295.982
282.73
246.085
256.167
291.767
247.284
270.31
213.342
201.56
209.338
250.475
302.898
205.928
259.155
209.321
210.464
203.885
200.259
202.828
215.815
187.54
1650.35
260.898
206.877
199.659
185.415
185.61
179.063
178.684
179.184
177.926
190.348
177.062
184.796
184.257
182.398
220.42
204.013
185.172
182.398
180.966
207.926
181.202
180.164
179.434
180.273
196.97
178.098
182.001
182.549
186.783
203.281
185.831
184.26
184.151
183.608
176.925
157.987
156.296
155.133
155.25
154.476
165.58
158.909
159.168
159.385
158.374
175.187
159.933
158.171
159.662
157.909
158.56
172.07
160.715
158.979
158.302
157.081
158.897
174.718
155.211
155.616
155.404
156.871
155.556
175.401
165.719
191.597
164.566
149.937
173.902
150.705
147.757
164.64
183.674
180.436
201.986
189.699
183.496
185.071
187.994
210.134
179.374
183.441
178.52
183.742
217.784
243.561
207.459
187.215
174.436
150.748
149.89
147.366
147.702
148.593
159.895
152.047
151.05
148.301
147.66
147.391
161.293
150.079
143.45
142.275
141.461
141.018
141.251
177.765
151.612
148.027
146.43
147.568
146.422
164.301
150.419
147.525
146.833
146.253
147.179
163.405
150.931
148.5
147.522
146.897
147.083
162.259
153.841
149.474
148.277
148.154
146.697
147.035
165.324
223.416
311.228
165.977
166.977
151.348
150.196
149.958
149.889
147.832
160.364
150.75
150.037
149.089
148.744
147.191
164.896
152.882
148.43
149.42
149.379
150.039
160.258
207.727
181.793
177.446
194.038
228.371
197.353
394.182
172.648
182.622
205.396
222.499
232.207
218.152
224.106
239.88
250.397
